20170101
7.67,-2.24
12.28,5.69
12.75,-3.97
-1.88,-7.37
-6.09,-14.72
-9.88,-16.36
-8.63,-16.97
-5.7,-15.44
4.24,-6.57
12.56,-1.77
17.91,-0.29
18.48,-1.49
1.34,-1.32
2.45,0.04
3.42,0.04
14.83,3.28
15.26,2.77
4.72,1.59
10.26,2.23
14.76,7.42
18.08,5.66
16.03,6.17
8.8,3.71
6.89,1.69
14.69,1.53
2.4,-1.36
1.62,-4.09
1.36,-3.89
-0.46,-7.01
6.61,-7.64
7.72,2.85
5.89,-2.57
1.81,-5.6
-0.77,-11.74
4.43,-11.62
10.7,-2.71
15.8,-1.55
15.85,2.38
5.25,-4.72
-2.89,-9.63
11.98,-5.01
18.47,8.91
15.29,-2.89
9.34,-2.98
11.48,1.28
6.88,-2.44
8.56,-0.4
19.57,3.49
17.6,5.42
15.98,1.7
19.51,3.39
18.21,8.65
19.8,11.6
20.63,12.98
24.66,2.4
1.84,-6.55
8.41,-5.66
10.25,4.34
17.82,7.81
15.35,0.79
7.03,-2.04
3.67,-3.04
9.31,-1.69
19.27,-0.29
16.95,9.27
13.51,4.88
15.86,1.68
20.88,0.49
5.97,-4.26
2.47,-6.43
3.39,-5.62
2.92,-4.93
0.1,-7.14
1.34,-8.11
6.08,-6.78
8.55,0.66
5.88,-0.8
10.15,0.58
15.94,4.15
16.5,-1.1
6.21,-2.13
15.21,-1.39
23.95,12.73
24.91,13.44
18.61,6.63
19.98,7.55
15.09,8.32
16.31,7.8
24.79,11.07
12.74,4.47
10.4,2.35
18.61,4.52
20.6,11.98
19.32,8.12
23.13,5.04
8.32,1.34
13.12,-0.66
18.27,2.7
25.26,9.85
25.85,14.86
19.19,5.25
20.42,6.76
25.8,8.43
27.84,12.2
27.83,16.34
26.61,12.55
21.17,9.11
25.15,12.21
27.4,16.52
27.29,9.71
15.81,7.28
13.02,5.2
19.31,6.32
23.92,9.16
24.43,12.26
28.51,15.31
18.22,7.2
20.75,9.41
26.36,15.1
25.53,13.14
17.11,7.66
18.47,4.35
12.89,7.26
13.76,7.22
10.44,4.35
16.36,3.31
17.05,0.61
18.37,5.2
18.87,10.76
28.58,13.36
20.18,11.65
18.95,6.91
23.35,10.49
27.49,13.12
28.14,13.96
29.33,17.47
28.52,20.78
28.48,18.15
27.92,15.26
26.97,14.96
25.03,8.68
21.92,9.48
23.5,13.27
18.1,13.21
17.62,10.4
26.17,14.56
28.13,16.8
23.62,14.88
27.48,13.51
26.21,12.27
26.64,10.27
26.36,10.21
28.59,12.08
30.57,14.3
30.63,18.84
29.58,14.73
24.93,11.65
19.89,10.2
24.18,10.7
28.09,14.22
29.32,16.57
30.89,18.5
32.41,21.2
29.34,19.13
29.6,19.07
27.55,18.22
30.53,18.54
30.71,20.81
27.82,16.56
26.89,14.91
28.7,17.4
31.45,20.3
27.76,20.94
24.61,16.43
25.31,11.41
25.15,11.12
23.37,10.27
23.39,10.72
26.99,16.19
30.59,20.72
28.92,19.55
28.67,16.75
29.65,16.68
30.69,18.77
29.8,18.96
29.2,20.38
25.87,18.54
30.72,16.76
27.43,13.61
28.58,17.32
29.35,21.5
26.44,19.81
31.91,21.95
30.25,21.74
29.12,15.03
27.89,15.81
29.69,17.38
30.5,19.47
31.49,18.19
30.96,19.8
32.15,22.08
32.77,22.57
32.65,21.32
29.32,19.29
29.04,16.04
27.42,15.59
29.74,17.95
28.46,22.08
27.97,15.33
25.86,13.0
28.35,15.18
29.71,17.46
28.65,17.67
28.89,16.9
29.7,19.04
24.0,10.94
25.17,13.56
22.19,16.81
24.74,14.08
26.46,11.19
27.42,13.41
28.91,15.45
27.57,16.9
26.88,13.32
27.91,15.64
27.63,17.23
30.4,18.38
31.7,20.74
30.69,20.54
29.01,18.33
30.86,18.39
31.73,19.2
31.71,20.96
28.23,14.92
26.17,11.16
25.69,11.67
25.09,10.83
25.59,11.8
27.47,14.06
26.25,16.31
25.81,14.52
27.45,15.46
27.15,14.89
15.82,12.55
20.05,12.44
27.13,13.32
30.17,15.84
22.8,8.72
19.61,8.03
20.62,8.15
24.6,9.54
22.93,8.54
22.76,8.56
22.48,9.26
20.82,14.33
18.05,15.84
22.33,12.59
27.1,12.95
28.51,15.22
29.68,16.9
27.78,19.29
26.53,17.7
30.07,18.23
32.23,19.01
32.33,17.62
32.13,16.66
32.46,15.11
31.58,15.34
31.89,17.05
29.36,12.06
23.01,8.03
25.02,7.65
22.89,5.95
23.46,7.0
26.34,10.71
28.6,13.77
26.18,17.13
22.72,17.12
26.6,17.59
28.11,13.62
20.06,14.46
22.2,15.13
22.14,16.06
19.11,14.06
17.88,12.24
23.04,11.82
28.12,14.45
22.93,7.36
16.93,3.24
19.8,3.53
20.9,4.86
23.82,7.08
25.05,7.61
23.98,9.84
25.42,13.24
17.25,7.82
10.9,5.22
10.92,-0.17
16.89,0.11
14.04,2.0
4.39,1.51
4.02,-0.99
7.5,-0.19
7.51,-0.05
15.21,2.23
19.84,12.68
15.97,6.34
18.98,8.56
23.27,9.07
12.1,6.42
9.31,4.16
11.49,-0.75
13.31,-2.06
2.6,-4.27
6.48,-3.64
8.57,1.87
7.06,0.87
11.39,0.4
9.82,0.65
4.03,-0.38
15.37,1.08
18.17,2.3
3.44,-3.82
9.66,-3.47
13.37,-2.83
4.77,-4.84
8.12,-2.81
14.03,-1.58
14.94,-2.51
12.05,-2.79
17.39,0.31
17.66,4.11
14.84,2.83
12.14,-2.7
11.98,-2.79
12.95,-2.05
14.73,-1.6
18.03,3.47
9.13,-2.49
7.01,-2.51
-0.39,-8.53
0.05,-9.06
-0.78,-6.93
2.76,-6.89
8.11,-4.78
-0.36,-8.36
7.15,-6.1
-0.92,-6.98
1.07,-5.19
10.57,-0.84
7.08,2.58
7.8,4.89
9.33,1.26
8.84,-2.32
12.56,-2.05
12.25,2.58
3.26,-1.25
1.1,-6.55
-2.43,-8.5
-5.99,-16.83
-9.27,-17.24
-5.85,-13.01
-4.18,-7.82
-6.59,-15.51
-9.63,-19.18
-12.77,-22.24
-8.4,-22.22
-4.25,-17.45
-7.57,-18.57
-8.89,-20.56
-7.09,-20.39
2.67,-10.5
2.9,-0.21
4.93,-0.68
14.62,3.91
14.28,-1.09
-0.13,-10.27
-5.25,-15.92
-5.76,-16.11
-2.36,-16.16
-11.92,-17.67
-5.69,-14.14
0.5,-12.4
4.08,-7.17
8.82,0.11
12.32,5.82
13.24,2.46
3.6,-0.95
-0.37,-6.15
7.57,-5.62
14.0,-0.27
9.66,-2.52
11.31,-3.28
1.25,-5.04
0.63,-5.78
11.32,-0.99
6.16,-11.24
-4.28,-11.88
4.32,-6.57
3.22,-10.67
-2.45,-10.86
-0.38,-4.23
-0.64,-8.81
0.05,-8.34
10.2,-1.4
4.81,-0.93
1.35,-6.64
3.99,-7.06
6.72,-5.09
14.83,5.38
19.69,8.23
7.25,-1.94
2.35,-1.49
12.07,-1.26
22.81,12.44
25.18,11.44
11.18,3.4
10.89,3.77
15.98,7.53
14.93,6.74
9.19,-1.15
12.93,-1.24
16.31,0.32
13.27,9.46
14.13,-0.15
9.09,-3.25
10.01,-2.6
10.51,-1.37
8.59,-0.38
13.64,-0.63
3.85,-2.61
-0.45,-4.95
6.42,-4.12
10.06,-1.38
6.63,-2.27
5.08,-4.39
4.5,-5.33
5.12,-4.82
13.87,-3.43
8.02,-2.87
6.32,-2.34
14.33,-0.96
16.64,-0.32
2.52,-2.27
4.32,-4.73
7.72,-4.18
10.18,-1.98
1.78,-2.67
7.95,-2.16
14.35,3.01
13.02,9.79
13.98,10.27
14.51,5.08
9.33,-0.08
15.26,1.35
9.1,-0.75
9.48,-0.5
22.77,1.17
2.67,-3.66
10.36,-1.98
14.45,-2.36
5.77,-4.9
6.09,-2.19
5.49,-1.63
6.85,-2.01
17.95,0.43
26.31,13.46
26.65,15.84
20.23,11.65
12.03,0.71
2.0,-0.58
9.96,0.58
21.62,1.7
12.74,-0.72
16.08,1.48
17.48,5.52
19.04,8.66
14.44,9.73
13.4,10.63
18.94,4.07
19.83,4.1
21.06,6.03
13.66,-0.09
16.69,0.62
22.84,4.66
27.28,13.86
28.55,18.49
25.5,17.39
26.22,13.22
19.35,11.49
26.81,9.88
22.58,7.32
25.48,9.52
28.11,15.36
28.08,14.26
29.85,17.5
29.02,16.57
30.83,17.82
31.97,20.19
30.93,18.64
25.1,16.03
27.79,17.18
23.2,18.04
25.24,16.9
29.97,17.77
29.31,18.37
29.07,14.41
26.96,13.3
27.95,13.18
30.18,17.95
29.56,18.41
32.14,18.65
32.72,19.84
30.7,21.62
26.89,20.34
28.92,19.45
28.95,17.79
29.91,19.35
26.76,12.3
24.57,11.63
28.39,13.34
25.77,14.38
30.51,17.98
31.47,17.54
32.15,17.5
25.26,18.06
25.51,18.51
26.97,19.74
28.69,13.68
28.43,14.68
30.74,17.88
33.31,20.61
33.7,21.5
32.99,22.44
32.58,20.82
30.25,21.46
25.97,18.65
24.82,18.25
24.53,17.55
27.8,19.57
23.66,19.57
24.75,19.3
28.33,18.26
30.16,19.27
31.83,19.78
32.49,22.16
32.38,22.39
31.79,21.63
30.79,21.75
33.8,22.47
33.36,21.31
27.94,13.37
27.25,14.17
30.79,17.15
32.22,19.36
32.49,20.41
29.38,15.25
29.12,15.44
31.5,17.17
32.74,20.22
29.13,21.2
29.85,19.8
30.31,14.56
29.59,15.14
29.72,17.63
27.29,18.12
24.4,19.06
26.44,16.6
25.48,16.49
27.87,16.79
29.75,16.75
29.16,16.28
26.37,13.95
26.81,14.82
26.96,17.73
24.33,18.7
24.19,17.48
26.26,16.05
28.49,16.62
29.78,19.33
31.47,19.8
32.07,20.18
31.75,20.26
29.73,20.55
29.39,17.94
29.11,18.88
29.97,19.71
29.38,16.69
29.37,16.73
29.05,16.74
30.01,19.02
25.53,19.82
26.59,20.54
27.03,20.0
28.43,18.43
29.5,19.07
28.39,19.76
26.93,17.44
24.57,11.52
26.04,12.41
24.64,14.02
27.38,20.31
32.02,21.83
31.88,21.68
32.22,21.76
30.65,19.24
28.12,17.23
30.45,18.12
28.97,19.56
31.61,20.81
32.78,20.85
33.33,20.58
32.6,20.92
30.96,20.51
26.71,18.09
18.85,14.43
16.06,13.26
19.03,12.78
22.45,13.59
23.15,15.31
29.39,16.45
30.8,17.42
30.93,19.29
29.68,20.22
29.4,18.5
32.24,18.7
32.17,19.5
32.7,20.53
30.6,14.74
16.75,12.79
24.27,13.17
21.3,16.75
25.19,18.98
21.49,11.11
16.19,7.4
22.77,8.19
22.02,9.7
26.93,12.02
29.05,15.1
29.53,19.3
30.36,19.78
26.33,17.69
30.39,18.33
30.99,17.88
31.25,18.56
30.94,19.74
30.29,19.16
24.56,11.96
16.08,2.25
12.04,2.8
12.13,3.9
13.05,7.26
12.28,1.46
12.04,1.58
16.08,-0.4
14.31,-0.29
13.84,1.18
16.75,-1.63
11.61,-1.24
18.95,1.82
16.92,1.01
13.92,1.52
13.88,3.62
9.11,6.23
11.29,3.97
18.03,3.39
16.25,2.46
20.56,4.97
18.19,8.54
10.87,5.04
7.86,0.43
13.38,0.42
16.15,6.86
15.68,9.53
15.3,3.35
12.03,-1.27
6.26,-0.47
6.57,-6.18
2.3,-6.92
6.74,-5.81
6.93,-0.28
2.18,-5.87
0.38,-5.8
1.18,-1.61
3.64,-0.83
7.14,1.17
10.32,0.96
5.2,2.03
3.33,-2.45
7.95,-3.21
9.41,-2.76
10.83,-1.29
12.67,0.62
14.32,0.55
2.32,-4.99
-3.98,-7.17
0.01,-7.69
5.04,-0.87
10.16,4.56
14.21,7.15
17.25,3.73
4.36,0.31
1.16,-2.18
-0.45,-3.82
4.67,-6.78
2.76,-7.41
-2.51,-6.39
3.96,-8.26
0.4,-9.51
7.1,-7.75
10.22,0.36
9.36,3.02
10.6,5.46
8.17,3.14
9.24,-0.62
8.71,-3.67
7.26,-3.97
11.69,-1.99
8.5,5.0
6.25,-0.54
4.11,-1.69
2.49,-3.1
6.41,-3.21
7.69,-4.39
8.94,-3.98
13.29,3.94
13.97,-0.19
1.96,-2.83
6.11,-3.01
16.67,4.36
5.48,2.92
4.73,0.16
4.24,-1.79
10.38,-0.61
11.78,-0.77
11.33,-0.75
14.13,6.66
16.05,-2.21
-1.56,-6.37
-2.08,-6.7
0.76,-6.18
0.69,-2.21
0.08,-3.64
-0.48,-9.82
0.7,-5.84
1.69,-0.06
4.08,0.67
1.98,0.12
2.73,-11.04
-8.09,-18.48
-7.57,-18.39
6.8,-8.89
10.29,-4.3
-0.68,-12.32
-3.39,-12.56
1.87,-4.12
-1.01,-7.18
8.65,-9.76
-6.25,-17.62
-15.79,-21.67
-8.02,-20.41
0.04,-8.23
8.9,-3.17
17.98,2.49
13.53,3.16
11.27,3.34
14.26,9.17
16.81,-6.94
-2.98,-10.37
-0.79,-10.12
2.0,-4.29
8.7,1.42
11.15,-3.86
3.11,-3.93
12.94,1.12
1.83,-4.46
2.13,-5.15
0.07,-2.51
0.14,-6.13
1.91,-6.2
8.1,-1.24
7.49,-1.54
5.78,0.47
14.85,3.74
7.55,-5.57
4.18,-5.77
9.89,-3.15
13.85,-1.82
1.57,-1.21
4.22,-1.13
5.01,-0.29
0.0,-10.67
-6.79,-13.55
-4.57,-12.88
-1.22,-10.94
2.2,-4.64
3.14,-0.74
15.06,1.16
8.98,-0.1
10.59,-3.25
10.64,-2.96
21.29,5.91
21.54,6.44
6.97,-1.02
8.39,-3.53
10.98,-3.79
8.95,-3.81
10.37,-2.59
12.98,0.75
7.87,1.82
10.22,-3.62
13.59,-2.61
14.86,5.17
8.78,-2.52
9.1,-2.95
15.17,-1.45
21.82,4.99
15.79,10.96
14.93,-2.02
2.82,-5.01
7.9,-3.52
14.58,-0.47
16.08,3.3
20.64,8.53
15.28,8.79
20.28,9.41
20.73,12.39
22.68,9.89
20.86,5.38
20.45,7.45
26.85,9.7
19.18,4.77
18.97,6.19
22.05,1.84
12.05,2.02
24.51,6.93
24.06,12.85
23.02,6.14
8.28,2.84
6.41,2.5
20.06,4.46
24.56,9.88
24.24,9.26
19.33,9.89
19.87,9.14
17.52,4.92
16.27,5.54
12.34,5.47
24.72,7.85
25.27,12.55
26.5,13.99
22.8,15.4
21.61,14.3
15.71,10.12
21.38,7.58
24.59,9.3
25.74,11.48
27.95,13.45
23.47,11.93
14.36,6.51
18.35,7.21
10.89,8.13
13.26,4.67
20.04,6.89
21.05,8.57
25.16,12.59
28.95,15.7
29.99,19.06
23.64,13.94
21.2,8.81
19.79,9.76
24.95,17.38
28.88,18.06
30.88,18.01
30.05,19.95
29.21,16.36
28.28,19.1
29.92,21.98
26.09,17.45
24.34,16.5
25.58,14.05
27.16,16.31
25.69,8.16
23.89,11.05
26.53,15.76
29.36,17.61
28.27,18.54
25.67,18.83
23.68,19.08
25.52,19.48
22.99,9.14
24.03,10.61
24.53,13.31
19.23,7.64
23.83,12.04
23.92,17.24
26.06,18.48
26.52,18.73
26.52,18.64
27.48,19.42
22.51,15.58
25.52,16.58
24.12,16.22
28.28,18.42
24.55,16.76
28.18,17.39
31.13,19.25
30.65,18.76
31.54,19.65
32.09,21.01
32.33,18.91
31.68,20.38
32.61,20.6
30.15,19.94
31.13,20.63
32.29,21.46
30.44,20.89
31.1,19.95
29.46,17.79
31.54,19.26
32.87,21.34
31.02,17.16
29.25,14.19
31.64,16.89
32.1,20.29
31.36,21.91
30.4,22.03
30.43,21.09
32.7,23.07
32.71,22.51
33.18,22.68
32.62,21.58
25.36,14.66
26.05,13.31
26.01,12.98
27.33,14.31
28.95,15.58
30.22,17.85
30.67,18.8
30.69,19.5
29.37,17.89
28.31,16.08
29.92,17.61
29.5,15.83
29.86,14.9
30.68,16.1
31.56,17.47
30.17,18.34
29.5,17.22
30.88,18.21
29.85,14.55
28.66,14.02
29.93,17.37
28.17,20.56
29.84,18.96
30.95,16.3
28.83,15.63
30.08,17.75
29.93,19.9
33.02,19.61
33.08,20.47
31.6,19.03
29.57,19.66
25.96,18.58
23.77,12.45
25.39,13.21
27.4,15.37
21.65,19.92
26.09,14.82
25.68,11.66
27.78,14.22
29.19,18.86
23.94,17.16
29.14,17.64
27.76,15.28
29.51,17.51
28.23,13.47
25.16,12.1
27.46,13.93
23.86,11.98
25.02,14.57
29.81,16.0
33.96,18.55
32.37,18.83
32.62,19.56
32.85,15.58
27.38,13.06
30.31,15.96
31.81,17.06
28.74,14.75
30.23,15.01
30.47,15.69
30.24,17.84
30.81,15.99
30.81,18.3
27.51,9.09
25.92,10.18
29.26,13.15
25.63,9.29
32.06,12.88
32.19,18.36
32.69,17.92
33.78,17.52
33.36,17.96
33.27,17.68
31.54,11.31
21.72,8.38
26.39,9.36
22.3,12.5
19.78,5.54
22.59,6.08
24.07,7.93
26.66,11.84
22.34,1.45
13.59,0.47
20.28,1.51
19.82,2.68
23.48,4.82
10.31,1.76
15.23,0.83
17.64,1.6
22.09,4.23
24.07,10.11
21.58,10.53
16.21,2.71
18.69,3.28
19.33,7.43
14.81,9.24
18.06,10.24
18.21,3.67
20.25,4.48
16.09,9.17
13.11,10.25
10.55,-2.49
8.33,-2.9
10.7,-2.5
11.83,-1.54
15.42,2.79
10.77,-1.73
12.47,-0.75
5.66,-6.82
2.3,-7.11
8.34,-2.83
17.39,4.01
12.16,-9.4
-5.28,-13.44
-0.46,-11.85
5.6,-5.67
6.42,-5.46
7.6,-4.5
8.86,-3.79
5.36,-0.91
8.05,-1.26
8.44,3.09
12.22,4.33
7.05,-1.85
3.74,-0.35
9.52,0.17
14.22,1.9
14.43,4.69
13.13,1.34
3.25,1.3
5.72,2.18
13.42,2.93
9.12,0.86
2.63,-0.82
3.63,-0.8
9.93,-2.98
10.61,-3.37
9.38,-5.17
7.15,-4.94
12.99,-1.36
13.43,-2.32
-1.97,-8.24
2.3,-7.49
6.22,-5.33
7.99,0.87
6.28,-1.3
1.63,-1.52
0.8,-1.3
1.85,-6.21
-1.3,-11.0
3.64,-9.4
7.37,-6.6
11.52,-4.26
12.36,-3.9
14.41,-2.69
15.55,-2.38
18.37,-1.03
17.52,7.68
14.57,5.78
15.46,6.17
16.21,5.07
5.32,1.2
2.61,0.09
8.85,-0.13
10.39,5.47
10.56,3.66
3.63,-2.17
8.66,-2.45
8.33,-2.77
8.69,-2.32
3.65,-3.24
13.84,-2.72
17.06,9.37
18.22,2.18
5.37,1.14
7.57,1.25
9.13,-0.64
12.57,0.43
4.14,-5.39
1.99,-5.04
10.31,-8.59
-7.87,-10.41
-2.94,-8.92
-0.19,-9.43
3.58,-8.72
8.21,-0.23
7.58,1.15
1.65,-0.61
6.59,-3.36
2.72,-2.88
1.43,-0.17
1.81,-0.19
3.49,-0.18
3.26,-0.26
5.45,-0.1
17.63,1.13
19.59,3.89
13.88,-0.21
2.64,-0.57
0.4,-3.13
1.15,-3.26
1.82,-4.91
9.52,-3.53
6.78,-0.12
5.07,-1.96
2.37,-1.39
2.58,-12.68
-4.69,-13.28
6.86,-9.54
9.84,-2.33
11.48,-0.5
9.91,-4.02
6.06,-4.3
0.58,-10.08
3.18,-9.67
9.54,-6.8
13.1,0.53
6.87,4.11
7.14,1.11
2.65,-4.05
1.69,-4.56
2.11,-7.54
3.45,-7.23
16.5,-3.46
11.91,8.5
14.25,-0.03
15.7,-1.48
15.21,-0.7
2.36,-4.64
10.14,-4.45
18.03,-0.21
17.79,8.87
13.21,5.39
10.39,3.86
16.44,4.5
10.77,1.33
5.62,0.79
6.99,0.88
8.97,3.2
11.8,2.86
15.13,4.4
19.66,11.32
21.37,0.17
3.02,-1.95
5.57,-1.51
10.45,2.01
11.45,2.8
16.95,3.38
20.02,6.68
22.48,12.33
25.36,15.82
18.12,7.77
16.14,4.53
7.75,4.08
11.31,0.15
16.04,2.27
20.21,6.39
21.13,7.42
13.79,6.91
20.73,8.22
25.94,13.92
26.9,7.24
12.41,0.3
10.52,0.86
16.65,5.42
16.93,9.35
9.29,0.53
8.42,-3.3
10.3,-4.23
9.88,-0.35
10.57,1.07
12.52,1.8
14.4,3.05
18.29,4.87
13.58,-0.32
21.45,3.54
12.92,9.65
19.17,7.33
19.46,6.59
15.54,1.71
18.99,5.73
24.16,14.05
17.94,6.95
9.38,6.18
19.68,6.97
27.63,12.9
21.86,6.27
20.48,7.32
9.23,4.34
15.06,2.48
19.3,7.13
11.95,-2.31
12.68,0.81
17.53,3.08
9.77,1.35
15.68,4.44
14.35,7.91
27.04,13.79
23.13,15.66
26.16,17.1
25.62,15.92
19.69,14.25
17.97,11.51
14.16,11.2
17.69,12.77
24.61,14.3
27.61,16.81
29.84,17.32
30.59,17.61
29.87,18.99
25.8,18.79
26.94,17.49
24.17,12.84
22.7,10.41
21.8,7.3
24.7,12.32
30.73,18.39
31.17,20.17
28.95,18.1
30.45,18.26
32.28,15.99
28.77,15.72
30.41,18.77
28.85,22.44
31.22,15.02
26.81,12.66
28.95,12.47
25.31,12.84
23.68,10.91
24.91,12.84
27.16,13.62
28.11,14.19
28.37,16.06
31.17,16.93
32.19,17.85
29.33,19.06
29.31,19.63
25.79,15.64
26.62,13.98
28.5,16.82
30.49,21.18
25.42,19.8
27.0,20.89
30.11,20.24
29.36,19.97
31.56,19.47
31.54,18.26
32.19,19.48
33.4,19.77
33.53,20.34
32.37,20.12
32.52,20.63
32.76,20.42
33.13,21.17
29.56,18.52
30.87,17.38
27.89,15.77
28.28,15.42
30.36,16.51
31.49,20.15
27.04,17.64
30.81,19.37
32.49,22.31
33.19,20.78
31.43,20.7
31.94,20.29
28.66,20.8
29.43,18.3
29.99,17.36
30.59,18.43
32.77,21.42
31.66,20.26
29.75,17.36
30.93,19.83
22.79,19.48
26.05,19.57
27.35,17.45
26.51,17.53
27.02,16.77
24.59,12.12
23.79,13.36
25.46,14.24
26.55,13.24
28.31,15.69
30.83,18.24
29.09,19.2
28.54,19.34
28.6,19.82
29.98,19.96
26.94,18.81
29.96,18.63
28.09,15.92
29.19,17.12
23.51,13.59
25.24,12.5
26.51,14.16
27.5,16.66
27.48,18.02
28.6,18.54
30.65,19.75
31.86,19.88
30.99,21.27
27.85,22.41
28.21,20.59
28.88,13.51
26.02,15.63
26.62,17.38
27.7,19.78
27.46,20.13
28.89,15.28
25.83,9.49
27.0,11.6
26.82,15.79
29.48,17.02
30.55,16.31
30.9,16.62
29.66,18.16
23.17,17.04
28.75,17.5
27.43,13.88
25.87,10.87
22.99,8.47
25.88,8.99
27.3,10.5
19.74,5.83
20.54,4.51
22.93,5.49
23.65,6.18
24.34,8.09
22.94,10.02
24.74,10.38
26.14,11.6
24.85,13.55
26.32,13.96
18.71,6.22
17.92,6.49
23.6,5.28
19.5,2.6
16.73,4.03
18.52,6.94
16.99,0.39
17.45,1.64
22.71,5.03
28.79,6.62
25.59,7.41
27.6,9.02
23.53,16.04
25.25,16.3
24.44,4.7
20.65,4.75
25.23,6.45
16.74,0.05
14.16,-1.16
16.82,0.64
15.78,9.25
11.94,7.94
16.72,8.67
20.16,12.11
27.13,13.01
25.16,6.57
12.2,5.67
11.11,6.26
9.44,7.13
10.86,7.21
11.92,8.65
10.48,4.58
9.85,-1.07
14.38,0.43
10.55,-3.01
9.74,-2.39
18.44,0.61
22.08,5.08
19.57,3.64
21.48,3.28
23.31,3.83
26.59,8.56
26.05,10.36
25.47,11.56
12.57,-0.04
12.67,-0.14
13.0,-2.45
16.78,-0.49
13.53,1.72
13.01,1.0
6.0,-2.29
9.76,-1.61
18.39,5.54
17.65,8.58
9.57,6.39
9.15,1.58
9.18,1.87
10.14,4.06
14.44,7.66
10.52,7.33
12.39,-0.22
9.68,-2.61
11.99,-2.39
2.63,-2.03
0.68,-6.24
6.45,-5.93
6.67,-3.83
7.25,-2.71
6.6,-4.29
3.21,-3.96
0.71,-1.9
2.42,-1.08
13.23,-2.07
15.92,-2.0
17.67,3.96
16.25,3.59
5.55,1.97
2.16,-6.48
1.47,-6.02
0.96,-1.78
0.15,-5.55
3.68,-5.66
5.22,-0.04
6.59,0.11
8.74,0.27
7.42,-0.82
13.23,-1.61
-1.71,-11.2
-7.63,-11.83
3.36,-9.78
11.52,-2.16
2.05,-3.72
5.17,-4.46
10.95,-2.52
0.15,-2.66
9.6,0.33
3.44,1.2
2.44,-1.59
7.51,-1.5
1.75,-0.26
2.77,-0.33
3.63,-0.63
0.31,-1.91
0.61,-7.59
0.39,-7.35
-1.61,-4.65
2.89,-4.04
8.16,-2.13
8.91,-0.39
6.12,-1.51
1.51,-1.3
1.37,-1.52
1.78,-2.25
6.5,-2.77
2.9,-2.52
10.4,-2.17
2.5,-10.18
1.67,-9.99
0.91,-1.7
2.87,-0.67
6.92,-0.79
0.36,-8.31
-0.77,-10.79
1.32,-10.45
2.99,-3.89
4.76,-2.77
-1.23,-6.48
0.87,-6.87
2.29,-6.02
3.68,-4.26
2.62,-6.72
1.43,-11.75
-5.61,-12.46
1.07,-8.89
-1.46,-6.39
-4.83,-7.65
-3.59,-7.65
-1.31,-6.58
-2.31,-9.12
-3.7,-9.81
-6.84,-11.71
-6.56,-17.32
-4.4,-16.18
-1.65,-10.88
-2.43,-14.79
0.55,-11.32
7.87,-8.94
4.64,0.85
12.37,-0.21
16.63,-2.56
8.23,-2.4
8.07,-0.73
13.7,6.34
16.34,2.04
7.99,-4.84
7.26,-4.74
17.05,-2.31
11.47,-4.49
8.76,-4.71
8.95,-4.28
10.91,-3.71
18.64,-1.3
19.23,1.04
20.92,8.84
18.2,6.83
15.89,4.29
12.35,-0.57
11.29,0.78
4.83,0.86
13.67,3.0
16.94,5.7
14.7,-0.25
10.46,-2.0
16.15,-1.74
19.32,1.71
19.91,4.38
20.31,9.06
22.75,6.66
17.66,7.93
13.6,4.28
23.27,6.38
10.88,-1.72
15.11,-0.07
22.96,5.28
10.97,-1.74
4.04,-5.44
9.19,-4.04
17.87,0.71
23.54,5.29
24.89,7.37
25.58,8.9
27.33,12.48
20.93,10.52
26.76,11.19
18.26,8.82
11.54,8.35
20.18,7.6
19.32,8.68
17.31,3.05
12.95,0.27
16.52,2.38
13.95,1.08
17.89,2.91
19.93,2.7
16.77,-1.44
7.74,-1.5
12.46,-0.37
16.03,3.46
11.97,6.14
17.15,3.11
24.05,6.96
27.91,16.42
26.29,17.35
20.36,9.49
21.37,1.45
22.6,4.71
25.3,13.39
22.35,15.27
20.75,9.08
16.56,3.16
17.25,4.13
17.31,1.86
15.18,4.56
16.34,1.82
16.18,4.66
15.71,3.53
17.07,2.84
19.49,3.83
21.41,5.08
22.37,10.88
21.25,12.72
20.26,13.59
25.48,14.03
27.04,14.96
28.96,14.74
28.75,13.49
29.37,14.63
29.72,15.93
31.04,16.04
30.94,18.28
25.41,16.91
27.38,17.75
21.6,7.91
14.82,4.61
18.96,6.9
23.13,10.14
23.69,14.42
18.56,16.06
22.4,14.03
29.35,14.31
28.93,16.62
27.89,19.28
27.38,20.13
25.36,20.58
25.21,20.73
26.98,20.19
30.43,19.36
32.79,19.76
31.11,14.7
30.78,13.45
27.02,13.02
26.76,12.87
29.31,15.42
32.07,18.44
27.96,18.13
30.4,22.41
27.49,12.39
21.89,10.2
24.88,12.26
27.69,18.77
27.23,21.93
29.56,21.71
31.23,20.62
32.28,20.94
33.7,21.26
28.63,20.26
26.21,15.23
24.01,13.29
25.68,14.83
30.06,18.66
31.2,19.65
31.66,19.47
30.82,20.86
27.06,16.15
23.53,15.91
25.38,17.38
25.96,20.06
27.98,20.77
27.18,18.92
28.81,20.1
30.74,20.48
28.1,20.47
26.95,19.16
27.39,16.98
28.09,17.25
28.65,17.19
27.02,16.01
27.48,15.94
28.81,16.79
30.12,19.2
30.54,20.79
31.5,17.01
30.85,18.01
30.7,19.93
30.77,20.29
27.81,17.53
23.14,13.74
27.01,12.43
25.73,13.25
27.09,13.3
27.64,14.91
29.16,16.3
28.42,18.52
29.91,18.48
30.77,19.47
25.85,21.44
31.8,22.69
32.38,23.69
33.58,21.15
30.3,20.45
28.23,18.51
25.03,18.13
27.49,19.0
29.0,19.25
30.74,20.35
29.93,18.88
30.85,18.93
31.2,18.81
32.42,19.54
32.76,20.05
33.27,21.01
30.23,19.98
33.17,20.06
33.2,20.23
32.84,21.34
32.0,20.95
25.34,20.15
25.77,18.43
26.4,13.1
26.14,13.04
25.9,14.48
25.79,17.46
26.36,12.62
28.53,14.05
28.78,16.92
27.29,11.94
24.89,11.13
25.96,12.14
27.53,15.02
29.57,18.01
29.88,18.51
30.51,19.34
24.82,14.7
27.59,15.65
30.83,16.88
31.79,17.69
30.03,19.04
22.59,18.41
23.84,13.91
15.09,9.97
18.88,6.39
23.02,8.17
21.15,6.95
24.06,9.08
28.89,14.81
28.78,14.34
28.97,13.47
26.85,12.02
26.44,12.01
24.14,14.53
23.36,16.45
22.76,14.49
26.03,15.39
24.67,16.86
24.72,15.74
25.76,14.61
27.98,14.87
28.56,17.72
27.49,17.86
20.7,11.55
25.28,12.35
27.63,18.49
24.34,9.88
16.5,4.64
19.82,4.18
21.61,4.75
21.72,6.11
22.73,6.94
21.18,9.73
12.18,7.52
15.25,7.82
22.36,12.28
16.37,8.24
14.32,1.2
14.99,1.44
12.68,8.54
15.77,10.59
12.99,9.1
17.07,2.25
12.46,2.1
9.58,-3.08
9.91,-2.88
10.72,-2.95
11.87,-2.85
14.44,-1.9
17.75,-0.98
21.1,1.77
17.51,2.87
20.43,5.5
17.23,2.89
10.84,1.34
4.3,0.65
4.79,-2.63
4.95,-2.18
16.16,-0.55
19.0,4.13
8.3,-3.7
5.77,-4.16
11.5,-1.45
7.78,-1.72
4.69,-6.8
5.87,-6.93
12.79,-1.22
8.94,-3.59
1.65,-4.04
8.85,-0.27
7.93,-6.13
7.08,-6.46
12.51,-1.22
10.99,2.69
17.92,1.19
16.53,1.4
12.59,-0.15
16.59,1.3
6.13,-6.3
-1.92,-5.99
5.12,-5.46
14.08,-1.66
18.76,8.8
17.13,-2.55
9.2,-3.17
11.94,-2.09
14.43,-1.9
17.93,11.68
16.32,-1.6
7.86,-1.54
11.34,-1.73
2.02,-5.69
6.58,-5.78
7.24,-5.44
2.51,-5.95
11.29,-4.12
17.46,8.67
20.09,6.45
15.1,5.33
20.28,5.15
10.87,4.24
9.07,5.44
8.96,5.38
17.3,8.44
14.14,2.07
1.56,-5.97
0.97,-7.06
6.01,-6.44
6.21,-9.25
-6.97,-12.67
-7.09,-13.02
6.06,-11.06
6.4,-8.59
-0.29,-11.11
1.58,-10.78
9.68,-1.62
8.05,-2.05
1.56,-3.69
-0.03,-6.89
0.93,-7.06
-2.2,-4.09
5.81,-4.24
9.58,-6.87
-3.58,-8.49
-3.03,-13.57
0.34,-13.48
2.42,-9.14
4.36,-7.51
-1.8,-15.37
-4.44,-15.85
1.52,-10.06
-1.36,-17.73
-3.33,-17.61
4.97,-8.02
5.2,-7.24
15.9,-0.54
7.51,-1.37
-1.37,-7.37
-4.63,-12.0
-5.03,-12.8
3.25,-10.35
1.75,-10.64
7.99,-8.8
10.8,-1.11
6.12,-2.98
11.86,-2.01
-1.42,-8.21
-2.59,-10.19
0.07,-9.75
11.62,-7.46
16.6,7.72
12.59,-5.28
1.61,-6.02
0.1,-6.99
14.67,-4.45
17.49,3.77
16.5,-2.33
-1.35,-2.98
2.28,-1.9
-0.41,-4.0
2.87,-5.94
9.46,-5.7
11.39,-4.08
19.07,1.34
20.38,1.83
7.44,-1.48
12.59,-1.31
23.95,6.57
21.17,11.08
14.24,0.3
4.8,0.25
9.41,-1.78
11.23,-1.47
7.39,-8.32
-2.33,-8.58
11.22,-3.81
17.92,2.62
19.74,2.24
21.93,2.68
22.61,4.63
17.62,8.17
9.11,2.21
17.36,1.8
21.6,3.38
18.13,9.21
19.87,6.51
11.8,4.65
7.16,1.87
4.17,-2.39
5.54,-6.55
6.28,-5.23
8.6,0.11
26.37,7.78
9.11,1.03
6.6,-3.16
12.17,-1.35
15.1,2.07
15.97,4.84
13.25,6.02
13.8,5.52
11.4,1.75
8.62,1.08
6.75,-2.14
17.73,0.08
17.63,10.52
21.43,11.01
20.31,4.2
16.18,4.05
21.55,7.66
17.12,1.16
10.81,1.47
6.58,0.76
11.34,1.78
18.95,6.45
18.45,7.19
25.82,10.36
28.81,15.47
28.06,18.02
20.11,3.3
14.45,1.8
17.92,3.93
18.22,7.17
22.49,11.46
25.42,13.31
22.86,6.19
22.2,9.94
25.83,10.09
15.33,10.25
16.43,11.87
22.03,9.58
17.28,7.67
21.46,9.6
25.85,12.41
29.0,16.79
30.38,11.78
29.84,14.22
29.27,14.75
29.52,13.56
30.28,12.88
25.22,10.65
27.57,13.03
22.57,14.82
27.58,15.95
30.45,20.29
28.72,16.81
19.97,10.5
18.71,9.77
23.9,11.53
28.42,18.2
22.23,14.03
19.71,11.14
22.79,12.27
27.46,14.99
30.7,17.47
30.78,18.06
30.61,19.0
24.08,12.41
26.69,11.26
27.97,12.48
28.08,15.54
26.84,18.24
26.96,16.0
27.78,13.96
24.83,13.66
22.26,14.4
25.27,15.25
28.82,19.71
33.06,23.33
34.09,23.05
33.49,23.08
32.98,23.97
30.24,15.37
25.86,10.67
26.21,11.73
29.9,13.27
33.16,17.54
33.97,15.52
29.78,14.18
30.56,14.84
30.39,17.55
28.57,14.34
26.28,10.01
25.9,9.78
29.2,13.51
32.55,20.55
32.5,20.74
30.15,19.2
30.61,17.13
32.36,21.42
35.13,23.46
33.96,22.34
27.76,21.69
24.97,20.27
26.49,15.91
29.43,16.66
30.29,19.83
30.32,16.64
29.92,17.69
29.06,15.75
28.89,19.96
31.28,21.31
24.11,20.82
28.46,18.92
30.56,20.78
33.06,20.03
31.15,19.32
32.45,20.31
30.9,22.46
31.76,22.25
26.9,20.07
25.34,19.35
28.25,20.91
30.13,20.72
26.92,14.62
27.44,17.29
26.46,18.55
29.23,19.61
28.01,18.6
32.31,21.18
28.05,21.03
28.45,21.58
30.5,20.53
31.51,21.33
31.66,21.65
29.03,21.4
27.34,15.78
28.52,15.06
25.16,12.95
26.96,15.52
25.72,18.12
26.52,15.38
27.34,15.35
27.44,14.7
28.62,14.64
29.52,16.63
28.8,18.13
26.73,17.46
26.28,15.42
27.38,13.79
28.73,14.46
29.06,16.46
29.24,17.11
29.55,18.24
32.34,20.67
31.41,19.99
28.37,13.64
27.16,13.69
29.33,15.25
29.65,17.94
24.25,18.81
26.97,19.61
27.5,19.99
25.91,15.94
26.32,13.08
26.04,13.44
28.76,15.89
28.24,18.43
25.97,13.76
21.62,12.4
21.02,12.58
26.53,12.89
27.77,12.77
28.0,13.65
28.47,13.8
28.83,16.24
27.95,15.3
30.48,16.25
33.99,16.6
21.24,6.37
19.85,7.73
24.48,12.3
23.01,10.3
20.17,5.14
18.82,4.1
16.16,4.89
19.72,5.54
21.66,6.45
23.01,7.44
21.52,6.5
20.97,3.05
22.07,3.35
24.45,5.34
23.52,7.89
15.91,0.37
14.59,-0.32
17.72,2.13
22.74,4.79
23.6,7.03
24.02,6.51
17.56,1.08
19.34,2.21
17.05,2.9
21.92,4.53
9.41,1.22
6.38,0.2
11.97,-2.02
14.35,-0.24
22.13,5.52
24.62,10.04
25.05,8.75
24.87,9.84
23.13,8.19
11.82,-0.23
14.48,1.05
19.25,2.83
20.65,4.09
16.44,8.93
17.68,12.57
19.93,6.85
17.69,6.0
22.57,5.96
24.18,10.82
21.87,7.73
21.58,4.97
19.09,5.68
16.8,4.05
23.19,4.29
22.28,7.18
16.73,-0.59
0.09,-1.87
3.67,-1.88
6.39,-1.78
5.28,1.39
2.55,-1.97
-0.11,-3.21
1.11,-7.92
1.94,-8.56
1.38,-8.32
9.14,-5.5
13.67,-4.92
15.36,-3.88
17.28,-2.23
12.1,-3.78
12.68,-3.5
12.3,5.31
7.66,4.79
15.76,0.98
3.2,-6.69
3.95,-7.13
13.59,1.33
11.35,-6.76
5.6,-7.05
8.14,-4.38
10.87,6.17
10.08,4.87
7.2,4.25
9.12,4.31
7.7,4.08
7.49,2.55
7.11,-1.05
7.48,-1.1
12.59,4.73
7.1,1.01
4.53,-1.0
0.75,-4.77
0.8,-8.24
0.65,-8.11
7.32,-6.43
6.13,-5.87
6.67,-22.4
-16.82,-22.73
-9.27,-17.1
-7.21,-14.49
-3.47,-9.17
-0.36,-4.83
9.53,-3.6
14.27,8.13
15.92,8.37
