20170101
8.28,-2.13
12.02,5.98
13.11,-4.27
-1.52,-6.72
-5.18,-13.82
-8.86,-15.88
-6.9,-16.12
-5.01,-14.73
5.32,-6.38
13.14,-1.65
18.29,-0.49
18.72,-1.41
1.56,-1.37
3.16,0.66
4.08,0.6
15.11,4.37
14.76,3.14
5.48,0.52
10.49,2.69
14.28,7.41
18.47,5.35
15.63,6.92
7.96,2.82
7.62,2.61
15.59,1.89
2.4,-1.15
2.4,-4.26
2.34,-3.81
1.0,-6.69
7.42,-7.6
7.83,2.71
6.13,-2.5
2.39,-5.24
-0.41,-10.95
4.36,-11.01
11.2,-2.04
16.22,-1.16
16.02,1.91
5.86,-4.84
-1.48,-8.27
13.17,-3.67
18.6,8.79
15.39,-2.82
9.77,-2.65
12.04,1.43
7.91,-1.78
10.84,-0.13
19.62,4.47
18.04,6.5
16.66,2.82
20.09,3.7
17.23,9.3
20.39,11.44
20.83,12.98
24.6,1.25
1.95,-6.14
8.94,-4.87
10.67,5.03
18.4,8.32
15.47,0.4
8.17,-2.2
4.72,-2.62
12.35,-1.39
19.86,-0.1
17.58,9.38
14.1,5.3
16.71,2.22
21.72,0.57
6.82,-3.82
3.21,-6.08
4.14,-5.49
2.7,-4.76
0.6,-7.06
2.45,-7.59
7.52,-6.67
9.38,1.49
6.04,0.36
11.12,1.75
19.3,5.01
17.23,-0.88
7.1,-1.93
14.81,-1.45
24.02,12.61
24.6,13.58
18.31,6.35
19.8,6.85
15.39,8.97
17.27,8.37
24.71,10.92
12.56,4.34
11.83,2.48
19.26,4.65
21.57,11.0
20.06,8.35
21.65,4.45
9.73,1.44
14.12,-0.63
19.39,2.05
25.66,9.98
25.92,15.09
19.59,4.87
20.43,5.63
26.58,7.33
28.23,11.41
28.53,16.44
27.48,11.79
21.27,7.75
25.61,9.31
28.02,16.8
27.7,9.44
15.6,7.34
13.65,5.09
21.17,6.08
24.56,8.0
24.68,11.44
28.91,15.11
17.48,7.18
19.69,9.22
26.37,14.34
24.28,13.02
16.38,7.61
18.79,4.39
12.13,6.12
12.31,7.4
12.77,4.8
17.71,3.31
17.92,1.59
18.77,4.13
21.74,11.29
29.53,13.38
20.11,11.67
20.17,7.56
24.34,11.37
27.32,13.24
28.31,14.01
29.77,16.18
28.9,20.42
28.79,18.71
28.06,15.15
26.22,14.36
25.86,8.7
22.94,9.78
23.59,13.24
17.76,13.02
18.65,10.45
26.58,13.76
28.78,16.72
24.89,14.85
28.42,13.82
26.92,12.8
27.04,10.36
26.63,10.69
29.12,12.16
30.84,15.28
31.14,18.27
30.95,15.04
25.51,12.57
21.38,9.88
24.77,12.05
28.81,14.06
29.98,15.53
31.48,18.7
33.09,20.53
30.96,19.27
32.0,19.24
28.4,18.32
31.0,18.94
30.88,20.73
27.84,16.22
27.62,14.8
29.67,16.59
32.11,19.53
27.96,21.32
24.26,16.18
25.81,12.03
25.55,11.41
24.2,10.71
23.88,11.03
27.41,14.29
30.84,20.3
28.86,19.32
29.01,16.76
30.06,17.03
30.6,18.47
30.5,19.2
29.4,20.51
26.19,19.02
31.18,17.12
27.99,14.1
29.28,16.19
29.63,22.1
26.51,19.84
32.14,21.6
30.09,21.79
29.26,15.03
28.4,15.7
30.3,17.17
30.74,19.12
31.46,18.28
31.13,19.64
32.24,22.17
33.42,22.89
33.71,21.3
29.63,19.58
29.29,16.28
27.47,15.96
29.77,17.69
28.7,22.4
28.15,15.53
25.81,13.2
28.5,15.36
30.0,17.2
29.3,18.04
29.5,17.16
30.39,18.52
23.92,10.97
25.64,12.48
22.4,16.77
25.77,13.93
26.77,11.45
27.35,13.09
29.5,15.25
27.69,16.21
27.29,13.17
27.88,15.53
28.55,16.95
30.98,18.29
31.95,20.05
31.07,19.42
29.83,18.45
31.64,18.22
32.54,18.82
32.71,20.33
28.2,14.55
26.8,11.39
26.3,11.79
25.89,11.16
26.12,11.73
27.84,13.48
27.42,16.31
26.13,14.91
27.85,15.62
27.56,15.43
16.36,12.53
23.11,12.12
28.27,12.96
31.08,15.71
23.43,8.47
20.41,7.48
21.73,7.59
25.62,9.3
23.48,8.51
23.33,8.33
22.89,8.9
21.27,14.22
18.64,15.97
23.21,12.65
28.31,12.88
29.91,15.23
30.74,16.7
27.88,19.54
27.34,17.71
31.2,18.27
33.11,19.06
33.05,17.55
32.69,16.77
32.88,15.14
32.49,15.32
32.55,16.98
29.09,12.12
23.4,7.91
24.84,7.05
24.63,5.1
24.6,4.95
27.14,9.85
29.26,14.27
26.56,17.77
23.43,17.36
27.43,17.75
28.76,12.37
19.33,13.45
21.69,13.94
21.34,15.76
18.34,13.59
17.64,13.29
23.62,10.69
29.01,15.27
22.85,7.02
17.65,3.0
20.37,2.84
21.8,4.03
24.82,6.78
25.46,6.92
23.81,8.72
25.77,13.98
17.47,7.95
10.95,4.34
11.48,-0.67
17.38,-0.64
12.83,1.95
4.61,1.47
4.41,-1.51
7.7,-0.68
7.77,-0.63
15.46,1.67
20.13,12.34
16.49,6.03
19.98,8.98
23.34,9.08
12.49,6.34
9.69,3.99
11.69,-1.02
13.86,-2.54
3.22,-3.87
7.25,-3.45
7.98,1.88
7.87,-0.02
11.93,0.05
9.77,0.68
5.95,-1.84
16.1,0.61
18.37,2.05
4.18,-3.73
10.23,-3.31
13.99,-3.41
5.8,-5.02
9.17,-2.46
14.48,-1.6
15.71,-2.45
13.16,-3.03
17.64,0.49
17.87,4.44
15.09,2.76
13.12,-2.5
12.2,-2.89
13.6,-1.69
15.45,-1.1
18.69,3.07
8.73,-2.06
7.87,-2.13
-0.36,-8.92
0.46,-9.44
0.8,-6.21
3.93,-6.22
9.76,-3.94
0.28,-7.79
8.09,-5.7
0.39,-5.67
1.12,-4.15
10.66,-0.82
7.71,2.98
7.63,5.44
9.74,1.73
9.04,-2.07
12.9,-2.05
11.9,2.41
2.89,-1.3
1.65,-6.19
-1.28,-7.78
-5.82,-16.57
-8.6,-16.73
-4.39,-12.28
-3.38,-7.02
-4.76,-14.99
-7.87,-18.01
-10.41,-20.4
-6.59,-20.4
-2.54,-15.5
-5.78,-17.05
-7.08,-18.37
-5.44,-18.93
3.49,-9.22
3.77,0.19
5.77,-0.15
14.41,4.61
14.63,-2.74
-1.72,-9.78
-2.35,-16.34
-4.53,-15.7
-2.43,-16.56
-11.54,-17.47
-5.83,-13.53
0.3,-11.93
6.15,-5.97
9.6,0.31
12.65,6.82
13.32,2.28
3.54,-0.99
0.51,-5.1
9.11,-4.15
13.81,0.9
9.55,-4.12
11.26,-4.34
2.2,-5.22
1.62,-5.82
11.81,-0.88
6.17,-11.44
-3.41,-11.77
4.31,-6.31
3.03,-11.41
-2.24,-11.57
-0.04,-4.81
0.77,-8.99
1.35,-8.6
10.31,-0.77
4.34,-1.05
1.05,-7.17
4.31,-7.68
6.97,-5.24
15.02,5.29
19.95,7.1
6.89,-1.67
2.7,-1.81
12.52,-1.33
23.1,13.09
25.45,9.52
9.83,3.66
11.39,4.45
15.7,7.18
14.99,6.22
9.83,-1.2
13.34,-1.15
16.77,-0.25
13.36,9.86
14.08,-0.32
9.63,-2.59
10.9,-2.23
11.07,-1.27
8.87,-0.06
13.99,-0.75
4.57,-2.96
0.82,-4.57
7.72,-3.94
11.18,-1.12
6.43,-2.12
5.15,-4.05
6.26,-5.53
6.15,-5.61
15.41,-2.6
9.68,-3.12
7.9,-2.58
14.74,-0.14
17.04,-0.48
1.68,-2.01
6.48,-3.63
9.43,-3.41
11.09,-1.65
1.66,-2.3
7.76,-2.42
15.0,2.11
13.05,9.29
13.96,9.39
13.85,4.84
10.34,0.46
15.4,1.09
9.13,-1.29
9.87,-0.98
22.36,0.99
2.91,-3.27
10.89,-2.49
15.05,-2.09
6.25,-4.74
6.34,-2.54
6.05,-1.9
6.71,-1.82
18.66,-0.49
26.78,12.85
27.09,15.52
21.08,10.5
11.54,0.49
2.56,-0.76
10.71,0.14
21.83,1.43
13.31,-0.86
16.38,0.75
17.7,5.41
19.6,8.21
14.51,9.58
13.59,10.03
19.19,4.26
19.93,4.1
21.46,5.42
14.58,0.08
17.3,0.7
23.62,5.43
27.7,14.8
29.1,18.28
25.41,17.41
26.43,12.88
20.54,11.86
28.02,8.64
23.11,8.28
25.9,9.79
28.65,15.2
29.02,15.18
30.48,18.63
29.7,16.44
31.76,18.46
32.79,19.85
31.64,18.12
25.84,16.37
28.71,17.15
23.31,18.02
25.55,17.21
31.0,17.81
29.77,18.31
30.08,15.02
27.73,14.24
28.5,14.31
30.9,17.33
30.76,17.59
32.94,17.69
33.75,20.17
31.12,21.7
26.61,20.43
29.53,19.78
29.95,18.3
30.51,19.86
27.32,12.84
25.01,12.63
29.03,13.34
26.47,15.59
31.31,18.34
32.33,18.44
32.85,17.77
24.95,18.12
25.83,18.69
27.51,19.63
29.35,13.86
28.84,14.79
31.0,18.54
33.63,21.2
33.76,22.43
33.29,22.89
32.85,20.91
30.45,21.32
26.5,18.64
24.99,18.1
23.96,16.79
26.92,19.77
23.74,19.86
24.77,19.31
28.81,17.67
30.11,20.03
31.78,20.39
32.54,22.81
33.01,22.34
31.83,21.97
31.86,22.07
34.13,22.53
33.51,21.07
27.6,12.56
27.19,13.24
31.02,17.65
33.03,19.9
33.16,20.19
29.57,15.89
29.15,16.01
31.73,17.01
32.97,21.2
29.8,21.11
30.79,18.27
30.97,14.68
30.16,15.15
29.89,17.26
29.9,18.84
25.11,18.95
26.26,16.31
25.84,16.39
29.15,17.54
30.28,16.9
29.72,15.91
26.94,14.35
27.15,14.94
27.22,17.56
23.26,18.34
23.8,17.1
27.05,15.54
29.34,16.75
30.08,19.4
31.78,19.84
32.58,20.17
32.35,20.27
30.0,20.35
30.04,18.09
29.72,18.93
30.27,19.61
30.03,16.84
30.0,16.82
29.53,16.37
30.94,19.55
25.23,19.78
27.18,20.22
27.88,19.75
28.8,18.53
30.14,19.07
28.64,19.87
27.49,17.43
25.22,11.71
26.66,12.31
24.04,13.8
28.89,20.13
32.58,21.86
32.48,21.49
33.12,21.59
31.18,18.36
28.75,17.14
30.75,18.35
29.56,19.88
32.09,20.73
33.44,20.77
33.69,20.51
33.56,20.75
31.3,20.6
26.97,17.87
18.79,14.78
15.89,13.49
20.18,12.24
23.36,12.64
23.11,15.17
30.27,16.09
30.83,16.97
31.22,19.0
30.46,19.97
30.99,18.66
32.86,18.73
32.99,19.42
33.58,20.45
30.98,14.81
16.68,12.87
25.32,13.02
21.91,16.69
25.31,18.55
21.95,10.96
16.84,7.25
23.33,7.9
22.43,9.29
27.34,10.89
29.78,12.86
30.31,18.51
30.92,18.6
26.29,16.48
31.18,18.52
31.55,18.33
31.75,18.44
31.62,19.15
30.58,19.23
24.52,11.33
15.82,2.52
12.02,2.43
12.72,2.79
12.52,7.06
11.91,1.09
12.24,0.8
16.11,-0.29
14.56,-0.65
13.13,0.56
17.42,-1.9
12.38,-2.03
19.42,0.62
17.21,0.76
14.09,1.02
14.51,2.33
9.26,5.57
13.24,3.66
18.64,3.37
17.0,2.56
21.03,5.21
18.31,7.4
8.9,4.9
9.65,0.61
14.51,0.37
16.48,7.69
16.05,8.2
15.63,3.36
13.28,-1.18
6.51,0.06
7.39,-6.66
2.92,-6.76
6.21,-5.36
7.48,-0.11
1.87,-6.51
0.91,-6.35
1.5,-1.29
4.56,-1.25
8.14,0.75
10.17,1.0
5.41,1.72
4.01,-3.1
9.76,-4.2
12.27,-3.94
11.45,-2.25
13.93,0.47
15.41,0.34
2.5,-5.86
-3.58,-7.14
1.81,-7.61
6.97,-0.49
12.34,5.5
14.71,7.96
16.3,3.76
4.49,0.5
1.51,-1.68
0.47,-3.18
4.32,-6.3
3.96,-7.1
-2.01,-6.48
4.58,-7.5
0.47,-9.2
7.89,-6.94
11.49,0.86
9.19,4.78
9.83,5.83
8.43,3.37
11.47,-1.0
10.81,-3.29
7.64,-3.65
12.73,-1.65
8.38,5.78
6.35,-0.29
5.06,-1.92
2.52,-3.11
7.86,-3.12
8.52,-4.21
9.16,-4.03
13.74,5.13
13.25,-0.35
2.08,-3.3
7.06,-3.55
17.16,4.32
5.4,2.98
4.41,0.03
4.92,-1.66
10.78,-1.06
12.7,-0.6
12.71,-0.37
14.05,7.94
16.15,-1.51
-0.4,-6.63
-0.59,-6.98
1.06,-9.51
1.59,-1.61
0.7,-3.73
1.08,-7.71
1.2,-4.16
2.48,0.43
4.91,0.63
2.89,0.17
3.29,-10.32
-6.29,-17.11
-6.52,-16.74
7.54,-7.85
10.35,-4.57
0.39,-11.9
-2.85,-12.3
2.07,-3.24
-0.5,-5.92
8.56,-9.68
-5.31,-16.92
-14.68,-19.86
-7.31,-19.02
1.15,-7.71
9.61,-3.32
18.07,2.5
13.21,2.72
10.86,2.09
14.1,8.37
16.31,-7.31
-2.49,-10.11
-0.54,-9.75
2.29,-3.86
9.16,1.42
10.82,-4.92
3.91,-4.3
13.48,0.48
1.32,-4.37
2.72,-4.89
0.58,-2.61
0.39,-4.49
2.21,-5.35
7.72,-1.55
7.56,-3.1
6.02,0.12
14.9,4.06
6.97,-5.49
5.23,-5.93
10.41,-3.5
14.06,-2.11
1.45,-1.45
4.4,-1.3
5.05,-0.73
0.26,-12.27
-6.28,-13.43
-3.59,-12.74
-0.22,-11.23
2.08,-3.62
3.68,-0.81
15.61,1.64
9.44,-0.23
11.17,-2.71
10.57,-2.96
21.16,6.25
22.15,6.88
7.26,-1.2
9.66,-2.81
12.07,-3.04
10.0,-3.53
10.83,-3.33
12.75,1.78
7.43,1.65
11.5,-3.18
13.78,-2.9
13.0,5.22
9.37,-2.05
9.42,-2.61
15.32,-2.26
21.9,5.45
16.9,10.89
14.88,-1.97
3.68,-4.59
8.37,-3.77
15.4,-0.71
16.61,2.48
21.37,8.47
16.38,8.24
20.71,8.88
20.64,12.03
23.43,9.37
21.14,6.17
20.94,7.68
27.25,9.28
19.11,4.72
18.45,5.53
19.92,1.74
12.77,2.08
24.85,6.87
24.87,12.3
22.13,5.72
7.88,3.63
7.06,2.09
20.94,4.82
25.33,9.94
24.6,9.33
18.2,9.66
19.5,7.81
18.46,5.57
16.06,4.78
12.64,5.21
24.72,8.1
25.67,12.63
26.73,13.91
22.26,15.31
21.28,13.91
15.29,8.89
22.03,7.77
24.92,9.02
26.2,11.23
28.64,13.2
23.47,10.81
13.64,5.88
17.68,6.62
10.86,7.57
14.77,4.71
20.74,6.25
21.66,9.44
26.02,11.72
29.77,16.22
30.76,18.15
24.04,12.99
21.23,9.03
18.66,9.63
25.52,16.51
29.69,18.06
31.39,19.06
30.37,20.0
29.43,16.68
29.03,18.38
30.39,21.52
26.78,17.09
25.47,16.6
26.39,14.9
27.84,16.33
26.01,9.13
24.64,11.12
26.91,15.27
30.13,18.15
28.7,18.71
26.55,19.04
24.65,18.94
25.45,19.37
23.25,9.9
24.64,10.84
25.35,12.75
20.18,8.08
24.21,10.85
24.04,16.68
26.44,18.37
26.4,19.17
26.95,19.31
27.36,19.69
23.33,14.57
25.54,15.66
24.55,17.2
28.71,18.56
25.14,16.68
28.63,17.38
31.47,19.23
30.9,19.18
31.83,19.88
32.59,21.07
33.31,18.85
31.69,19.82
33.23,20.63
31.02,19.48
31.77,20.14
32.81,21.66
30.95,21.49
31.4,20.12
29.73,17.8
32.05,18.79
33.66,21.34
31.81,16.84
29.69,15.1
32.33,17.18
32.91,20.66
31.55,21.65
30.68,21.67
31.6,21.35
33.71,23.29
33.24,23.01
33.6,23.13
33.44,21.86
25.5,14.24
27.26,13.63
26.89,13.13
28.05,14.44
29.44,15.33
30.66,18.14
31.11,19.34
30.9,19.61
29.9,17.89
28.49,15.8
29.91,16.7
29.76,15.82
30.2,15.4
31.44,16.47
32.36,17.52
30.25,18.25
29.54,17.6
31.26,17.5
30.59,15.16
29.53,14.71
30.08,16.85
28.36,20.58
29.69,19.42
31.56,16.7
29.09,15.93
30.1,17.57
29.1,19.58
32.87,19.19
33.39,19.88
31.9,19.1
29.79,19.68
26.07,18.9
24.24,12.76
25.37,12.95
27.08,14.41
21.68,20.09
26.7,14.99
26.27,12.32
28.43,13.84
29.48,18.7
23.9,17.2
29.16,17.56
28.49,15.61
29.78,16.9
28.35,13.62
25.26,12.9
27.97,13.8
23.82,12.59
24.94,15.02
30.09,15.94
34.11,18.08
32.66,19.38
32.49,19.78
32.47,15.05
27.74,13.48
29.95,15.27
31.6,16.47
28.54,14.9
29.83,14.96
30.86,15.26
31.1,17.78
31.23,16.81
31.1,17.81
27.72,9.81
26.08,9.79
29.41,13.42
25.95,9.45
32.56,11.49
31.85,17.77
32.6,18.09
33.72,15.72
33.53,17.7
32.83,17.32
30.9,9.75
21.87,8.01
26.68,8.02
20.97,12.27
21.15,5.35
23.1,6.03
24.36,5.52
27.21,10.88
21.16,1.47
13.68,1.29
21.01,2.29
20.31,2.57
23.82,4.35
11.01,1.72
15.68,1.22
17.82,1.38
21.99,3.29
24.07,9.08
21.05,9.51
16.31,3.23
19.03,2.72
18.13,8.32
14.31,8.79
18.36,9.58
18.48,3.35
19.07,3.68
15.96,8.97
12.65,9.08
9.64,-2.7
8.61,-2.65
11.06,-2.36
12.31,-1.47
15.63,3.16
11.44,-1.31
12.18,-0.63
5.73,-7.03
2.58,-7.09
8.79,-2.39
17.72,4.5
10.9,-10.49
-4.94,-13.37
-0.38,-11.84
6.47,-5.43
6.87,-5.13
8.12,-4.1
8.64,-3.77
5.57,-1.14
7.01,-1.51
7.98,3.56
12.21,4.38
7.62,-1.99
3.52,-1.11
10.16,0.27
14.62,2.25
14.83,5.44
13.22,1.24
3.54,1.19
6.29,2.35
13.29,3.33
9.19,0.98
2.41,-0.75
4.42,-0.57
10.45,-2.5
11.27,-2.91
9.7,-4.8
7.47,-4.92
13.34,-1.29
13.66,-2.88
-1.93,-7.5
2.96,-7.17
6.57,-5.2
7.85,0.04
6.43,-1.32
1.33,-1.92
0.89,-1.57
2.54,-6.2
-0.37,-10.31
3.95,-8.9
7.55,-6.04
11.23,-3.8
12.75,-3.61
14.95,-2.14
16.7,-1.93
18.41,-1.13
17.74,8.92
15.22,5.03
15.93,6.17
16.56,4.8
5.2,0.97
2.4,-0.39
9.13,-0.72
10.38,6.28
10.36,2.8
3.49,-2.56
9.43,-2.61
8.97,-2.6
9.38,-2.66
4.27,-3.42
13.97,-3.05
17.3,9.67
17.9,1.8
5.43,1.23
7.04,0.66
9.66,-0.64
12.51,0.82
4.65,-4.79
3.05,-4.76
10.85,-9.15
-7.7,-10.22
-3.06,-9.2
0.07,-8.93
3.45,-8.1
8.31,0.52
7.39,1.13
1.6,-0.66
6.96,-3.25
3.02,-2.14
1.64,0.09
2.3,-0.01
4.06,0.02
3.43,-0.13
5.88,-0.15
17.84,1.45
20.44,3.62
14.21,0.32
3.07,-0.73
0.02,-2.87
1.68,-3.01
2.03,-4.07
10.18,-2.97
5.6,0.4
5.49,-1.77
2.51,-1.25
2.76,-12.86
-4.45,-13.36
7.53,-9.4
10.38,-1.86
11.71,-0.19
9.96,-3.47
6.26,-3.93
1.06,-9.36
3.38,-9.19
9.52,-5.53
13.27,1.64
6.8,4.9
7.11,1.77
2.53,-3.57
2.49,-4.33
2.57,-6.89
4.1,-6.96
17.32,-2.41
11.9,8.49
14.56,0.79
15.97,-1.33
15.7,-0.79
2.84,-5.15
10.15,-4.95
18.42,0.45
17.59,9.84
13.31,4.62
10.34,3.96
16.13,3.71
11.1,1.87
5.53,0.84
7.65,0.87
9.82,3.48
12.44,3.74
15.06,4.85
19.87,11.3
21.38,-0.18
3.44,-1.56
5.47,-1.1
11.05,2.33
11.41,2.94
16.97,3.35
19.61,6.49
23.71,12.3
25.47,16.01
18.31,7.25
16.35,5.12
7.54,3.92
11.45,0.14
16.64,1.39
20.96,6.82
19.16,6.88
13.99,6.31
21.29,7.73
26.18,14.46
27.09,6.81
12.09,-0.07
10.75,0.33
16.85,5.8
16.4,7.49
8.71,0.22
8.43,-3.23
10.02,-4.38
9.59,-0.03
10.19,0.62
12.89,1.34
14.79,2.8
18.63,4.06
14.0,0.06
22.34,3.05
13.21,9.38
19.82,7.81
18.96,6.44
16.49,1.59
19.44,4.72
24.34,13.68
17.56,6.63
9.82,5.46
20.26,6.07
28.14,13.34
21.8,6.42
20.62,7.47
9.35,4.63
16.07,3.71
19.96,6.75
13.1,-2.01
13.68,-0.31
18.31,3.27
10.59,2.1
16.53,3.78
14.26,8.24
27.36,13.28
24.28,15.64
26.94,16.87
24.84,15.3
19.76,14.18
19.15,12.15
14.26,11.67
17.67,12.53
25.22,13.82
28.21,16.99
30.44,17.81
30.97,18.12
30.31,19.2
26.22,18.79
27.37,17.79
24.84,12.45
23.32,11.54
22.32,8.13
24.92,12.21
31.14,18.23
31.66,19.95
29.39,18.12
30.85,18.42
32.77,15.93
29.42,16.02
31.11,18.44
28.76,22.39
31.22,15.11
27.49,13.31
29.8,13.15
26.41,12.86
24.57,10.66
25.42,12.4
27.93,14.18
28.88,14.62
29.38,15.76
31.57,17.9
32.93,18.48
28.36,18.48
30.38,19.19
26.56,16.95
27.42,14.88
29.29,16.76
31.69,20.83
25.5,20.05
27.36,20.77
30.16,20.4
30.2,19.83
31.6,19.97
31.36,18.76
32.47,19.77
33.63,20.32
33.77,21.04
32.89,20.7
33.19,21.14
32.21,20.62
33.69,21.12
30.49,19.03
32.32,17.17
28.46,15.87
28.42,15.7
30.38,16.56
31.7,19.01
25.93,17.78
30.97,18.93
32.8,22.72
33.47,20.97
31.36,20.66
31.95,20.3
29.2,20.9
30.24,18.03
30.12,17.43
31.0,18.19
33.18,21.73
32.22,19.32
30.38,17.79
30.91,19.64
22.85,19.24
25.97,18.82
26.02,17.02
26.91,17.15
27.34,16.85
24.94,12.36
24.27,12.76
25.37,13.6
26.56,13.1
28.46,16.18
30.67,18.96
30.08,19.39
29.01,19.58
28.58,19.76
29.78,20.0
28.44,18.74
30.47,18.87
28.51,16.75
29.97,17.1
23.95,13.41
25.48,12.96
26.62,12.43
27.66,15.72
28.62,18.03
29.15,19.04
31.61,20.27
32.81,20.28
31.42,21.36
28.39,22.19
29.09,20.51
29.69,13.72
26.42,14.91
26.82,17.76
27.18,19.31
27.22,18.65
29.07,13.73
26.17,8.1
27.38,9.84
26.51,16.21
29.88,17.29
31.07,16.4
31.05,16.52
29.15,17.95
23.24,17.68
28.44,17.66
27.78,13.75
25.84,11.33
23.42,8.47
25.96,8.69
27.57,10.01
19.85,5.8
20.46,4.3
23.11,4.78
24.31,6.29
24.53,8.42
23.09,9.62
24.87,10.22
26.23,11.11
24.64,13.39
26.39,14.1
17.71,6.32
18.27,6.38
25.04,4.76
20.3,2.13
17.33,2.87
18.69,7.09
14.9,-0.42
17.67,0.44
23.51,4.63
29.79,6.59
26.61,7.16
28.46,9.08
24.43,14.81
26.8,14.78
25.29,4.4
21.05,4.24
26.17,5.85
16.8,-0.88
15.09,-1.56
17.31,1.38
16.95,8.69
10.85,7.17
17.27,7.63
18.93,11.83
27.55,12.54
25.74,5.97
12.55,5.94
11.13,6.35
9.16,6.57
10.32,6.53
11.36,7.62
10.06,2.85
10.31,-1.44
14.96,-0.66
10.6,-3.3
9.49,-2.89
18.75,-0.65
22.36,5.25
20.28,3.73
21.28,3.09
23.27,3.53
26.6,9.51
25.93,10.37
24.95,11.07
12.76,-0.89
13.28,-0.81
12.92,-2.9
16.96,-1.24
13.58,1.44
13.75,1.39
6.65,-2.22
10.31,-2.19
18.56,6.11
17.55,8.01
9.28,5.76
8.31,1.29
9.99,0.87
10.88,4.46
14.76,7.88
10.33,7.3
12.5,-1.14
9.5,-2.91
11.8,-2.15
2.51,-2.37
1.8,-6.19
7.51,-6.09
7.26,-4.07
7.83,-3.17
7.0,-4.35
3.22,-3.92
1.58,-1.0
2.97,-0.68
14.02,-2.14
16.35,-1.74
17.93,4.44
15.94,3.56
5.59,1.52
1.83,-6.7
1.67,-6.43
0.86,-1.69
0.27,-5.96
3.44,-6.33
5.38,0.66
6.89,0.63
9.84,0.14
7.72,-0.88
13.14,-2.3
-2.38,-11.54
-7.59,-11.83
3.96,-9.59
12.06,-1.51
2.85,-3.7
5.18,-4.56
10.53,-2.79
0.2,-2.99
9.37,0.08
3.31,1.04
2.26,-3.46
7.78,-3.03
1.74,-0.52
2.83,-0.69
3.49,-0.75
0.48,-2.45
-0.24,-7.13
-0.23,-6.03
-1.84,-4.51
3.65,-4.19
8.39,-1.9
9.25,-0.4
5.78,-1.83
1.49,-2.04
1.3,-2.02
2.67,-1.97
7.38,-3.18
3.27,-3.66
11.07,-1.94
2.67,-9.96
1.91,-10.05
1.51,-1.42
3.53,-0.42
7.02,-0.66
0.29,-9.1
-0.72,-10.9
1.4,-10.96
3.49,-3.02
4.92,-2.55
-0.76,-5.99
1.11,-6.18
3.35,-5.51
3.9,-4.21
3.34,-6.95
2.15,-12.41
-4.79,-13.66
0.21,-8.59
-1.17,-6.17
-4.27,-7.64
-3.51,-7.64
-2.3,-6.75
-2.74,-11.22
-4.37,-11.98
-7.38,-12.1
-6.64,-17.12
-4.39,-16.49
-1.63,-13.45
-2.51,-15.15
0.72,-11.21
7.95,-8.62
5.05,1.35
13.34,0.8
16.85,-2.6
8.53,-2.79
7.65,-0.59
12.59,6.01
16.75,1.36
8.22,-4.57
7.27,-4.74
17.8,-1.52
11.98,-4.2
8.67,-5.46
9.25,-4.39
11.49,-3.96
18.92,-1.55
19.35,1.66
20.75,10.11
18.44,5.7
15.47,4.47
13.34,-0.32
10.57,0.94
4.77,0.76
13.91,3.18
17.05,5.63
14.63,-0.57
10.24,-2.72
15.94,-2.5
19.02,0.19
19.45,4.25
19.63,8.54
22.43,6.48
17.36,7.7
13.26,4.1
23.31,5.34
10.46,-1.7
15.1,-0.9
22.91,5.5
11.25,-1.98
4.99,-6.03
9.08,-4.9
18.23,-0.02
24.15,5.23
24.98,7.58
25.84,9.4
27.01,11.46
20.98,10.12
26.47,9.77
18.21,8.8
11.55,8.65
20.38,8.42
19.57,8.38
17.8,2.63
13.68,1.11
16.67,1.95
14.42,1.75
17.77,2.43
20.08,2.96
15.26,-2.28
8.57,-2.06
12.79,0.87
15.91,3.84
11.78,5.56
17.14,3.46
24.01,5.39
27.95,15.96
25.51,16.81
20.88,9.84
21.95,2.31
23.35,5.47
25.4,13.72
22.33,15.31
19.79,8.57
17.09,3.61
17.42,3.67
17.6,1.68
14.91,4.67
15.78,1.85
16.16,4.31
16.13,3.45
17.27,3.37
19.69,4.6
21.47,5.69
22.55,10.14
21.62,12.89
21.29,14.25
25.24,14.89
26.94,15.78
28.82,15.43
28.86,13.8
29.81,15.15
30.39,16.17
31.23,16.42
31.26,18.66
25.2,17.24
27.47,17.64
22.12,7.32
14.76,4.46
20.08,6.79
23.5,10.59
24.24,14.03
19.13,15.85
22.41,14.52
29.71,14.96
29.53,16.65
28.18,18.99
27.85,20.44
25.12,20.66
25.64,20.69
27.54,19.91
30.86,19.57
33.41,20.07
31.79,15.2
31.58,14.21
27.71,13.81
27.37,13.96
29.74,15.66
32.81,18.91
28.3,18.35
30.61,21.17
27.21,12.4
22.42,11.56
25.24,13.06
27.65,19.66
27.45,22.31
29.81,22.19
31.39,21.07
32.25,21.16
33.85,21.23
28.51,20.1
26.72,14.11
24.36,13.54
26.17,14.45
30.28,18.16
31.34,19.47
32.0,19.59
30.95,20.85
27.67,15.94
23.67,16.32
24.96,17.57
25.45,19.96
28.29,20.85
27.45,18.9
29.02,20.16
31.12,20.39
28.28,20.45
27.09,19.09
27.8,17.46
28.21,17.51
29.15,17.69
27.42,17.32
27.64,17.03
29.1,17.99
30.35,19.3
30.81,21.11
31.56,17.44
31.41,18.49
31.17,19.84
31.35,20.37
27.71,17.41
22.57,13.85
27.35,12.85
25.88,13.48
27.0,13.94
27.93,14.9
29.26,16.53
28.49,18.87
30.46,19.15
30.91,19.04
26.24,21.6
32.82,23.43
32.58,24.1
34.08,21.04
30.25,20.58
28.48,18.93
24.58,18.51
27.92,19.55
29.08,19.67
31.06,20.73
30.42,19.48
31.29,19.74
31.51,19.39
32.92,20.29
33.32,20.33
33.75,21.13
30.8,20.41
33.99,20.52
33.93,20.49
33.23,21.25
32.87,21.16
26.38,19.96
26.65,18.64
26.72,13.61
26.34,13.48
26.15,13.85
25.79,17.79
26.62,13.01
29.04,13.48
29.28,16.9
27.64,12.85
25.51,12.09
26.23,12.5
28.07,15.56
29.94,18.08
30.36,18.35
30.88,19.97
24.76,14.7
28.14,15.21
31.07,16.99
32.0,18.35
29.86,18.92
23.1,18.64
24.71,14.18
14.75,9.93
19.75,7.21
23.31,7.82
21.53,7.66
24.39,8.59
29.55,14.81
29.53,15.31
29.81,14.98
27.91,13.45
26.93,13.47
23.9,15.77
24.51,16.35
22.8,14.94
25.68,15.91
24.68,17.13
24.38,15.94
26.13,14.25
28.77,14.27
28.77,18.3
27.64,17.78
19.48,11.36
24.98,11.96
28.09,18.87
25.25,9.55
17.09,4.99
20.32,4.55
21.89,4.84
21.88,5.85
23.03,6.99
20.67,10.21
12.49,7.53
15.83,7.43
23.37,12.5
16.15,8.61
14.23,1.72
15.56,1.6
12.6,8.72
16.4,10.58
13.32,9.04
17.73,2.93
12.44,2.14
9.78,-2.54
9.94,-2.57
10.68,-2.56
11.92,-2.62
14.66,-1.48
17.82,-1.0
21.39,1.97
17.09,3.9
20.68,5.56
16.66,2.79
10.9,1.8
4.29,0.48
5.28,-2.87
4.83,-2.45
16.56,-0.17
18.79,4.35
8.68,-3.83
6.08,-4.39
12.29,-1.64
8.12,-1.62
4.91,-6.32
5.86,-6.34
13.2,-0.29
9.19,-4.28
1.4,-4.88
9.64,-0.06
8.16,-5.66
7.58,-6.02
13.24,0.12
11.2,3.53
18.37,1.9
17.65,1.18
12.96,0.79
17.15,2.01
6.22,-5.86
-2.11,-5.7
5.68,-5.88
14.5,-1.02
19.29,9.56
17.3,-2.43
9.3,-2.81
12.34,-1.62
14.16,-1.44
18.46,11.72
16.54,-1.43
7.49,-1.48
10.66,-1.67
2.09,-5.32
6.81,-5.35
7.79,-5.06
3.22,-5.46
11.46,-3.33
17.89,8.62
20.74,7.07
15.59,5.43
20.39,5.55
11.36,4.3
9.59,5.27
9.03,5.55
17.58,8.72
14.2,2.08
1.83,-5.55
1.08,-6.33
5.97,-5.92
5.87,-9.1
-6.57,-13.31
-6.72,-13.51
6.34,-10.41
6.22,-8.68
0.43,-10.3
1.85,-10.1
10.39,-1.43
8.31,-1.36
2.07,-3.02
0.25,-6.86
2.01,-6.95
-1.91,-4.75
6.71,-5.1
9.77,-7.28
-3.49,-8.6
-2.85,-12.82
0.65,-12.71
2.9,-6.78
4.92,-7.7
-1.47,-14.65
-4.6,-15.1
2.2,-9.06
-0.95,-15.93
-2.62,-16.04
5.53,-7.26
5.58,-7.08
16.59,0.3
7.6,-1.88
-1.57,-7.29
-4.24,-12.08
-5.54,-12.89
2.98,-10.2
1.52,-9.9
8.62,-8.38
11.14,-1.79
6.29,-2.65
11.91,-1.86
-1.94,-8.42
-2.29,-9.64
0.75,-9.75
12.62,-7.62
17.17,8.31
12.57,-5.67
2.16,-6.22
1.02,-6.12
15.2,-4.0
17.93,4.69
16.82,-2.42
-1.66,-3.19
2.55,-1.92
-0.27,-4.28
3.49,-5.69
10.29,-5.57
11.96,-3.88
19.48,2.38
21.45,2.18
7.71,-1.27
13.41,-1.41
23.85,7.06
22.6,9.3
13.58,0.12
4.29,0.16
10.42,-0.63
11.33,-0.5
6.25,-8.85
-1.91,-9.05
11.66,-2.98
18.59,2.4
20.0,3.11
22.01,3.12
22.96,4.68
17.53,8.27
8.92,2.36
18.24,1.91
21.9,3.7
18.09,9.22
19.7,6.42
11.06,4.5
7.61,2.77
5.33,-2.63
6.75,-5.39
6.92,-5.12
8.82,0.74
26.4,7.71
7.81,1.41
6.81,-2.95
13.29,-2.52
15.91,0.45
16.39,5.98
14.23,6.64
14.38,5.87
11.49,2.5
9.18,1.42
8.0,-1.78
18.35,-1.06
18.02,10.8
22.11,10.82
20.83,3.88
16.37,3.64
21.78,7.56
17.37,1.83
11.25,1.79
7.34,0.78
11.97,1.08
19.32,6.72
19.12,8.3
26.04,9.49
28.95,14.6
28.38,17.51
18.41,3.7
14.62,2.48
18.91,3.34
19.01,7.66
22.62,11.96
26.51,13.51
22.41,6.68
22.33,8.34
25.97,10.12
15.55,10.22
16.39,12.45
22.08,9.47
18.32,8.48
22.14,9.58
26.39,12.43
29.69,17.61
31.43,14.09
30.64,14.84
29.85,15.06
29.68,13.92
30.28,12.68
25.78,12.07
28.26,13.33
21.61,14.46
28.07,15.11
30.77,19.61
28.99,16.94
20.34,10.96
19.5,10.71
24.46,11.88
29.1,17.92
22.83,14.52
20.51,11.01
22.77,12.29
27.89,14.41
30.81,18.23
31.38,19.69
30.64,19.26
24.68,12.9
27.21,12.34
28.59,12.95
28.85,15.34
28.05,18.61
27.53,16.33
28.21,14.21
25.82,14.23
22.1,14.4
26.15,15.17
29.5,19.66
33.64,23.6
34.53,24.03
34.04,24.14
33.07,24.73
31.02,16.24
26.41,12.28
26.7,12.99
30.72,14.01
33.63,18.49
34.59,17.54
30.5,15.96
31.13,16.54
30.94,17.71
28.72,15.56
26.99,10.73
26.67,10.59
29.69,14.53
33.15,20.76
33.38,21.1
30.61,19.5
30.98,18.65
32.9,20.54
36.43,24.37
34.77,23.0
27.58,22.08
25.92,20.51
26.85,15.98
29.73,16.72
30.77,19.25
30.63,17.47
30.57,18.17
29.81,16.45
28.83,20.5
31.56,21.22
24.96,20.58
28.8,20.07
31.09,21.14
33.6,20.45
31.72,20.34
32.93,21.18
31.16,22.87
31.99,22.04
26.84,19.49
25.22,18.91
28.72,20.89
30.51,20.61
27.47,15.6
27.53,17.17
27.05,19.31
29.83,19.77
27.69,19.5
32.57,20.68
27.83,20.48
28.38,20.91
31.69,21.53
31.93,21.37
32.21,21.98
29.3,21.12
27.94,16.56
29.19,15.87
25.34,13.49
26.85,15.11
26.26,18.68
26.79,15.81
27.88,15.73
27.92,15.44
29.35,15.49
30.14,16.53
29.5,18.89
27.11,17.68
27.5,15.81
28.52,14.56
29.69,14.88
29.82,15.83
29.94,17.91
30.06,18.88
32.82,20.92
32.24,20.24
29.36,14.4
27.81,13.95
29.73,15.39
30.26,17.77
23.53,18.64
26.86,19.55
27.54,19.9
25.95,15.96
26.73,13.57
26.14,13.39
28.92,15.47
29.46,18.64
25.52,13.25
22.02,12.29
21.23,12.32
26.9,13.17
28.35,13.39
28.2,14.41
29.0,14.9
29.6,16.79
28.75,15.69
31.54,16.32
34.59,16.16
21.78,6.44
19.71,7.69
25.63,12.07
23.85,10.53
20.79,5.84
19.63,4.59
16.83,4.94
19.97,5.43
21.49,5.67
23.32,6.35
21.93,5.99
21.45,2.74
22.57,3.41
24.96,4.99
24.22,8.26
16.31,0.45
14.85,0.05
18.46,1.87
23.5,4.29
24.23,9.07
22.82,5.23
17.49,0.79
19.75,1.31
17.2,3.32
22.31,3.17
9.3,0.75
7.03,-1.24
12.26,-2.08
15.34,-0.47
22.8,5.05
25.26,11.29
25.51,10.49
25.27,11.19
21.82,7.92
12.58,-0.32
14.28,0.41
19.03,2.53
21.23,3.31
15.94,8.33
17.2,12.35
20.46,7.22
18.19,6.1
22.68,6.24
24.34,12.39
20.44,6.66
21.52,5.51
18.89,5.99
17.16,5.26
22.9,5.46
22.78,8.05
17.73,-1.01
-0.19,-1.91
3.88,-3.0
6.0,-2.43
5.14,1.15
3.25,-2.05
0.11,-3.01
1.52,-7.64
2.35,-8.88
2.22,-8.69
9.7,-4.85
14.14,-3.82
15.24,-3.28
16.71,-1.53
12.39,-3.67
12.78,-3.35
12.26,5.21
7.84,5.03
15.87,-0.19
4.0,-6.1
4.37,-6.94
13.65,1.92
11.13,-6.8
5.77,-7.04
7.6,-3.65
10.18,5.72
9.6,4.15
7.1,4.05
8.54,4.92
8.12,4.61
8.57,2.56
7.73,-0.59
8.42,-0.42
12.39,4.84
6.88,1.18
4.38,-0.81
2.0,-4.58
2.44,-7.89
0.7,-7.57
7.48,-5.38
6.66,-5.21
6.63,-22.14
-16.56,-22.27
-8.23,-16.56
-6.07,-14.87
-3.33,-8.76
-0.27,-4.4
9.97,-3.47
14.15,8.6
14.63,7.68
