20170101
8.29,-1.88
12.11,6.11
13.22,-4.08
-1.32,-6.55
-4.92,-13.67
-8.89,-15.65
-6.97,-15.91
-4.93,-14.65
5.41,-6.26
13.05,-1.46
18.27,-0.46
18.77,-1.28
1.67,-1.18
3.18,0.87
4.05,0.71
15.14,4.45
14.95,3.23
5.65,0.52
10.48,2.8
14.23,7.31
18.39,5.3
15.67,6.92
8.19,2.8
7.69,2.62
15.59,1.92
2.49,-1.1
2.48,-4.23
2.35,-3.73
1.08,-6.59
7.49,-7.51
7.92,2.81
6.17,-2.24
2.41,-5.19
-0.48,-10.94
4.39,-11.05
11.23,-1.9
16.19,-1.02
16.0,2.02
5.88,-4.45
-1.44,-8.1
13.12,-3.58
18.53,8.86
15.58,-2.77
9.76,-2.63
11.98,1.61
7.89,-1.79
10.82,-0.12
19.65,4.55
17.97,6.67
16.57,2.73
20.14,3.66
17.3,9.4
20.5,11.64
20.78,13.3
24.62,1.39
1.95,-6.13
8.9,-4.79
10.71,4.94
18.4,8.24
15.48,0.66
8.08,-2.06
4.71,-2.56
12.23,-1.3
19.83,-0.25
17.58,9.39
14.05,5.54
16.51,2.68
21.85,0.74
6.85,-3.75
3.2,-6.26
4.18,-5.53
2.78,-4.37
0.6,-7.0
2.43,-7.61
7.48,-6.51
9.41,1.62
6.05,0.42
11.13,1.91
19.35,5.19
17.29,-0.67
7.14,-1.75
14.89,-1.27
24.01,12.82
24.67,13.64
18.32,6.45
19.96,7.08
15.45,9.17
17.36,8.61
24.73,11.02
12.61,4.47
11.62,2.56
19.32,4.53
21.55,11.34
20.02,8.46
21.89,4.59
9.69,1.56
14.1,-0.45
19.42,1.84
25.67,9.84
25.99,15.18
19.62,5.09
20.46,5.86
26.64,7.61
28.36,11.74
28.62,17.06
27.5,11.98
21.37,8.13
25.7,9.88
28.08,16.91
27.73,9.57
15.67,7.43
13.63,5.19
21.15,6.24
24.62,8.19
24.74,11.6
29.0,15.19
17.62,7.32
19.8,9.31
26.46,14.64
24.36,13.05
16.41,7.65
18.74,4.4
12.23,6.22
12.37,7.4
12.58,4.81
17.56,3.33
17.85,1.55
18.75,4.21
21.49,11.29
29.38,13.43
20.02,11.65
20.13,7.55
24.22,11.46
27.38,13.25
28.35,14.02
29.79,16.32
28.95,20.49
28.83,18.7
28.1,15.22
26.43,14.48
25.81,8.75
22.93,9.8
23.61,13.26
17.93,13.06
18.58,10.46
26.58,13.79
28.75,16.78
24.79,14.91
28.43,13.8
26.89,12.86
27.11,10.38
26.69,10.64
29.16,12.19
30.91,15.19
31.18,18.3
30.89,15.02
25.56,12.55
21.38,9.83
24.78,12.03
28.85,14.14
30.0,15.53
31.5,18.65
33.13,20.58
30.98,19.25
31.98,19.24
28.4,18.32
31.0,18.93
30.92,20.75
27.91,16.27
27.64,14.85
29.67,16.65
32.16,19.64
28.01,21.32
24.3,16.24
25.82,11.98
25.61,11.37
24.17,10.68
23.89,11.05
27.46,14.6
30.93,20.36
28.9,19.31
29.02,16.79
30.03,17.09
30.65,18.44
30.45,19.23
29.41,20.51
26.17,18.96
31.2,16.99
27.98,14.06
29.28,16.37
29.64,21.99
26.59,19.86
32.15,21.51
30.13,21.87
29.32,15.07
28.43,15.72
30.27,17.22
30.78,19.1
31.48,18.32
31.17,19.61
32.27,22.13
33.36,22.91
33.65,21.34
29.61,19.62
29.33,16.36
27.54,15.88
29.87,17.62
28.7,22.4
28.19,15.66
25.9,13.22
28.53,15.3
30.05,17.14
29.28,18.12
29.52,17.21
30.39,18.52
24.0,11.03
25.67,12.57
22.39,16.98
25.71,14.02
26.86,11.49
27.44,13.1
29.49,15.16
27.74,16.41
27.3,13.34
27.94,15.7
28.57,17.03
30.98,18.49
32.0,20.27
31.08,19.56
29.86,18.55
31.62,18.31
32.54,18.93
32.59,20.41
28.23,14.67
26.78,11.44
26.27,11.82
25.88,11.13
26.16,11.75
27.89,13.44
27.33,16.42
26.13,14.95
27.88,15.75
27.66,15.53
16.4,12.58
22.82,12.23
28.16,13.19
30.95,15.88
23.35,8.59
20.26,7.58
21.61,7.69
25.47,9.45
23.53,8.52
23.34,8.4
22.89,9.09
21.23,14.38
18.6,16.01
23.16,12.74
28.28,13.05
29.87,15.28
30.64,16.67
27.91,19.58
27.34,17.84
31.08,18.41
33.03,19.19
32.95,17.63
32.63,16.83
32.78,15.27
32.35,15.47
32.44,17.08
29.3,12.24
23.41,8.01
24.99,7.12
24.81,5.45
24.69,5.71
27.17,10.42
29.31,14.67
26.71,17.79
23.43,17.49
27.45,17.81
28.71,12.71
19.4,13.9
21.75,14.48
21.39,15.83
18.28,13.65
17.67,13.43
23.61,10.98
29.0,15.32
22.89,7.14
17.67,3.23
20.4,3.12
21.84,4.29
24.8,7.09
25.5,7.46
23.89,9.44
25.82,14.16
17.5,8.0
11.01,4.66
11.52,-0.35
17.4,-0.24
12.97,2.05
4.61,1.58
4.37,-1.36
7.76,-0.48
7.76,-0.52
15.49,1.8
20.13,12.34
16.41,6.28
19.91,9.11
23.37,9.28
12.56,6.49
9.61,4.2
11.7,-0.85
13.87,-2.34
3.23,-3.8
7.17,-3.46
8.07,1.99
7.74,0.2
11.92,0.17
9.79,0.77
5.8,-1.77
16.07,0.65
18.32,2.06
4.19,-3.67
10.2,-3.31
13.94,-3.34
5.75,-5.01
9.05,-2.43
14.42,-1.51
15.74,-2.28
13.1,-2.89
17.64,0.63
17.82,4.59
15.09,2.83
13.25,-2.47
12.31,-2.84
13.5,-1.74
15.32,-1.1
18.67,3.08
9.21,-2.08
7.91,-2.24
-0.16,-8.8
0.48,-9.28
0.4,-6.38
3.87,-6.16
9.74,-4.03
0.35,-7.84
8.18,-5.71
0.5,-5.82
0.99,-4.26
10.89,-0.68
7.76,2.82
7.69,5.35
9.81,1.76
9.17,-2.05
13.21,-1.97
12.06,2.48
3.25,-1.47
1.82,-6.17
-1.24,-7.82
-5.4,-16.25
-8.47,-16.53
-4.19,-12.3
-3.02,-7.2
-4.62,-14.7
-7.96,-18.15
-10.79,-20.58
-6.64,-20.59
-2.95,-15.9
-6.35,-17.24
-7.3,-18.64
-5.51,-18.88
3.44,-9.56
3.6,0.09
5.84,-0.12
14.45,4.32
14.72,-2.45
-1.92,-9.72
-2.83,-16.2
-4.47,-15.84
-2.48,-16.17
-11.83,-17.38
-5.84,-13.68
0.35,-11.94
6.2,-6.32
9.89,0.49
12.73,6.82
13.36,2.38
3.47,-1.03
0.46,-5.2
9.12,-4.31
14.01,0.65
9.46,-3.76
11.55,-4.02
2.06,-5.2
1.57,-5.82
11.86,-1.03
6.3,-11.19
-3.44,-11.74
4.36,-6.34
3.13,-11.24
-2.13,-11.38
0.12,-4.75
0.71,-8.9
1.21,-8.41
10.3,-0.85
4.58,-1.05
1.2,-7.01
4.45,-7.37
7.02,-5.04
15.1,5.24
19.98,7.33
6.99,-1.57
2.71,-1.73
12.51,-1.29
23.25,13.04
25.48,9.99
10.37,3.67
11.31,4.38
15.84,7.08
15.05,6.14
9.73,-1.13
13.39,-1.23
16.79,-0.2
13.35,9.56
14.14,-0.27
9.66,-2.56
10.93,-2.12
11.07,-1.11
8.93,-0.03
13.99,-0.69
4.53,-2.71
0.73,-4.52
7.75,-3.91
11.09,-0.86
6.55,-1.93
5.16,-4.0
6.28,-5.47
6.08,-5.44
15.37,-2.43
9.53,-2.86
7.77,-2.17
14.72,0.13
17.03,-0.33
1.7,-1.96
6.21,-3.71
9.33,-3.4
11.02,-1.6
1.74,-2.12
7.85,-2.14
15.11,2.53
13.1,9.43
14.02,9.45
14.0,4.73
10.2,0.46
15.48,1.24
9.11,-1.08
9.84,-0.82
22.43,1.05
2.92,-3.26
10.91,-2.38
15.1,-1.98
6.31,-4.61
6.35,-2.28
6.05,-1.8
6.78,-1.76
18.7,-0.32
26.84,13.08
27.15,15.57
21.06,10.61
11.6,0.58
2.54,-0.63
10.66,0.25
21.9,1.58
13.3,-0.74
16.42,1.05
17.78,5.66
19.66,8.36
14.54,9.69
13.58,10.32
19.26,4.48
20.04,4.39
21.61,5.76
14.57,0.28
17.3,0.93
23.57,5.52
27.71,14.75
29.08,18.38
25.39,17.49
26.44,12.99
20.5,11.92
27.94,8.7
23.11,8.28
25.9,9.85
28.66,15.31
29.0,15.18
30.46,18.67
29.68,16.51
31.69,18.45
32.78,19.9
31.58,18.16
25.81,16.39
28.68,17.18
23.33,18.05
25.52,17.21
30.96,17.86
29.75,18.35
30.05,15.06
27.68,14.25
28.46,14.27
30.92,17.39
30.71,17.67
32.93,17.75
33.72,20.2
31.12,21.72
26.72,20.42
29.51,19.77
29.94,18.29
30.56,19.86
27.33,12.8
25.03,12.58
29.04,13.36
26.51,15.55
31.33,18.38
32.36,18.44
32.9,17.79
24.96,18.18
25.87,18.68
27.53,19.67
29.36,13.88
28.9,14.87
31.05,18.57
33.7,21.18
33.84,22.4
33.34,22.89
32.89,20.91
30.53,21.39
26.56,18.64
24.99,18.11
24.02,16.85
27.06,19.82
23.76,19.88
24.83,19.34
28.82,17.72
30.19,20.04
31.84,20.39
32.61,22.81
33.06,22.36
31.9,22.0
31.83,22.1
34.2,22.53
33.59,21.06
27.58,12.61
27.23,13.37
31.08,17.89
33.05,19.91
33.21,20.27
29.62,15.94
29.2,16.04
31.78,17.02
33.04,21.21
29.78,21.13
30.78,18.41
30.92,14.73
30.13,15.2
29.96,17.19
29.84,18.8
25.11,18.98
26.34,16.43
25.85,16.4
29.12,17.58
30.32,16.98
29.78,16.02
26.95,14.39
27.19,14.94
27.24,17.53
23.36,18.47
23.93,17.3
27.08,15.69
29.34,16.8
30.12,19.5
31.88,19.86
32.65,20.17
32.39,20.26
30.06,20.41
30.1,18.22
29.76,18.99
30.29,19.63
30.04,16.93
30.06,16.85
29.56,16.37
30.94,19.6
25.32,19.76
27.13,20.22
27.84,19.83
28.88,18.59
30.19,19.16
28.65,19.91
27.53,17.49
25.27,11.74
26.66,12.31
24.14,13.81
28.74,20.22
32.63,21.9
32.51,21.45
33.14,21.6
31.21,18.48
28.73,17.19
30.85,18.37
29.56,19.98
32.12,20.87
33.48,20.9
33.74,20.61
33.56,20.84
31.38,20.68
26.92,17.92
18.81,14.8
15.84,13.5
20.03,12.26
23.33,12.64
23.14,15.15
30.3,16.29
31.02,17.15
31.34,19.1
30.58,20.08
31.0,18.74
32.9,18.81
33.03,19.52
33.64,20.67
31.13,14.84
16.64,12.93
25.4,13.08
21.82,16.66
25.43,18.56
22.01,11.09
16.85,7.62
23.45,8.18
22.42,9.32
27.38,11.13
29.79,13.3
30.31,18.78
30.95,18.98
26.33,16.77
31.13,18.67
31.6,18.35
31.79,18.47
31.63,19.41
30.64,19.36
24.57,11.44
15.87,2.47
12.07,2.57
12.72,3.05
12.58,7.21
11.95,1.16
12.27,0.96
16.12,-0.2
14.6,-0.5
13.22,0.79
17.42,-1.84
12.38,-1.94
19.42,1.01
17.26,0.82
14.13,1.17
14.47,2.73
9.32,5.74
13.15,3.84
18.69,3.32
17.0,2.54
20.99,5.37
18.25,7.51
9.2,4.98
9.56,0.7
14.36,0.47
16.38,7.56
15.98,8.38
15.52,3.45
13.06,-1.07
6.6,0.05
7.17,-6.52
2.94,-6.77
6.41,-5.41
7.33,-0.18
2.0,-6.35
0.88,-6.22
1.45,-1.29
4.45,-1.17
8.06,0.73
10.15,0.99
5.5,1.79
3.89,-2.98
9.38,-4.0
11.93,-3.6
11.39,-1.88
13.76,0.4
15.44,0.35
2.5,-5.84
-3.56,-7.03
1.44,-7.47
6.78,-0.44
12.43,5.41
14.75,7.91
16.67,3.71
4.41,0.49
1.49,-1.75
0.5,-3.22
4.45,-6.18
4.09,-7.06
-1.98,-6.3
4.72,-7.58
0.72,-9.24
7.87,-7.07
11.45,0.77
9.26,4.56
9.95,5.78
8.72,3.19
11.19,-1.04
10.98,-3.32
7.71,-3.66
12.79,-1.75
8.38,5.54
6.42,-0.36
4.98,-1.88
2.54,-3.15
7.88,-3.09
8.52,-4.2
9.06,-3.94
13.8,4.88
13.49,-0.26
2.16,-3.2
7.14,-3.39
17.12,4.43
5.44,3.0
4.49,0.0
4.87,-1.58
10.74,-0.89
12.62,-0.58
12.75,-0.32
14.14,7.78
16.16,-1.76
-0.45,-6.57
-0.63,-6.95
1.11,-9.26
1.59,-1.76
0.66,-3.9
1.03,-7.71
1.19,-4.35
2.45,0.42
4.95,0.73
2.86,-0.23
3.35,-10.19
-6.29,-17.17
-6.49,-16.86
7.53,-7.88
10.4,-4.78
0.17,-11.89
-2.84,-12.17
2.08,-3.28
-0.44,-5.83
8.62,-9.68
-5.35,-17.03
-14.69,-19.94
-7.25,-19.04
1.1,-7.68
9.57,-3.32
18.24,2.4
13.3,2.76
10.95,2.34
14.18,8.39
16.59,-7.28
-2.46,-10.12
-0.56,-9.78
2.28,-3.88
9.28,1.41
10.99,-4.74
3.66,-4.18
13.49,0.51
1.42,-4.33
2.87,-4.9
0.67,-2.52
0.44,-4.68
2.13,-5.38
7.82,-1.52
7.66,-2.79
6.08,0.25
14.92,4.08
7.11,-5.45
5.06,-5.84
10.55,-3.48
14.24,-2.04
1.42,-1.34
4.34,-1.19
5.03,-0.6
0.23,-12.08
-6.36,-13.41
-3.71,-12.69
-0.36,-11.11
2.1,-3.66
3.67,-0.78
15.61,1.69
9.49,-0.17
11.1,-2.69
10.55,-2.87
21.13,6.33
22.13,6.84
7.17,-1.13
9.56,-2.77
12.05,-3.08
9.98,-3.51
10.81,-3.2
12.74,1.9
7.5,1.68
11.42,-3.13
13.81,-2.84
13.11,5.28
9.34,-1.99
9.44,-2.62
15.34,-2.09
21.91,5.25
16.95,10.98
14.96,-1.84
3.62,-4.52
8.46,-3.62
15.39,-0.61
16.67,2.77
21.43,8.6
16.28,8.48
20.79,9.11
20.68,12.04
23.47,9.67
21.26,6.28
21.07,7.92
27.27,9.48
19.08,4.87
18.6,5.7
19.96,1.81
12.78,2.13
24.9,7.09
24.95,12.63
22.1,5.79
7.93,3.66
7.05,2.05
21.09,4.66
25.42,10.04
24.56,9.55
18.36,9.88
19.54,8.09
18.46,5.53
16.14,4.93
12.67,5.23
24.74,8.14
25.67,12.65
26.64,13.89
22.25,15.33
21.25,14.0
15.31,9.03
22.0,7.79
24.86,9.09
26.12,11.38
28.57,13.22
23.4,10.98
13.67,5.96
17.64,6.68
10.86,7.61
14.67,4.64
20.69,6.25
21.62,9.39
25.98,11.9
29.68,16.18
30.66,18.28
24.0,13.09
21.24,9.02
18.73,9.67
25.47,16.63
29.59,18.06
31.3,19.0
30.28,20.06
29.38,16.66
28.97,18.4
30.32,21.61
26.73,17.14
25.34,16.63
26.36,14.87
27.84,16.36
26.07,9.1
24.63,11.16
26.94,15.31
30.15,18.13
28.73,18.72
26.52,19.03
24.62,18.95
25.52,19.37
23.29,9.86
24.67,10.86
25.32,12.8
20.19,8.08
24.2,10.96
24.09,16.73
26.59,18.4
26.47,19.15
27.03,19.29
27.43,19.69
23.32,14.62
25.58,15.7
24.52,17.15
28.67,18.56
25.16,16.7
28.61,17.39
31.48,19.26
30.9,19.17
31.85,19.9
32.57,21.1
33.21,18.87
31.64,19.83
33.19,20.65
30.99,19.49
31.71,20.13
32.83,21.67
30.94,21.5
31.42,20.17
29.75,17.8
32.02,18.78
33.6,21.32
31.66,16.85
29.68,15.1
32.23,17.14
32.8,20.63
31.42,21.65
30.56,21.7
31.52,21.41
33.66,23.33
33.22,22.99
33.6,23.16
33.36,21.86
25.49,14.27
27.15,13.67
26.84,13.16
28.02,14.4
29.47,15.34
30.75,18.1
31.2,19.33
30.85,19.67
29.89,18.01
28.49,15.96
29.87,16.89
29.77,15.95
30.2,15.48
31.34,16.49
32.22,17.53
30.28,18.39
29.55,17.63
31.2,17.66
30.5,15.24
29.46,14.74
30.05,16.97
28.39,20.65
29.76,19.45
31.5,16.72
29.01,15.97
30.08,17.67
29.21,19.65
32.88,19.27
33.4,19.99
31.92,19.07
29.83,19.73
26.07,18.96
24.25,12.76
25.37,13.02
27.18,14.49
21.73,20.08
26.65,15.04
26.23,12.33
28.36,13.92
29.46,18.79
23.96,17.29
29.22,17.68
28.34,15.65
29.79,17.04
28.36,13.76
25.26,12.93
28.0,13.91
23.83,12.57
24.93,14.99
30.11,15.99
34.16,18.11
32.67,19.41
32.54,19.83
32.53,15.32
27.74,13.46
30.01,15.29
31.65,16.61
28.6,14.96
29.91,15.05
30.82,15.44
30.99,17.88
31.2,16.74
31.12,17.76
27.63,9.84
26.09,9.85
29.34,13.4
25.85,9.54
32.52,11.63
31.85,17.93
32.68,18.15
33.73,16.2
33.52,17.87
32.9,17.5
31.04,10.15
21.9,8.24
26.7,8.37
21.22,12.33
20.95,5.49
23.05,6.1
24.28,6.13
27.12,11.11
21.38,1.46
13.83,1.18
20.95,2.19
20.3,2.63
23.81,4.41
10.92,1.72
15.64,1.25
17.82,1.47
22.02,3.42
24.07,9.32
21.17,9.76
16.34,3.08
19.0,2.91
18.32,8.08
14.4,8.93
18.36,9.78
18.48,3.47
19.2,3.93
16.02,9.14
12.78,9.16
9.7,-2.73
8.59,-2.7
11.05,-2.32
12.29,-1.54
15.63,3.1
11.38,-1.29
12.22,-0.72
5.79,-7.03
2.56,-7.11
8.77,-2.44
17.71,4.39
11.07,-10.44
-4.98,-13.39
-0.37,-11.94
6.4,-5.54
6.82,-5.32
8.11,-4.11
8.65,-3.76
5.56,-1.13
7.03,-1.45
8.03,3.6
12.24,4.42
7.6,-1.95
3.54,-1.0
10.12,0.23
14.61,2.28
14.84,5.57
13.24,1.3
3.53,1.21
6.3,2.41
13.36,3.3
9.22,0.95
2.42,-0.75
4.4,-0.62
10.38,-2.48
11.38,-2.87
9.69,-4.72
7.47,-4.85
13.38,-1.29
13.71,-2.81
-1.94,-7.59
3.03,-7.22
6.65,-5.15
7.89,0.26
6.39,-1.32
1.37,-1.94
0.94,-1.55
2.52,-6.18
-0.54,-10.19
4.01,-8.85
7.65,-5.88
11.27,-3.73
12.8,-3.53
15.11,-2.1
16.59,-1.88
18.47,-0.98
17.68,9.01
15.2,5.31
15.94,6.36
16.57,4.91
5.31,1.02
2.63,-0.29
9.15,-0.78
10.42,6.34
10.38,2.9
3.72,-2.57
9.42,-2.63
8.96,-2.62
9.29,-2.61
4.46,-3.41
14.01,-2.94
17.33,9.59
17.99,1.85
5.45,1.26
7.19,0.79
9.81,-0.51
12.62,0.87
4.61,-4.77
3.02,-4.75
10.86,-8.99
-7.71,-10.21
-3.07,-9.11
0.11,-8.95
3.49,-8.13
8.36,0.48
7.47,1.19
1.65,-0.66
6.96,-3.17
3.1,-2.15
1.65,0.08
2.35,-0.04
4.09,-0.01
3.44,-0.06
5.83,-0.11
17.82,1.41
20.43,3.64
14.21,0.32
3.03,-0.65
0.14,-2.81
1.61,-2.94
2.06,-4.19
10.22,-2.96
5.81,0.37
5.48,-1.74
2.51,-1.18
2.8,-12.73
-4.34,-13.26
7.51,-9.29
10.39,-1.83
11.77,-0.14
10.06,-3.5
6.34,-3.92
1.13,-9.33
3.39,-9.21
9.56,-5.64
13.3,1.49
6.81,4.79
7.16,1.68
2.63,-3.58
2.42,-4.24
2.61,-6.85
4.05,-6.87
17.3,-2.46
11.95,8.56
14.68,0.9
16.06,-1.12
15.76,-0.62
2.82,-4.99
10.31,-4.89
18.47,0.35
17.66,9.72
13.3,4.87
10.4,3.83
16.27,3.71
11.14,2.03
5.58,0.92
7.71,0.93
9.77,3.55
12.41,3.76
15.11,4.93
19.94,11.54
21.39,-0.08
3.54,-1.51
5.49,-1.1
11.25,2.46
11.48,3.05
16.98,3.48
19.73,6.6
24.04,12.44
25.61,16.14
18.32,7.43
16.33,5.2
7.59,4.03
11.45,0.31
16.63,1.69
20.98,6.95
19.38,6.97
14.08,6.56
21.32,8.01
26.18,14.47
27.15,6.94
12.18,0.03
10.78,0.47
16.89,5.82
16.43,7.61
8.73,0.36
8.47,-3.05
10.12,-4.19
9.64,-0.15
10.26,0.66
12.88,1.33
14.78,2.93
18.67,4.46
14.06,0.29
22.21,3.29
13.2,9.55
19.81,7.94
19.04,6.59
16.46,1.81
19.45,4.91
24.36,13.68
17.64,6.77
9.84,5.51
20.27,6.13
28.12,13.32
21.81,6.42
20.71,7.49
9.32,4.62
16.03,3.66
19.91,6.82
13.02,-2.01
13.6,-0.21
18.23,3.27
10.58,2.1
16.4,3.89
14.18,8.3
27.37,13.33
24.2,15.69
26.92,16.95
24.92,15.36
19.83,14.21
19.05,12.13
14.24,11.66
17.71,12.58
25.18,13.84
28.23,17.01
30.42,17.82
30.97,18.1
30.24,19.2
26.24,18.77
27.38,17.79
24.81,12.5
23.33,11.51
22.32,8.08
25.01,12.21
31.18,18.25
31.67,19.99
29.44,18.1
30.83,18.4
32.83,15.93
29.48,16.02
31.1,18.5
28.83,22.42
31.2,15.11
27.51,13.29
29.84,13.12
26.46,12.9
24.57,10.69
25.49,12.44
27.93,14.17
28.89,14.61
29.36,15.78
31.52,17.68
32.9,18.45
28.37,18.53
30.38,19.23
26.53,16.91
27.42,14.84
29.3,16.78
31.62,20.86
25.54,20.05
27.44,20.8
30.33,20.38
30.09,19.9
31.61,20.08
31.45,18.74
32.48,19.72
33.69,20.28
33.8,21.04
32.87,20.69
33.21,21.17
32.25,20.61
33.65,21.17
30.41,19.1
32.15,17.21
28.46,15.9
28.44,15.74
30.44,16.6
31.72,19.0
26.09,17.83
30.95,18.96
32.77,22.77
33.5,20.98
31.47,20.74
32.0,20.37
29.19,20.94
30.17,18.15
30.14,17.51
31.06,18.23
33.15,21.7
32.19,19.36
30.36,17.85
30.96,19.65
22.84,19.28
25.93,19.01
26.08,17.13
26.94,17.24
27.32,16.9
24.98,12.43
24.29,12.88
25.46,13.69
26.62,13.13
28.54,16.1
30.66,18.92
30.03,19.42
29.02,19.61
28.64,19.85
29.77,20.06
28.38,18.78
30.47,18.85
28.48,16.64
29.92,17.16
23.93,13.55
25.5,13.05
26.66,12.57
27.75,15.95
28.51,18.16
29.15,19.08
31.54,20.26
32.71,20.32
31.37,21.44
28.38,22.27
29.1,20.56
29.7,13.83
26.44,15.06
26.75,17.84
27.18,19.41
27.22,18.94
29.02,14.04
26.14,8.24
27.33,9.99
26.53,16.02
29.84,17.25
31.01,16.34
31.0,16.54
29.23,18.05
23.22,17.76
28.43,17.79
27.73,13.86
25.82,11.49
23.35,8.53
25.93,8.8
27.53,10.23
19.85,5.89
20.43,4.37
23.09,4.84
24.25,6.39
24.5,8.48
23.05,9.68
24.83,10.3
26.21,11.21
24.65,13.56
26.38,14.03
17.76,6.42
18.23,6.46
25.07,4.94
20.36,2.26
17.33,3.2
18.79,7.13
15.07,-0.25
17.69,0.76
23.54,4.96
29.83,6.63
26.57,7.34
28.54,9.45
24.44,15.2
26.81,15.16
25.27,4.45
21.04,4.36
26.17,6.16
16.86,-0.68
15.14,-1.39
17.34,1.28
16.93,8.81
11.0,7.19
17.27,7.85
19.0,12.02
27.61,12.81
25.76,6.12
12.49,5.96
11.09,6.39
9.13,6.71
10.33,6.67
11.4,7.83
10.1,3.11
10.26,-1.34
14.97,-0.6
10.6,-3.36
9.57,-2.93
18.8,-0.36
22.38,5.27
20.3,3.86
21.46,3.17
23.37,3.5
26.68,9.61
25.98,10.51
25.01,10.99
12.83,-0.77
13.24,-0.69
13.02,-2.74
17.05,-1.03
13.74,1.41
13.72,1.32
6.59,-2.23
10.3,-2.25
18.64,6.2
17.58,8.19
9.37,5.91
8.47,1.3
9.94,0.96
10.93,4.51
14.73,7.93
10.4,7.3
12.62,-1.04
9.6,-2.85
11.89,-2.22
2.62,-2.28
1.73,-6.14
7.49,-6.03
7.35,-4.08
7.72,-3.0
7.14,-4.29
3.37,-3.93
1.54,-1.18
2.88,-0.68
13.94,-2.08
16.48,-1.79
17.96,4.41
16.2,3.73
5.67,1.82
1.96,-6.73
1.76,-6.41
0.97,-1.59
0.3,-5.8
3.53,-6.19
5.42,0.6
7.01,0.66
9.84,0.23
7.81,-0.85
13.25,-2.04
-2.13,-11.41
-7.43,-11.79
3.95,-9.63
12.07,-1.7
2.94,-3.43
5.29,-4.37
10.71,-2.67
0.22,-2.95
9.31,0.12
3.33,1.09
2.4,-3.25
7.84,-2.8
1.89,-0.47
2.94,-0.53
3.62,-0.69
0.56,-2.32
-0.03,-7.09
0.0,-6.11
-1.65,-4.45
3.72,-4.2
8.44,-2.05
9.33,-0.33
5.79,-1.76
1.59,-1.91
1.34,-1.93
2.67,-1.88
7.36,-2.92
3.39,-3.5
11.11,-2.1
2.82,-9.85
1.99,-9.93
1.47,-1.38
3.63,-0.39
7.15,-0.52
0.34,-8.86
-0.61,-10.96
1.49,-10.97
3.5,-3.18
5.05,-2.53
-0.78,-5.93
1.14,-6.17
3.31,-5.47
3.98,-4.16
3.43,-6.72
2.29,-12.14
-4.65,-13.41
0.47,-8.59
-1.02,-6.07
-4.22,-7.59
-3.39,-7.57
-2.1,-6.68
-2.63,-10.89
-4.15,-11.65
-7.25,-11.99
-6.57,-17.02
-4.3,-16.31
-1.55,-13.32
-2.36,-15.02
0.8,-11.18
8.07,-8.67
5.02,1.22
13.34,0.71
16.95,-2.54
8.57,-2.72
7.71,-0.57
12.64,6.11
16.78,1.56
8.3,-4.5
7.39,-4.65
17.8,-1.51
11.97,-4.06
8.76,-5.19
9.32,-4.23
11.59,-3.89
18.9,-1.52
19.49,1.42
20.82,9.74
18.44,6.12
15.64,4.66
13.44,-0.34
10.54,1.02
4.77,0.85
14.08,3.12
17.25,5.75
15.07,-0.43
10.33,-2.52
16.1,-2.4
19.2,0.28
19.61,4.18
19.8,8.63
22.63,6.54
17.48,7.85
13.4,4.05
23.42,5.5
10.57,-1.68
15.14,-0.73
23.0,5.53
11.34,-1.95
5.04,-5.88
9.22,-4.66
18.27,0.17
24.18,5.37
25.07,7.63
25.91,9.48
27.06,11.79
21.07,10.24
26.59,10.25
18.29,8.89
11.54,8.48
20.43,8.33
19.51,8.58
17.83,2.67
13.78,1.01
16.75,2.18
14.44,1.83
17.84,2.63
20.14,2.9
15.63,-2.05
8.63,-1.87
12.85,0.69
16.0,3.79
11.82,5.84
17.28,3.42
24.08,5.83
27.98,16.2
25.62,16.96
20.94,9.85
21.91,2.22
23.23,5.47
25.24,13.73
22.34,15.32
19.91,8.6
17.06,3.55
17.39,3.71
17.66,1.68
15.0,4.73
15.86,1.85
16.21,4.34
16.1,3.49
17.28,3.3
19.65,4.51
21.4,5.61
22.51,10.42
21.59,12.88
21.48,14.23
25.26,14.89
26.96,15.73
28.81,15.34
28.77,13.76
29.68,15.12
30.31,16.11
31.13,16.33
31.19,18.63
25.2,17.23
27.4,17.63
22.12,7.54
14.67,4.43
20.08,6.76
23.47,10.68
24.16,14.1
19.07,15.89
22.36,14.43
29.62,14.94
29.51,16.84
28.18,19.04
27.81,20.43
25.07,20.67
25.62,20.68
27.48,19.92
30.79,19.53
33.34,20.04
31.72,15.17
31.53,14.13
27.63,13.74
27.35,13.87
29.7,15.68
32.77,18.94
28.27,18.34
30.6,21.29
27.3,12.4
22.36,11.45
25.24,13.04
27.65,19.68
27.43,22.27
29.78,22.12
31.34,21.03
32.23,21.13
33.83,21.25
28.58,20.19
26.71,14.17
24.4,13.52
26.21,14.53
30.3,18.22
31.37,19.54
31.96,19.57
30.98,20.85
27.7,15.98
23.71,16.31
25.05,17.54
25.54,20.0
28.32,20.9
27.48,18.91
29.04,20.15
31.14,20.46
28.29,20.46
27.11,19.12
27.81,17.45
28.23,17.49
29.18,17.7
27.4,17.26
27.64,16.97
29.13,17.99
30.39,19.3
30.86,21.11
31.61,17.41
31.43,18.46
31.18,19.88
31.26,20.37
27.71,17.39
22.62,13.81
27.34,12.77
25.9,13.43
27.02,13.92
27.92,14.86
29.29,16.45
28.49,18.7
30.47,19.05
30.92,19.2
26.24,21.59
32.8,23.34
32.59,24.06
34.08,21.02
30.31,20.54
28.46,18.92
24.62,18.49
27.91,19.52
29.08,19.61
31.08,20.68
30.42,19.41
31.29,19.6
31.53,19.28
32.95,20.15
33.34,20.31
33.76,21.17
30.83,20.38
33.99,20.46
33.92,20.34
33.17,21.21
32.91,21.12
26.31,19.89
26.62,18.66
26.74,13.56
26.32,13.42
26.1,14.0
25.8,17.81
26.56,12.99
29.04,13.61
29.26,16.91
27.62,12.82
25.49,12.01
26.2,12.53
28.04,15.64
29.91,18.07
30.33,18.41
30.86,19.87
24.82,14.76
28.11,15.3
31.07,17.0
31.97,18.3
29.86,18.97
23.13,18.63
24.69,14.14
14.77,10.03
19.68,7.15
23.32,7.92
21.6,7.6
24.4,8.64
29.49,14.78
29.5,15.22
29.78,14.93
27.82,13.16
26.91,13.27
23.97,15.59
24.39,16.37
22.89,14.89
25.77,15.86
24.69,17.1
24.41,15.95
26.18,14.31
28.77,14.42
28.81,18.23
27.68,17.77
19.67,11.41
25.04,12.02
28.06,18.82
25.21,9.61
17.17,4.88
20.4,4.52
21.9,4.84
21.94,5.99
23.07,7.03
20.83,10.12
12.49,7.41
15.83,7.46
23.28,12.47
16.25,8.45
14.32,1.64
15.56,1.64
12.65,8.66
16.38,10.58
13.34,9.07
17.7,2.78
12.46,2.15
9.8,-2.55
9.98,-2.6
10.76,-2.63
11.95,-2.63
14.67,-1.58
17.83,-0.92
21.39,2.06
17.17,3.79
20.73,5.76
16.74,2.87
10.88,1.73
4.34,0.45
5.3,-2.84
4.88,-2.37
16.55,-0.26
18.87,4.3
8.67,-3.85
6.07,-4.45
12.26,-1.7
8.1,-1.63
4.96,-6.37
5.88,-6.4
13.18,-0.33
9.16,-4.28
1.51,-4.82
9.64,-0.15
8.17,-5.64
7.52,-6.0
13.32,0.15
11.25,3.35
18.5,1.89
17.68,1.32
13.14,0.71
17.18,1.94
6.38,-5.84
-1.98,-5.51
5.73,-5.88
14.61,-1.22
19.24,9.54
17.22,-2.51
9.33,-2.8
12.35,-1.77
14.23,-1.52
18.44,11.74
16.57,-1.39
7.67,-1.39
11.0,-1.71
2.1,-5.32
6.88,-5.33
7.81,-5.02
3.33,-5.51
11.54,-3.54
17.87,8.84
20.91,7.32
15.73,5.68
20.54,5.53
11.45,4.32
9.72,5.48
9.0,5.63
17.58,8.66
14.24,2.06
1.89,-5.58
1.09,-6.43
6.01,-5.99
6.02,-9.07
-6.61,-13.26
-6.74,-13.48
6.35,-10.49
6.29,-8.67
0.44,-10.42
1.82,-10.18
10.42,-1.49
8.36,-1.42
2.06,-3.03
0.29,-6.82
1.82,-6.9
-1.9,-4.68
6.64,-5.09
9.83,-7.27
-3.48,-8.64
-2.85,-12.94
0.66,-12.82
2.88,-6.94
5.05,-7.68
-1.48,-14.72
-4.57,-15.17
2.2,-9.1
-0.93,-16.18
-2.65,-16.27
5.55,-7.32
5.64,-6.97
16.53,0.18
7.66,-1.85
-1.55,-7.23
-4.23,-12.0
-5.45,-12.82
3.09,-10.3
1.77,-9.85
8.66,-8.33
11.22,-1.68
6.44,-2.56
12.07,-1.83
-1.72,-8.34
-2.16,-9.64
0.82,-9.75
12.67,-7.55
17.19,8.31
12.63,-5.57
2.16,-6.16
0.99,-6.14
15.21,-4.04
17.92,4.59
16.77,-2.39
-1.59,-3.16
2.59,-1.9
-0.26,-4.25
3.5,-5.7
10.26,-5.58
11.96,-3.83
19.52,2.21
21.47,2.17
7.87,-1.19
13.44,-1.29
23.88,6.98
22.59,9.74
13.91,0.21
4.41,0.26
10.44,-0.8
11.46,-0.56
6.59,-8.75
-1.9,-8.99
11.68,-3.11
18.56,2.6
20.05,3.11
22.05,3.01
22.94,4.79
17.49,8.17
8.88,2.34
18.24,1.83
21.89,3.69
18.24,9.28
19.76,6.49
11.13,4.53
7.64,2.87
5.33,-2.54
6.73,-5.47
6.99,-5.06
8.84,0.76
26.41,7.85
7.86,1.37
6.83,-2.94
13.27,-2.2
15.97,0.7
16.45,5.92
14.23,6.5
14.41,5.85
11.6,2.53
9.25,1.38
8.03,-1.79
18.36,-0.65
18.06,10.64
22.11,10.84
20.86,3.84
16.46,3.69
21.95,7.65
17.46,1.7
11.22,1.82
7.38,0.77
12.0,1.2
19.37,6.75
19.15,8.25
26.13,9.94
29.07,15.1
28.43,17.53
18.59,3.61
14.68,2.31
18.98,3.59
19.04,7.65
22.76,11.91
26.49,13.49
22.46,6.61
22.4,8.63
26.03,10.12
15.55,10.23
16.37,12.4
22.16,9.53
18.32,8.37
22.11,9.64
26.38,12.56
29.7,17.62
31.42,13.94
30.64,14.87
29.88,15.1
29.8,13.87
30.4,12.76
25.87,11.9
28.31,13.37
21.68,14.55
28.08,15.26
30.77,19.78
29.05,16.86
20.38,10.91
19.47,10.59
24.42,11.95
29.1,17.98
22.72,14.5
20.47,10.99
22.82,12.3
27.9,14.56
30.85,18.25
31.34,19.54
30.68,19.24
24.67,12.82
27.23,12.24
28.58,12.98
28.82,15.42
27.99,18.61
27.52,16.3
28.17,14.21
25.79,14.17
22.13,14.43
26.09,15.23
29.46,19.71
33.63,23.69
34.56,23.95
34.01,24.1
33.06,24.66
30.99,16.11
26.37,12.16
26.69,12.93
30.73,14.02
33.63,18.5
34.59,17.35
30.47,15.76
31.11,16.37
30.9,17.77
28.77,15.44
26.96,10.73
26.66,10.54
29.63,14.53
33.14,20.84
33.38,21.09
30.62,19.48
30.97,18.5
32.83,20.69
36.4,24.33
34.75,22.91
27.61,22.08
25.85,20.49
26.83,16.0
29.72,16.76
30.74,19.4
30.65,17.44
30.56,18.15
29.79,16.38
28.82,20.5
31.6,21.24
24.95,20.65
28.81,19.99
31.05,21.15
33.59,20.41
31.73,20.2
32.92,21.11
31.16,22.86
32.01,22.06
26.86,19.6
25.19,18.96
28.77,20.9
30.55,20.61
27.46,15.51
27.52,17.24
27.04,19.25
29.86,19.77
27.74,19.43
32.59,20.79
27.86,20.57
28.4,21.05
31.63,21.38
31.96,21.35
32.24,21.97
29.28,21.16
27.99,16.51
29.2,15.82
25.36,13.45
26.89,15.31
26.29,18.6
26.79,15.73
27.92,15.69
27.96,15.34
29.35,15.4
30.19,16.62
29.53,18.82
27.12,17.65
27.5,15.75
28.51,14.45
29.7,14.84
29.86,15.97
29.95,17.86
30.05,18.85
32.81,20.96
32.23,20.24
29.32,14.27
27.79,13.87
29.74,15.48
30.26,17.85
23.69,18.62
26.91,19.57
27.58,19.99
26.0,15.97
26.71,13.54
26.18,13.38
28.93,15.75
29.44,18.69
25.54,13.45
22.01,12.29
21.21,12.39
26.9,13.02
28.33,13.27
28.26,14.28
28.98,14.84
29.59,16.69
28.66,15.56
31.52,16.27
34.6,16.3
21.77,6.37
19.72,7.82
25.63,12.18
23.86,10.36
20.8,5.7
19.63,4.4
16.84,4.9
19.98,5.48
21.52,5.85
23.37,6.57
21.96,6.16
21.48,2.89
22.57,3.42
24.96,5.07
24.26,8.29
16.35,0.51
14.88,0.11
18.47,1.92
23.5,4.6
24.26,8.84
22.99,5.62
17.61,1.03
19.82,1.71
17.25,3.35
22.37,3.49
9.39,0.83
7.06,-0.84
12.3,-2.03
15.34,-0.43
22.8,5.15
25.28,11.05
25.53,10.34
25.29,11.06
21.96,7.92
12.53,-0.16
14.32,0.63
19.08,2.72
21.23,3.62
15.98,8.76
17.36,12.4
20.55,7.35
18.11,6.24
22.72,6.3
24.33,12.11
20.67,6.98
21.63,5.56
18.98,6.11
17.15,5.21
23.06,5.38
22.76,8.09
17.62,-0.83
-0.1,-1.83
3.95,-2.75
6.11,-2.27
5.23,1.27
3.31,-1.99
0.12,-3.07
1.67,-7.71
2.41,-8.7
2.31,-8.59
9.65,-4.9
14.19,-3.84
15.34,-3.21
16.93,-1.45
12.4,-3.57
12.81,-3.33
12.31,5.29
7.85,4.95
15.87,0.13
4.01,-6.08
4.46,-6.93
13.64,1.98
11.61,-6.71
5.81,-6.97
7.62,-3.56
10.31,5.8
9.68,4.44
7.08,4.2
8.63,5.04
8.23,4.66
8.59,2.44
7.67,-0.5
8.49,-0.32
12.41,4.96
6.95,1.21
4.5,-0.71
1.9,-4.43
2.36,-7.8
0.74,-7.47
7.53,-5.35
6.7,-5.19
6.69,-22.14
-16.56,-22.29
-8.27,-16.51
-6.09,-14.74
-3.26,-8.78
-0.26,-4.34
9.95,-3.47
14.12,8.62
14.79,7.97
