20170101
8.08,-1.8
12.16,6.18
13.12,-4.04
-1.36,-6.7
-5.19,-13.76
-9.29,-15.86
-7.45,-16.16
-4.93,-14.87
5.4,-6.45
12.84,-1.5
18.2,-0.4
18.76,-1.27
1.46,-1.23
3.05,0.8
3.89,0.7
15.27,4.38
14.95,3.16
5.17,0.67
10.46,2.71
14.34,7.48
18.73,5.68
15.64,6.91
8.1,3.01
7.35,2.71
15.5,2.0
2.35,-1.04
2.39,-4.18
1.91,-3.63
0.65,-6.55
7.41,-7.67
8.03,2.89
6.22,-2.14
2.37,-5.29
-0.43,-10.85
4.33,-11.14
11.06,-1.78
16.21,-1.13
16.07,2.03
5.47,-4.64
-1.85,-8.21
12.66,-3.67
18.47,9.36
15.41,-2.65
9.74,-2.78
11.83,1.68
7.67,-1.61
10.26,-0.06
19.88,4.57
17.85,6.56
16.35,2.74
20.17,3.71
17.49,9.64
20.58,11.86
20.71,13.38
24.5,1.36
1.88,-6.04
8.85,-4.95
10.7,4.99
18.28,8.23
15.19,0.65
7.57,-2.1
4.57,-2.68
12.0,-1.13
19.73,-0.23
17.49,9.36
14.09,5.36
16.49,2.74
21.81,0.7
7.03,-3.81
3.18,-6.37
4.03,-5.67
2.42,-4.12
0.56,-7.03
2.38,-7.68
7.44,-6.88
9.27,1.62
5.82,0.4
11.33,1.93
18.96,5.1
17.6,-0.59
7.31,-1.65
15.01,-1.2
23.94,12.97
24.81,13.64
18.31,6.55
20.06,7.38
15.63,9.44
17.39,8.64
24.79,11.02
12.73,4.51
11.48,2.51
19.21,4.49
21.57,11.46
19.88,8.4
22.1,4.66
9.6,1.48
13.95,-0.47
19.3,1.81
25.73,9.83
26.06,15.12
19.81,5.12
20.73,5.92
26.66,7.69
28.52,11.69
28.68,16.85
27.57,12.0
21.5,8.18
25.85,10.34
28.14,16.67
27.81,9.44
15.78,7.34
13.61,5.22
21.16,6.23
24.76,8.22
24.87,11.77
29.11,15.09
17.52,7.29
19.85,9.27
26.58,14.81
24.45,13.0
16.5,7.65
18.8,4.34
12.25,6.2
12.55,7.28
12.42,4.68
17.49,3.32
17.84,1.48
18.74,4.17
21.52,11.2
29.4,13.51
20.09,11.6
20.15,7.47
24.23,11.28
27.57,13.28
28.54,14.05
29.78,16.44
28.93,20.34
28.88,18.45
28.28,15.16
26.72,14.5
25.67,8.73
22.9,9.71
23.69,13.26
17.98,13.02
18.55,10.45
26.64,13.88
28.8,16.74
24.7,14.87
28.37,13.7
26.91,12.68
27.12,10.31
26.72,10.52
29.24,12.24
30.95,15.18
31.18,18.28
30.83,14.87
25.63,12.25
21.27,9.9
24.82,11.82
28.81,14.14
29.91,15.9
31.42,18.61
33.14,20.66
30.89,19.15
31.63,19.21
28.36,18.26
31.02,18.88
30.95,20.64
27.87,16.28
27.52,14.82
29.65,16.63
32.13,19.58
27.98,21.25
24.3,16.23
25.74,11.79
25.56,11.31
24.08,10.64
23.9,11.05
27.46,14.7
30.97,20.28
28.96,19.26
29.05,16.75
30.02,17.06
30.7,18.41
30.4,19.24
29.41,20.48
26.18,18.83
31.16,16.9
28.13,14.08
29.37,16.59
29.73,21.95
26.88,19.81
32.19,21.5
30.24,21.85
29.42,15.05
28.44,15.73
30.26,17.25
30.86,19.06
31.5,18.22
31.23,19.56
32.34,22.07
33.4,22.92
33.72,21.28
29.64,19.53
29.42,16.39
27.66,15.89
30.09,17.68
28.75,22.28
28.25,15.66
26.02,13.19
28.53,15.17
30.08,17.17
29.32,18.07
29.56,17.2
30.39,18.57
24.04,11.03
25.65,12.63
22.48,16.88
25.7,14.04
26.94,11.49
27.55,13.13
29.5,15.19
27.74,16.38
27.32,13.33
28.04,15.66
28.59,17.04
30.99,18.49
32.04,20.29
31.06,19.65
29.87,18.56
31.62,18.32
32.58,18.98
32.49,20.45
28.3,14.71
26.72,11.43
26.3,11.81
25.88,11.15
26.21,11.81
27.96,13.51
27.33,16.42
26.19,14.94
27.97,15.7
27.68,15.42
16.34,12.55
22.75,12.17
28.08,13.21
30.89,15.67
23.28,8.59
20.17,7.64
21.57,7.73
25.39,9.45
23.57,8.54
23.35,8.44
22.86,9.24
21.21,14.42
18.59,15.98
23.16,12.76
28.29,13.1
29.86,15.3
30.6,16.74
27.94,19.55
27.37,17.81
31.03,18.36
32.98,19.16
32.9,17.66
32.58,16.83
32.69,15.21
32.24,15.43
32.37,17.11
29.33,12.23
23.31,8.01
25.1,7.28
24.36,5.58
24.53,5.87
27.11,10.57
29.37,14.61
26.56,17.77
23.28,17.45
27.41,17.82
28.73,12.74
19.46,13.78
21.83,14.57
21.56,15.75
18.08,13.57
17.72,13.19
23.44,11.26
28.92,15.21
22.72,7.12
17.59,3.26
20.35,3.19
21.83,4.51
24.65,7.19
25.56,7.57
24.05,9.58
25.91,14.22
17.6,7.97
10.98,4.75
11.35,-0.33
17.44,-0.18
13.15,2.01
4.5,1.59
4.33,-1.38
7.61,-0.41
7.76,-0.48
15.45,1.74
20.11,12.26
16.46,6.45
19.43,8.91
23.35,9.41
12.74,6.49
9.4,4.17
11.91,-0.88
13.9,-2.31
3.32,-3.94
7.05,-3.53
8.09,1.99
7.48,0.15
11.98,0.04
9.96,0.61
5.46,-1.49
16.01,0.62
18.24,2.0
4.13,-3.72
10.21,-3.41
13.98,-3.32
5.56,-5.06
8.67,-2.54
14.45,-1.43
15.65,-2.3
12.93,-2.82
17.85,0.73
17.91,4.65
14.99,2.97
13.15,-2.34
12.38,-2.7
13.54,-1.66
15.35,-1.19
18.65,3.16
9.3,-2.22
7.78,-2.38
-0.17,-8.78
0.39,-9.21
0.15,-6.55
3.8,-6.2
9.69,-4.21
0.33,-7.86
8.13,-5.99
0.53,-6.12
0.99,-4.52
10.89,-0.7
7.78,2.89
7.7,5.3
9.79,1.86
9.21,-1.86
13.23,-1.78
12.1,2.48
3.36,-1.54
1.93,-6.37
-1.42,-8.23
-5.51,-16.35
-8.62,-16.89
-4.3,-12.68
-3.16,-7.55
-4.92,-14.97
-8.24,-18.42
-11.13,-20.83
-6.91,-20.81
-3.22,-16.33
-6.75,-17.47
-7.57,-18.88
-5.84,-18.96
3.33,-9.84
3.49,-0.14
5.83,-0.17
14.53,4.22
14.85,-2.23
-1.62,-9.88
-3.65,-16.22
-4.7,-16.15
-2.39,-16.18
-11.84,-17.56
-5.64,-14.03
0.59,-11.94
5.93,-6.53
9.86,0.52
12.71,6.83
13.43,2.29
3.52,-1.15
0.37,-5.31
8.92,-4.51
14.06,0.66
9.72,-3.53
11.57,-4.03
1.88,-5.41
1.4,-5.88
11.81,-1.1
6.32,-10.95
-3.58,-11.67
4.4,-6.36
3.17,-11.09
-2.09,-11.3
0.16,-4.39
0.61,-8.76
1.08,-8.27
10.31,-0.83
4.67,-0.97
1.23,-6.86
4.49,-7.22
7.02,-4.93
15.18,5.09
20.03,7.7
7.03,-1.54
2.64,-1.61
12.49,-1.17
23.36,12.72
25.44,10.58
10.59,3.64
11.29,4.26
15.95,7.05
15.08,6.14
9.59,-0.99
13.41,-1.27
16.76,-0.13
13.29,9.49
14.2,-0.09
9.74,-2.66
10.9,-2.06
11.26,-1.01
8.96,0.0
14.06,-0.63
4.45,-2.71
0.35,-4.52
7.57,-3.84
11.13,-0.86
6.7,-2.02
5.24,-4.01
5.99,-5.34
5.93,-5.3
15.35,-2.53
9.05,-2.61
7.23,-2.07
14.88,0.09
17.2,-0.32
1.6,-1.83
5.73,-3.79
9.21,-3.37
11.07,-1.73
1.81,-2.16
7.98,-2.09
15.32,2.8
13.15,9.53
14.16,9.4
14.27,4.6
9.91,0.49
15.48,1.28
9.24,-1.07
9.77,-0.86
22.62,1.02
2.8,-3.31
10.97,-2.34
14.99,-2.08
6.31,-4.65
6.39,-2.35
5.98,-1.81
6.81,-1.75
18.68,-0.21
26.82,13.1
27.09,15.59
20.99,10.71
11.75,0.5
2.39,-0.72
10.55,0.26
21.98,1.61
13.32,-0.74
16.55,1.14
17.8,5.75
19.66,8.38
14.6,9.6
13.61,10.23
19.35,4.36
20.23,4.26
21.61,5.57
14.58,0.15
17.43,0.82
23.69,5.28
27.87,14.77
29.14,18.51
25.44,17.31
26.63,13.0
20.68,11.74
27.98,8.86
23.23,8.09
26.06,9.77
28.72,15.37
28.94,15.05
30.43,18.42
29.65,16.54
31.62,18.36
32.75,19.91
31.61,18.26
25.62,16.34
28.71,17.13
23.35,18.11
25.57,17.14
30.9,17.78
29.8,18.32
29.96,14.85
27.78,14.1
28.51,14.1
30.96,17.5
30.6,17.81
33.06,17.95
33.86,20.04
31.26,21.67
26.84,20.33
29.47,19.69
29.85,18.21
30.48,19.69
27.24,12.71
25.01,12.44
29.02,13.26
26.37,15.4
31.34,18.32
32.31,18.29
32.83,17.77
25.06,18.21
25.93,18.56
27.46,19.67
29.31,13.8
28.87,14.81
31.09,18.43
33.74,21.09
33.94,22.19
33.35,22.84
32.91,20.85
30.51,21.36
26.49,18.61
25.0,18.11
24.02,17.01
27.27,19.7
23.82,19.87
24.81,19.29
28.76,17.87
30.28,19.92
31.97,20.36
32.78,22.68
33.06,22.43
32.01,21.99
31.79,22.07
34.19,22.53
33.66,21.13
27.79,12.81
27.33,13.46
31.1,17.66
32.93,19.84
33.13,20.19
29.63,15.86
29.31,15.95
31.83,17.05
33.09,21.02
29.93,21.2
30.78,18.66
30.97,14.71
30.09,15.2
29.99,17.25
29.5,18.7
24.93,19.01
26.58,16.48
25.95,16.46
29.02,17.48
30.38,16.91
29.72,16.09
26.84,14.35
27.22,15.0
27.28,17.47
23.54,18.48
23.96,17.25
27.08,15.76
29.34,16.79
30.2,19.39
31.98,19.83
32.69,20.13
32.41,20.27
29.98,20.43
30.08,18.21
29.67,18.95
30.37,19.64
30.02,16.91
30.15,16.83
29.64,16.45
30.93,19.47
25.39,19.79
27.14,20.3
27.84,19.88
28.92,18.56
30.21,19.13
28.68,19.91
27.48,17.48
25.31,11.74
26.67,12.29
24.15,13.83
28.76,20.27
32.58,21.92
32.56,21.54
33.13,21.65
31.19,18.6
28.79,17.24
30.81,18.36
29.59,19.93
32.13,20.8
33.44,20.88
33.77,20.59
33.57,20.87
31.45,20.68
26.93,17.95
18.8,14.86
15.99,13.57
19.94,12.3
23.24,12.7
23.14,15.07
30.08,16.27
31.02,17.14
31.36,19.07
30.51,20.04
30.91,18.75
32.9,18.79
32.96,19.46
33.51,20.62
31.01,14.88
16.65,12.92
25.38,13.14
21.78,16.66
25.39,18.55
21.92,11.09
16.83,7.62
23.35,8.17
22.39,9.26
27.45,11.18
29.8,13.41
30.35,18.83
31.0,19.02
26.36,16.84
31.21,18.49
31.61,18.27
31.87,18.54
31.63,19.47
30.69,19.38
24.54,11.51
15.96,2.42
12.02,2.5
12.63,3.01
12.54,7.26
11.93,1.13
12.21,0.96
16.09,-0.36
14.58,-0.5
13.23,0.89
17.38,-1.82
12.29,-1.88
19.48,1.05
17.25,0.84
14.11,1.08
14.53,2.81
9.24,5.78
12.85,3.79
18.71,3.34
16.91,2.51
21.12,5.25
18.27,7.53
9.7,4.97
9.64,0.68
14.32,0.49
16.35,7.49
15.98,8.48
15.51,3.43
12.99,-1.08
6.62,0.01
7.07,-6.39
2.97,-6.81
6.55,-5.42
7.27,-0.22
2.11,-6.34
0.92,-6.21
1.42,-1.33
4.47,-1.15
8.07,0.74
10.26,0.99
5.61,1.78
3.87,-2.94
9.32,-3.88
11.83,-3.39
11.43,-1.62
13.71,0.4
15.41,0.34
2.42,-5.78
-3.52,-7.07
1.32,-7.5
6.8,-0.54
12.42,5.27
14.74,7.65
16.96,3.65
4.53,0.45
1.55,-1.9
0.1,-3.38
4.88,-6.31
3.99,-7.05
-2.01,-6.26
4.84,-7.68
0.8,-9.24
7.94,-7.3
11.35,0.65
9.13,4.19
10.03,5.72
8.68,3.19
10.86,-0.91
10.89,-3.35
7.77,-3.66
12.95,-1.87
8.44,5.36
6.31,-0.4
5.11,-1.82
2.43,-3.11
7.72,-3.03
8.68,-4.16
9.06,-3.85
13.78,4.76
13.68,-0.23
2.17,-3.1
6.9,-3.24
17.11,4.42
5.4,2.99
4.63,-0.06
4.82,-1.51
10.63,-0.8
12.45,-0.53
12.63,-0.24
14.25,7.55
16.28,-1.98
-0.54,-6.49
-0.91,-6.86
1.09,-8.64
1.46,-1.93
0.53,-3.95
0.96,-7.87
1.13,-4.66
2.2,0.35
4.89,0.77
2.86,-0.32
3.29,-10.06
-6.54,-17.29
-6.5,-17.05
7.41,-7.97
10.45,-4.9
-0.01,-11.96
-3.12,-12.16
2.05,-3.46
-0.42,-5.89
8.75,-9.7
-5.47,-17.18
-14.85,-20.23
-7.26,-19.23
1.02,-7.74
9.6,-3.23
18.27,2.37
13.36,2.74
11.22,2.56
14.19,8.5
16.74,-7.18
-2.63,-10.14
-0.58,-9.89
2.27,-3.98
9.24,1.58
11.04,-4.55
3.61,-4.07
13.47,0.74
1.45,-4.3
2.86,-4.95
0.71,-2.41
0.4,-4.92
2.12,-5.53
7.89,-1.42
7.63,-2.56
6.08,0.39
14.94,4.0
7.28,-5.48
4.96,-5.8
10.57,-3.38
14.15,-2.04
1.54,-1.27
4.27,-1.13
5.12,-0.42
0.13,-11.71
-6.29,-13.43
-3.82,-12.62
-0.44,-11.08
2.19,-3.96
3.73,-0.75
15.57,1.56
9.42,-0.11
10.88,-2.72
10.52,-2.82
21.18,6.22
22.12,6.7
7.11,-1.03
9.28,-2.81
12.0,-3.13
9.84,-3.5
10.82,-3.02
12.96,1.89
7.7,1.93
11.2,-3.21
13.92,-2.89
13.48,5.28
9.38,-1.99
9.54,-2.63
15.42,-1.84
22.1,5.17
17.0,11.0
15.06,-1.85
3.61,-4.57
8.46,-3.62
15.3,-0.67
16.7,2.76
21.45,8.61
15.97,8.52
20.76,9.24
20.66,12.18
23.41,9.75
21.25,6.28
21.24,7.89
27.26,9.52
19.08,4.9
18.71,5.75
20.23,1.76
12.66,2.04
24.87,7.1
24.93,12.74
22.19,5.77
7.97,3.51
6.93,2.02
21.05,4.42
25.34,9.99
24.62,9.47
18.7,9.84
19.67,8.3
18.36,5.52
16.19,5.02
12.65,5.2
24.74,8.08
25.74,12.64
26.6,13.83
22.31,15.31
21.24,13.99
15.35,9.09
22.02,7.77
24.85,9.15
26.08,11.38
28.56,13.21
23.36,11.01
13.68,6.01
17.63,6.77
10.94,7.71
14.62,4.62
20.69,6.34
21.64,9.33
26.0,11.97
29.63,16.12
30.64,18.37
24.01,13.15
21.17,8.96
18.81,9.67
25.48,16.7
29.54,18.0
31.27,18.87
30.27,20.07
29.38,16.6
28.97,18.5
30.31,21.61
26.75,17.13
25.3,16.58
26.28,14.75
27.78,16.38
26.04,8.94
24.58,11.2
26.92,15.43
30.09,18.01
28.69,18.66
26.49,18.99
24.61,18.95
25.57,19.36
23.32,9.74
24.61,10.83
25.28,12.88
20.13,7.98
24.23,11.18
24.16,16.75
26.6,18.35
26.5,19.07
27.03,19.17
27.52,19.64
23.26,14.68
25.61,15.78
24.54,17.02
28.67,18.57
25.08,16.69
28.53,17.39
31.49,19.22
30.91,19.07
31.85,19.81
32.52,21.08
33.1,18.87
31.64,19.89
33.17,20.6
30.96,19.49
31.68,20.2
32.84,21.62
30.92,21.41
31.42,20.08
29.78,17.78
31.99,18.85
33.55,21.3
31.6,16.85
29.59,15.01
32.13,17.1
32.71,20.6
31.38,21.73
30.52,21.8
31.42,21.44
33.55,23.32
33.17,22.97
33.58,23.1
33.32,21.8
25.44,14.27
27.0,13.6
26.72,13.15
27.97,14.45
29.46,15.45
30.75,18.1
31.2,19.28
30.86,19.65
29.82,17.94
28.49,15.96
29.89,16.96
29.81,15.94
30.23,15.43
31.28,16.45
32.14,17.53
30.38,18.34
29.62,17.55
31.22,17.76
30.44,15.15
29.39,14.68
30.07,17.05
28.43,20.63
29.87,19.42
31.51,16.68
28.99,15.91
30.12,17.69
29.37,19.68
32.97,19.3
33.42,20.06
31.96,19.06
29.85,19.71
26.17,18.89
24.23,12.71
25.4,13.05
27.32,14.63
21.88,20.09
26.64,15.0
26.21,12.25
28.31,13.96
29.47,18.77
24.0,17.27
29.21,17.67
28.19,15.61
29.79,17.1
28.32,13.73
25.25,12.85
28.01,13.9
23.82,12.5
24.94,14.94
30.1,15.99
34.15,18.18
32.62,19.35
32.59,19.8
32.61,15.36
27.74,13.41
30.09,15.4
31.71,16.71
28.66,14.95
30.01,15.05
30.83,15.45
30.93,17.9
31.15,16.69
31.11,17.81
27.58,9.78
26.1,9.95
29.3,13.4
25.77,9.52
32.49,11.78
31.87,17.98
32.73,18.14
33.78,16.38
33.55,17.88
33.07,17.53
31.18,10.27
21.94,8.26
26.75,8.48
21.48,12.3
20.81,5.47
23.03,6.08
24.18,6.37
27.1,11.26
21.59,1.43
13.86,1.13
20.8,2.12
20.29,2.64
23.81,4.47
10.89,1.71
15.57,1.2
17.81,1.46
22.07,3.62
24.08,9.43
21.31,9.8
16.35,3.0
19.0,2.97
18.5,8.04
14.51,8.94
18.39,9.81
18.46,3.47
19.26,4.0
15.97,9.17
12.88,9.18
9.75,-2.81
8.58,-2.79
11.04,-2.28
12.26,-1.4
15.64,3.1
11.31,-1.31
12.24,-0.65
5.91,-7.06
2.54,-7.11
8.76,-2.47
17.7,4.39
11.32,-10.42
-5.02,-13.42
-0.34,-11.92
6.35,-5.53
6.76,-5.31
8.12,-4.12
8.66,-3.78
5.56,-1.1
7.05,-1.33
8.07,3.53
12.32,4.34
7.6,-1.93
3.59,-0.89
10.07,0.25
14.64,2.25
14.89,5.56
13.31,1.26
3.56,1.16
6.34,2.36
13.46,3.28
9.25,0.88
2.45,-0.77
4.38,-0.69
10.29,-2.48
11.47,-2.85
9.68,-4.67
7.46,-4.83
13.42,-1.16
13.72,-2.84
-1.97,-7.66
3.05,-7.26
6.73,-5.1
7.89,0.46
6.34,-1.36
1.33,-1.99
0.97,-1.53
2.44,-6.21
-0.71,-10.19
4.05,-8.88
7.68,-5.81
11.26,-3.71
12.81,-3.51
15.22,-2.07
16.46,-1.83
18.49,-0.81
17.63,9.05
15.18,5.5
15.94,6.41
16.58,4.89
5.41,1.06
2.71,-0.25
9.15,-0.75
10.46,6.27
10.45,2.98
3.83,-2.55
9.38,-2.64
8.93,-2.64
9.25,-2.57
4.55,-3.36
14.03,-2.85
17.36,9.56
18.08,1.87
5.47,1.19
7.33,0.85
9.95,-0.52
12.77,0.8
4.62,-4.85
3.0,-4.8
10.89,-8.92
-7.64,-10.25
-3.08,-9.05
0.1,-8.97
3.54,-8.16
8.43,0.43
7.55,1.17
1.7,-0.69
6.97,-3.16
3.16,-2.22
1.69,0.05
2.38,-0.08
4.1,-0.05
3.44,-0.02
5.8,-0.05
17.73,1.38
20.44,3.67
14.21,0.28
3.0,-0.64
0.29,-2.81
1.54,-2.98
1.93,-4.33
10.24,-2.96
6.1,0.35
5.43,-1.73
2.49,-1.17
2.63,-12.73
-4.36,-13.26
7.51,-9.28
10.43,-1.79
11.8,-0.04
10.08,-3.57
6.45,-3.97
1.13,-9.32
3.37,-9.24
9.61,-5.76
13.26,1.4
6.82,4.6
7.22,1.67
2.62,-3.6
2.35,-4.18
2.42,-6.86
3.97,-6.87
17.28,-2.53
12.05,8.57
14.6,0.89
15.99,-1.07
15.6,-0.55
2.79,-4.95
10.23,-4.87
18.38,0.26
17.65,9.7
13.33,5.02
10.45,3.76
16.3,3.73
11.01,2.04
5.64,0.93
7.58,0.93
9.51,3.54
12.29,3.71
15.18,4.94
19.97,11.64
21.37,-0.04
3.45,-1.54
5.55,-1.14
11.25,2.44
11.54,3.04
17.0,3.52
19.92,6.69
24.04,12.5
25.57,16.18
18.3,7.51
16.31,5.18
7.68,4.03
11.49,0.28
16.7,1.73
21.09,6.92
19.67,7.01
14.23,6.6
21.41,8.03
26.21,14.41
27.26,6.95
12.31,0.03
10.84,0.49
16.95,5.82
16.48,7.69
8.81,0.35
8.54,-3.08
10.28,-4.21
9.7,-0.14
10.35,0.67
12.89,1.36
14.8,2.94
18.77,4.49
14.18,0.24
22.21,3.18
13.23,9.55
19.86,7.9
19.11,6.59
16.49,1.79
19.51,5.04
24.42,13.69
17.76,6.77
9.8,5.5
20.21,6.15
28.05,13.4
21.97,6.41
20.76,7.49
9.31,4.56
15.92,3.54
19.86,6.95
12.92,-2.08
13.57,-0.05
18.18,3.2
10.51,1.94
16.28,3.92
14.17,8.24
27.37,13.41
24.16,15.63
26.91,16.93
24.99,15.34
19.87,14.19
19.02,12.02
14.25,11.56
17.79,12.55
25.14,13.85
28.22,16.99
30.36,17.75
31.01,18.04
30.18,19.17
26.19,18.74
27.39,17.73
24.83,12.54
23.23,11.39
22.36,7.96
25.0,12.4
31.12,18.29
31.61,19.99
29.37,18.04
30.75,18.38
32.73,15.89
29.43,15.98
30.98,18.57
28.83,22.51
31.17,15.05
27.43,13.18
29.76,13.01
26.43,12.87
24.47,10.71
25.43,12.52
27.86,14.05
28.82,14.52
29.28,15.82
31.53,17.58
32.82,18.38
28.39,18.57
30.29,19.28
26.42,16.73
27.31,14.7
29.21,16.81
31.52,20.93
25.56,20.05
27.47,20.79
30.45,20.34
29.99,19.89
31.65,20.02
31.58,18.6
32.52,19.68
33.74,20.17
33.88,20.9
32.9,20.59
33.22,21.1
32.37,20.53
33.66,21.15
30.39,19.02
32.08,17.23
28.48,15.89
28.47,15.69
30.5,16.63
31.75,19.19
26.25,17.84
30.98,19.05
32.78,22.7
33.51,20.88
31.53,20.77
32.05,20.36
29.19,20.95
30.13,18.3
30.18,17.56
31.11,18.37
33.14,21.71
32.16,19.58
30.33,17.74
31.01,19.67
22.88,19.27
25.91,19.05
26.21,17.12
26.9,17.25
27.27,16.85
24.95,12.39
24.26,12.92
25.51,13.79
26.64,13.16
28.58,16.0
30.68,18.83
29.97,19.33
29.0,19.56
28.65,19.8
29.81,20.09
28.34,18.8
30.38,18.84
28.42,16.63
29.84,17.17
24.09,13.55
25.51,12.98
26.67,12.77
27.8,15.98
28.42,18.17
29.13,18.98
31.44,20.21
32.57,20.33
31.3,21.38
28.35,22.26
29.02,20.6
29.57,13.81
26.4,15.18
26.68,17.76
27.19,19.43
27.13,19.21
28.97,14.26
26.04,8.58
27.22,10.39
26.53,15.92
29.74,17.33
30.88,16.4
30.88,16.58
29.24,18.02
23.16,17.68
28.41,17.76
27.58,13.86
25.79,11.44
23.26,8.56
25.88,8.85
27.43,10.28
19.8,5.87
20.41,4.45
23.04,5.04
24.16,6.49
24.4,8.48
22.89,9.78
24.77,10.36
26.15,11.28
24.59,13.51
26.3,14.11
17.81,6.44
18.13,6.48
24.92,4.93
20.23,2.26
17.26,3.21
18.69,7.1
15.21,-0.24
17.6,0.76
23.42,4.87
29.71,6.69
26.53,7.36
28.45,9.27
24.39,15.21
26.72,15.14
25.17,4.39
21.06,4.29
26.06,6.09
16.81,-0.74
15.0,-1.44
17.24,1.19
16.82,8.88
11.22,7.53
17.32,7.93
19.1,11.96
27.54,12.78
25.68,6.14
12.47,5.93
11.01,6.37
9.08,6.7
10.27,6.7
11.42,7.85
10.13,3.12
10.12,-1.34
14.92,-0.34
10.62,-3.35
9.54,-2.91
18.65,0.01
22.27,5.47
20.14,4.03
21.44,3.36
23.35,3.8
26.62,9.67
25.95,10.76
25.02,10.96
12.84,-0.69
13.11,-0.63
13.07,-2.62
17.14,-0.86
13.73,1.44
13.61,1.27
6.53,-2.17
10.2,-2.11
18.6,6.37
17.56,8.22
9.56,5.91
8.65,1.3
9.78,1.11
10.93,4.43
14.78,7.91
10.41,7.27
12.66,-0.96
9.56,-2.77
11.86,-2.15
2.6,-2.3
1.56,-6.08
7.24,-6.05
7.18,-3.91
7.63,-2.86
7.07,-4.27
3.39,-3.8
1.45,-1.44
2.86,-0.82
13.82,-1.88
16.43,-1.59
17.97,4.43
16.14,3.68
5.64,1.73
2.05,-6.63
1.8,-6.35
1.04,-1.6
0.31,-5.78
3.51,-6.14
5.5,0.5
6.93,0.55
9.66,0.3
7.78,-0.94
13.33,-1.96
-2.05,-11.3
-7.63,-11.78
3.83,-9.7
12.0,-1.82
2.81,-3.44
5.45,-4.31
10.79,-2.72
0.23,-2.89
9.63,0.15
3.34,1.1
2.4,-3.03
7.83,-2.64
1.86,-0.47
2.94,-0.62
3.64,-0.72
0.55,-2.27
0.0,-6.93
-0.04,-6.17
-1.66,-4.5
3.63,-4.26
8.41,-2.08
9.31,-0.31
5.71,-1.66
1.52,-1.76
1.27,-1.91
2.6,-1.91
7.2,-2.91
3.35,-3.45
10.95,-2.04
2.83,-9.71
1.95,-9.85
1.42,-1.4
3.67,-0.38
7.16,-0.51
0.37,-8.63
-0.69,-10.75
1.44,-10.78
3.56,-3.29
5.17,-2.52
-0.8,-5.99
1.1,-6.24
3.24,-5.46
4.0,-4.13
3.43,-6.61
2.34,-12.01
-4.84,-13.22
0.7,-8.63
-1.03,-6.05
-4.2,-7.56
-3.33,-7.57
-2.05,-6.67
-2.61,-10.72
-3.99,-11.41
-7.18,-11.96
-6.71,-16.91
-4.28,-16.2
-1.47,-13.12
-2.33,-14.74
0.81,-11.13
8.11,-8.41
4.95,1.2
13.28,0.81
16.91,-2.46
8.62,-2.66
7.75,-0.52
12.71,6.13
16.81,1.64
8.25,-4.55
7.41,-4.66
17.62,-1.48
12.08,-3.97
8.68,-4.98
9.3,-4.04
11.54,-3.63
18.77,-1.27
19.44,1.49
20.87,9.48
18.45,6.47
15.67,4.7
13.34,-0.38
10.48,1.12
4.96,0.88
14.3,3.13
17.28,5.73
15.62,-0.36
10.44,-2.36
16.09,-2.25
19.18,0.59
19.64,4.4
19.68,8.75
22.62,6.75
17.58,7.96
13.51,4.27
23.38,5.75
10.7,-1.55
15.14,-0.54
23.02,5.53
11.41,-1.98
5.01,-5.79
9.27,-4.62
18.3,0.39
24.16,5.51
25.12,7.65
25.94,9.41
27.12,11.94
21.14,10.26
26.73,10.42
18.42,8.78
11.55,8.37
20.44,8.12
19.43,8.64
17.68,2.69
13.78,0.93
16.82,2.24
14.47,1.82
17.92,2.77
20.17,2.86
16.01,-2.0
8.64,-1.83
12.85,0.54
16.04,3.75
11.83,5.98
17.35,3.43
24.14,6.1
27.97,16.33
25.72,17.08
20.94,9.84
21.94,2.19
23.21,5.48
25.23,13.71
22.4,15.35
20.11,8.55
17.07,3.5
17.46,3.72
17.77,1.7
15.09,4.78
15.93,1.9
16.29,4.36
16.14,3.55
17.35,3.25
19.72,4.43
21.46,5.54
22.57,10.46
21.61,12.87
21.59,14.18
25.36,14.91
27.05,15.69
28.86,15.28
28.78,13.65
29.68,14.95
30.33,16.08
31.15,16.26
31.23,18.62
25.27,17.24
27.44,17.65
22.18,7.73
14.65,4.43
20.1,6.75
23.48,10.65
24.12,14.19
19.05,15.93
22.34,14.41
29.55,14.9
29.41,16.83
28.17,19.12
27.8,20.39
25.07,20.66
25.66,20.66
27.48,19.93
30.78,19.51
33.33,20.01
31.69,15.12
31.49,14.02
27.59,13.65
27.37,13.76
29.7,15.73
32.75,18.82
28.27,18.33
30.61,21.47
27.39,12.39
22.33,11.31
25.28,13.03
27.67,19.55
27.43,22.22
29.8,22.06
31.33,21.01
32.23,21.11
33.83,21.27
28.63,20.18
26.67,14.23
24.51,13.4
26.14,14.51
30.25,18.28
31.4,19.51
32.0,19.52
31.04,20.9
27.87,16.09
23.77,16.33
25.31,17.64
25.63,20.03
28.35,20.85
27.48,18.89
29.09,20.1
31.15,20.42
28.38,20.48
27.13,19.07
27.82,17.35
28.29,17.44
29.11,17.71
27.45,17.24
27.68,16.93
29.15,17.84
30.42,19.4
30.77,21.07
31.67,17.41
31.37,18.39
31.11,19.94
31.28,20.37
27.74,17.31
22.73,13.85
27.3,12.68
26.01,13.38
27.16,13.81
28.0,14.82
29.33,16.34
28.56,18.49
30.5,18.96
30.98,19.36
26.28,21.52
32.74,23.24
32.63,24.04
34.06,20.98
30.43,20.48
28.5,18.85
24.64,18.44
27.96,19.4
29.09,19.5
31.08,20.6
30.37,19.28
31.28,19.39
31.55,19.18
32.98,19.99
33.37,20.26
33.77,21.19
30.88,20.29
33.95,20.33
33.85,20.24
33.21,21.19
32.84,21.1
26.29,19.85
26.66,18.64
26.81,13.5
26.37,13.34
26.11,14.1
25.84,17.72
26.59,12.9
29.12,13.72
29.31,16.92
27.69,12.72
25.57,11.87
26.26,12.49
28.09,15.62
29.94,18.06
30.4,18.42
30.94,19.79
24.95,14.79
28.14,15.38
31.16,17.01
32.06,18.24
29.98,19.02
23.17,18.61
24.72,14.13
15.0,9.97
19.69,7.03
23.38,7.95
21.71,7.5
24.47,8.76
29.51,14.77
29.53,15.07
29.83,14.77
27.87,13.01
26.98,13.14
24.12,15.54
24.42,16.38
23.01,14.83
25.89,15.83
24.78,17.05
24.58,15.92
26.31,14.3
28.89,14.47
28.93,18.2
27.79,17.82
19.84,11.4
25.17,12.04
28.14,18.8
25.22,9.63
17.32,4.81
20.52,4.48
22.01,4.83
22.04,6.03
23.14,7.04
21.05,10.09
12.57,7.35
15.88,7.48
23.32,12.46
16.35,8.39
14.39,1.57
15.54,1.63
12.72,8.64
16.46,10.59
13.4,9.08
17.62,2.69
12.41,2.14
9.76,-2.56
9.92,-2.61
10.75,-2.66
11.92,-2.6
14.63,-1.57
17.71,-0.84
21.29,2.17
17.27,3.82
20.72,5.94
16.75,2.94
10.8,1.67
4.29,0.44
5.31,-2.82
4.91,-2.33
16.58,-0.23
18.96,4.25
8.63,-3.81
6.03,-4.41
12.24,-1.67
8.06,-1.67
4.87,-6.35
5.85,-6.4
13.16,-0.39
9.06,-4.27
1.52,-4.82
9.66,-0.2
8.11,-5.59
7.42,-5.98
13.22,0.12
11.39,3.3
18.49,1.98
17.58,1.41
13.11,0.66
17.15,1.86
6.42,-5.89
-1.93,-5.64
5.67,-5.75
14.56,-1.18
19.19,9.46
17.17,-2.5
9.23,-2.77
12.28,-1.74
14.27,-1.36
18.39,11.74
16.59,-1.34
7.95,-1.32
11.23,-1.7
2.03,-5.25
6.77,-5.27
7.74,-4.94
3.19,-5.42
11.55,-3.51
17.81,8.81
20.81,7.07
15.72,5.59
20.54,5.46
11.67,4.29
9.63,5.46
8.98,5.56
17.56,8.54
14.27,2.13
1.88,-5.48
1.03,-6.55
6.01,-6.09
6.08,-9.03
-6.69,-13.23
-6.83,-13.5
6.32,-10.61
6.33,-8.68
0.36,-10.5
1.76,-10.29
10.36,-1.45
8.33,-1.53
2.06,-2.99
0.3,-6.74
1.68,-6.85
-1.91,-4.67
6.57,-5.09
9.8,-7.24
-3.53,-8.69
-2.89,-13.04
0.59,-12.93
2.85,-7.13
5.06,-7.59
-1.56,-14.77
-4.57,-15.24
2.12,-9.14
-0.95,-16.42
-2.76,-16.52
5.47,-7.38
5.62,-6.92
16.47,0.12
7.74,-1.78
-1.56,-7.26
-4.2,-11.96
-5.34,-12.81
3.24,-10.31
1.92,-9.83
8.74,-8.29
11.25,-1.53
6.52,-2.5
12.16,-1.88
-1.59,-8.33
-2.09,-9.71
0.86,-9.82
12.71,-7.48
17.19,8.31
12.66,-5.58
2.1,-6.19
0.86,-6.21
15.18,-4.09
17.9,4.39
16.72,-2.43
-1.43,-3.15
2.59,-1.92
-0.27,-4.25
3.48,-5.68
10.17,-5.54
11.96,-3.81
19.53,2.26
21.47,2.16
8.14,-1.18
13.48,-1.28
23.87,7.17
22.39,10.0
14.4,0.23
4.51,0.29
10.35,-0.91
11.53,-0.68
6.97,-8.71
-2.02,-8.96
11.65,-3.27
18.49,2.76
20.01,3.04
22.02,3.07
22.87,4.89
17.47,8.2
8.81,2.32
18.15,1.86
21.81,3.83
18.52,9.31
19.81,6.49
11.2,4.53
7.62,2.81
5.37,-2.55
6.7,-5.62
7.03,-5.06
8.84,0.71
26.44,7.94
7.88,1.29
6.81,-2.96
13.25,-2.06
15.98,0.83
16.48,5.8
14.21,6.38
14.4,5.8
11.68,2.51
9.29,1.3
8.04,-1.83
18.38,-0.5
18.11,10.58
22.12,10.82
20.89,3.78
16.53,3.7
22.08,7.69
17.49,1.59
11.18,1.8
7.39,0.73
11.98,1.23
19.4,6.73
19.14,8.15
26.19,10.07
29.18,15.31
28.47,17.49
18.75,3.53
14.68,2.26
19.02,3.65
19.06,7.62
22.83,11.84
26.39,13.46
22.59,6.52
22.41,8.82
26.05,10.04
15.52,10.15
16.37,12.23
22.22,9.59
18.22,8.27
22.0,9.65
26.31,12.69
29.62,17.57
31.31,13.57
30.57,14.77
29.86,15.09
29.86,13.76
30.43,12.88
25.82,11.6
28.27,13.44
21.82,14.57
28.05,15.43
30.74,20.0
29.04,16.62
20.28,10.75
19.32,10.35
24.39,11.87
29.07,18.03
22.69,14.33
20.48,10.86
22.84,12.28
27.84,14.62
30.85,18.04
31.3,19.35
30.68,19.21
24.59,12.71
27.17,12.08
28.5,12.95
28.73,15.46
27.91,18.53
27.46,16.22
28.16,14.14
25.68,14.13
22.19,14.43
26.05,15.26
29.46,19.77
33.57,23.74
34.5,23.83
33.95,23.97
33.09,24.57
30.83,15.96
26.28,11.97
26.65,12.77
30.73,13.89
33.63,18.38
34.55,17.14
30.4,15.54
31.09,16.17
30.85,17.86
28.81,15.26
26.88,10.72
26.58,10.48
29.63,14.32
33.16,20.56
33.38,21.12
30.65,19.51
30.98,18.26
32.86,20.86
36.37,24.24
34.76,22.87
27.64,22.01
25.83,20.5
26.81,16.03
29.72,16.77
30.74,19.57
30.66,17.26
30.57,18.09
29.8,16.3
28.86,20.32
31.67,21.31
24.96,20.72
28.8,19.84
31.03,21.13
33.6,20.32
31.74,20.07
32.96,21.06
31.2,22.82
32.05,22.09
26.9,19.63
25.22,19.04
28.82,20.97
30.58,20.56
27.45,15.44
27.53,17.32
27.04,19.19
29.83,19.7
27.84,19.26
32.62,20.93
27.96,20.66
28.48,21.29
31.58,21.15
32.02,21.36
32.27,21.92
29.31,21.18
28.04,16.39
29.22,15.61
25.41,13.31
26.96,15.51
26.27,18.55
26.8,15.66
27.94,15.58
28.01,15.17
29.33,15.25
30.22,16.69
29.58,18.67
27.19,17.64
27.39,15.68
28.44,14.34
29.63,14.78
29.85,16.16
29.97,17.78
30.06,18.81
32.84,21.03
32.22,20.17
29.25,14.1
27.76,13.92
29.75,15.51
30.29,17.88
23.87,18.68
26.99,19.61
27.66,19.96
26.08,15.95
26.73,13.55
26.28,13.44
28.97,15.66
29.4,18.69
25.66,13.47
22.01,12.32
21.25,12.41
26.92,13.05
28.34,13.25
28.36,14.31
29.0,14.71
29.58,16.6
28.58,15.72
31.46,16.41
34.64,16.42
21.72,6.47
19.69,7.9
25.53,12.25
23.86,10.48
20.81,5.6
19.65,4.28
16.84,4.87
19.99,5.54
21.59,5.94
23.49,6.64
22.04,6.22
21.55,2.93
22.6,3.43
24.98,5.1
24.37,8.29
16.46,0.55
14.9,0.11
18.48,1.89
23.53,4.66
24.32,8.76
23.24,5.76
17.81,1.12
19.96,1.86
17.36,3.35
22.44,3.62
9.53,0.86
7.13,-0.68
12.35,-2.01
15.38,-0.41
22.84,5.26
25.33,10.95
25.58,10.28
25.36,11.01
22.19,7.92
12.5,-0.12
14.42,0.71
19.19,2.79
21.24,3.72
16.04,8.93
17.45,12.36
20.37,7.42
18.08,6.34
22.71,6.34
24.34,12.06
20.94,7.08
21.59,5.57
19.09,6.15
17.24,5.16
23.23,5.36
22.69,8.1
17.71,-0.82
-0.11,-1.86
3.81,-2.69
6.33,-2.25
5.26,1.25
3.37,-2.07
0.2,-3.12
1.55,-7.75
2.31,-8.7
2.14,-8.56
9.54,-4.93
14.06,-3.77
15.23,-3.11
17.02,-1.52
12.48,-3.49
12.84,-3.23
12.47,5.27
8.01,4.89
15.89,0.16
3.85,-6.26
4.35,-7.11
13.64,1.92
11.56,-6.75
5.73,-6.99
7.7,-3.62
10.43,5.8
9.66,4.46
7.07,4.19
8.65,4.92
8.11,4.58
8.33,2.36
7.7,-0.62
8.42,-0.44
12.33,4.85
6.77,1.09
4.38,-0.84
1.66,-4.58
1.96,-7.88
0.77,-7.6
7.49,-5.54
6.62,-5.26
6.6,-22.21
-16.64,-22.38
-8.42,-16.66
-6.27,-14.74
-3.27,-8.8
-0.36,-4.42
10.05,-3.4
14.14,8.69
14.99,7.92
