20170101
7.87,-1.64
12.26,6.28
13.06,-3.92
-1.48,-6.7
-5.38,-13.73
-9.52,-15.84
-7.8,-16.22
-4.98,-14.98
5.32,-6.55
12.79,-1.49
18.14,-0.29
18.7,-1.21
1.4,-1.17
2.99,0.81
3.78,0.77
15.25,4.35
14.94,3.15
4.87,0.81
10.49,2.68
14.46,7.54
18.84,5.88
15.65,6.91
8.26,3.13
7.27,2.69
15.39,2.05
2.33,-0.91
2.28,-4.11
1.6,-3.54
0.35,-6.43
7.3,-7.67
7.99,2.88
6.21,-2.13
2.3,-5.32
-0.52,-10.87
4.32,-11.2
10.96,-1.7
16.22,-1.02
16.07,2.06
5.26,-4.74
-2.01,-8.22
12.48,-3.73
18.42,9.44
15.39,-2.67
9.71,-2.84
11.73,1.72
7.57,-1.65
10.03,-0.14
19.88,4.62
17.73,6.59
16.32,2.63
20.17,3.68
17.66,9.73
20.61,12.01
20.63,13.42
24.46,1.48
1.84,-6.07
8.78,-5.14
10.72,4.82
18.27,8.4
15.01,0.69
7.4,-2.08
4.49,-2.7
11.77,-1.02
19.64,-0.26
17.47,9.35
13.97,5.42
16.4,3.03
21.75,0.75
7.03,-3.8
3.1,-6.52
4.03,-5.83
2.37,-3.92
0.53,-7.05
2.31,-7.76
7.37,-6.89
9.25,1.61
5.8,0.3
11.35,1.89
18.78,5.16
17.65,-0.48
7.31,-1.54
15.04,-1.09
23.91,13.16
24.86,13.62
18.28,6.59
20.13,7.59
15.66,9.57
17.35,8.74
24.77,11.05
12.74,4.52
11.26,2.48
19.1,4.47
21.58,11.59
19.84,8.4
22.27,4.69
9.52,1.45
13.76,-0.48
19.16,1.93
25.72,9.9
26.05,15.1
19.74,5.12
20.94,6.02
26.65,7.85
28.55,11.79
28.63,16.84
27.41,12.11
21.58,8.38
25.88,10.78
28.11,16.65
27.75,9.43
15.77,7.32
13.55,5.27
21.02,6.24
24.77,8.39
24.89,11.9
29.13,15.11
17.69,7.25
20.06,9.28
26.65,14.9
24.48,13.0
16.52,7.65
18.79,4.31
12.28,6.33
12.59,7.24
12.29,4.6
17.43,3.32
17.8,1.41
18.72,4.33
21.45,11.14
29.33,13.56
20.18,11.61
20.14,7.39
24.21,11.2
27.69,13.29
28.6,14.06
29.75,16.64
28.89,20.3
28.92,18.31
28.33,15.18
26.95,14.63
25.57,8.69
22.82,9.65
23.74,13.33
17.93,13.01
18.47,10.4
26.63,14.05
28.78,16.71
24.65,14.84
28.35,13.6
26.9,12.56
27.13,10.29
26.74,10.45
29.23,12.27
30.99,15.16
31.17,18.36
30.76,14.72
25.63,12.07
21.16,9.91
24.8,11.64
28.77,14.17
29.89,16.01
31.38,18.57
33.13,20.77
30.81,19.13
31.49,19.2
28.31,18.24
31.03,18.85
30.96,20.63
27.84,16.29
27.49,14.79
29.61,16.67
32.12,19.62
27.97,21.2
24.35,16.22
25.72,11.72
25.55,11.24
24.07,10.6
23.89,11.03
27.45,14.93
31.0,20.32
28.97,19.33
28.97,16.7
29.98,16.98
30.68,18.43
30.3,19.17
29.33,20.43
26.16,18.79
31.11,16.86
28.02,13.98
29.22,16.79
29.68,21.9
26.8,19.81
32.16,21.6
30.22,21.85
29.38,15.0
28.35,15.73
30.18,17.23
30.78,19.09
31.49,18.18
31.19,19.6
32.34,22.12
33.37,22.88
33.57,21.27
29.59,19.48
29.35,16.31
27.59,15.82
30.05,17.71
28.74,22.2
28.23,15.53
25.98,13.11
28.49,15.16
30.06,17.25
29.22,18.03
29.48,17.17
30.28,18.64
23.86,10.98
25.49,12.76
22.36,17.01
25.58,14.0
26.9,11.45
27.57,13.07
29.4,15.34
27.72,16.35
27.25,13.35
28.06,15.56
28.41,17.09
30.87,18.42
31.95,20.25
30.96,19.73
29.69,18.48
31.54,18.28
32.43,18.96
32.41,20.44
28.26,14.73
26.62,11.42
26.25,11.81
25.78,11.15
26.13,11.85
27.87,13.59
27.2,16.38
26.16,14.9
27.97,15.63
27.61,15.51
16.22,12.59
22.37,12.2
27.93,13.32
30.83,15.72
23.18,8.71
20.09,7.74
21.43,7.83
25.3,9.54
23.55,8.62
23.26,8.53
22.78,9.49
21.18,14.5
18.55,16.02
23.04,12.88
28.09,13.26
29.65,15.38
30.49,16.85
27.97,19.56
27.29,17.89
30.9,18.47
32.86,19.24
32.78,17.74
32.5,16.91
32.64,15.3
32.14,15.56
32.32,17.22
29.3,12.3
23.24,8.03
25.17,7.47
24.14,5.78
24.43,6.23
27.09,10.77
29.39,14.5
26.54,17.65
23.29,17.39
27.39,17.75
28.83,12.99
19.57,13.95
21.99,14.83
21.7,15.76
18.08,13.61
17.76,13.05
23.43,11.5
28.91,15.01
22.77,7.18
17.57,3.3
20.36,3.28
21.84,4.63
24.59,7.19
25.59,7.63
24.19,9.8
25.95,14.12
17.65,7.97
11.07,4.84
11.35,-0.17
17.45,-0.04
13.24,2.03
4.41,1.54
4.29,-1.31
7.62,-0.36
7.72,-0.35
15.48,1.8
20.11,12.22
16.47,6.61
19.21,8.94
23.41,9.45
12.8,6.6
9.31,4.26
11.94,-0.79
13.8,-2.18
3.34,-4.0
6.99,-3.54
8.21,2.07
7.38,0.29
11.93,0.11
10.05,0.61
5.28,-1.37
15.91,0.65
18.22,1.94
4.03,-3.7
10.14,-3.44
13.84,-3.26
5.31,-4.97
8.53,-2.55
14.43,-1.31
15.57,-2.2
12.82,-2.71
17.83,0.89
17.87,4.76
14.9,3.08
12.91,-2.28
12.34,-2.62
13.5,-1.62
15.32,-1.23
18.54,3.2
9.21,-2.23
7.55,-2.44
-0.28,-8.71
0.29,-9.15
-0.14,-6.7
3.62,-6.2
9.51,-4.28
0.19,-7.84
8.02,-6.04
0.46,-6.19
1.0,-4.64
10.75,-0.66
7.66,2.84
7.68,5.22
9.73,1.94
9.32,-1.73
13.15,-1.63
12.07,2.57
3.34,-1.6
1.81,-6.32
-1.65,-8.38
-5.54,-16.22
-8.76,-16.87
-4.51,-12.71
-3.3,-7.64
-5.29,-14.94
-8.48,-18.52
-11.62,-20.98
-7.32,-20.98
-3.46,-16.56
-7.11,-17.54
-7.95,-19.14
-6.11,-19.3
3.19,-10.04
3.39,-0.14
5.63,-0.26
14.59,4.27
14.78,-2.0
-1.23,-9.94
-4.12,-16.24
-4.88,-16.21
-2.25,-16.12
-11.84,-17.71
-5.68,-14.13
0.56,-12.07
5.43,-6.61
9.73,0.42
12.66,6.63
13.35,2.27
3.61,-1.05
0.29,-5.48
8.48,-4.7
14.08,0.42
9.71,-3.23
11.44,-4.11
1.79,-5.34
1.2,-5.97
11.73,-1.1
6.3,-10.85
-3.76,-11.66
4.36,-6.4
3.3,-10.99
-2.14,-11.22
0.13,-4.37
0.21,-8.64
0.77,-8.16
10.38,-0.95
4.87,-0.9
1.23,-6.81
4.49,-7.1
7.01,-4.87
15.15,5.07
19.98,7.96
7.03,-1.53
2.64,-1.52
12.51,-1.19
23.29,12.67
25.35,10.95
10.82,3.65
11.21,4.21
15.92,7.05
15.05,6.23
9.3,-0.96
13.37,-1.23
16.61,-0.03
13.23,9.41
14.18,-0.05
9.6,-2.7
10.81,-2.01
11.34,-0.87
9.01,0.01
14.05,-0.56
4.35,-2.63
0.1,-4.5
7.29,-3.77
11.21,-0.75
6.71,-1.95
5.29,-3.95
5.65,-5.29
5.7,-5.2
15.23,-2.51
8.74,-2.42
6.98,-1.8
14.92,0.29
17.2,-0.28
1.76,-1.8
5.26,-3.83
8.91,-3.33
11.06,-1.76
1.85,-2.07
8.04,-1.93
15.33,3.09
13.18,9.69
14.27,9.54
14.38,4.61
9.51,0.44
15.48,1.27
9.33,-0.99
9.65,-0.82
22.7,0.99
2.71,-3.34
10.97,-2.3
14.94,-2.15
6.28,-4.64
6.39,-2.3
5.94,-1.76
6.82,-1.77
18.66,-0.12
26.78,13.15
27.01,15.71
20.93,10.82
11.72,0.52
2.28,-0.73
10.45,0.28
22.11,1.57
13.24,-0.75
16.64,1.27
17.86,5.66
19.69,8.48
14.61,9.59
13.6,10.26
19.36,4.34
20.31,4.21
21.59,5.59
14.51,0.13
17.44,0.78
23.64,5.14
27.87,14.65
29.11,18.44
25.46,17.23
26.62,12.98
20.68,11.67
27.9,9.09
23.28,8.01
26.09,9.77
28.7,15.33
28.9,14.94
30.39,18.26
29.6,16.61
31.55,18.31
32.7,19.9
31.59,18.39
25.62,16.27
28.67,17.1
23.34,18.08
25.6,17.08
30.85,17.74
29.8,18.3
29.94,14.73
27.82,14.02
28.51,13.95
30.95,17.69
30.51,17.99
33.04,18.22
33.81,19.94
31.27,21.64
26.94,20.29
29.42,19.64
29.75,18.16
30.48,19.51
27.19,12.62
24.99,12.3
28.98,13.27
26.38,15.29
31.29,18.29
32.26,18.2
32.81,17.69
25.13,18.16
25.94,18.52
27.45,19.64
29.26,13.78
28.84,14.81
31.12,18.33
33.76,21.02
33.99,22.08
33.33,22.76
32.89,20.78
30.51,21.32
26.54,18.63
24.99,18.13
24.18,17.18
27.46,19.63
23.83,19.81
24.92,19.28
28.71,18.01
30.36,19.84
32.03,20.28
32.8,22.57
32.97,22.45
32.04,21.97
31.7,22.06
34.17,22.57
33.71,21.21
27.97,13.0
27.35,13.72
31.11,17.52
32.86,19.81
33.06,20.15
29.65,15.82
29.33,15.85
31.82,17.08
33.05,20.85
29.88,21.21
30.67,18.92
30.89,14.69
30.04,15.22
30.0,17.4
29.29,18.6
24.86,18.98
26.68,16.48
25.9,16.45
28.89,17.39
30.31,16.83
29.65,16.08
26.78,14.28
27.22,15.02
27.27,17.49
23.61,18.47
23.99,17.28
26.97,15.81
29.2,16.75
30.2,19.36
31.92,19.83
32.59,20.22
32.35,20.32
29.89,20.49
29.89,18.15
29.53,18.92
30.39,19.68
29.9,16.83
30.09,16.83
29.6,16.51
30.82,19.46
25.34,19.8
27.09,20.35
27.69,19.88
28.78,18.55
30.08,19.17
28.63,19.89
27.33,17.49
25.19,11.72
26.57,12.32
24.08,13.9
28.54,20.25
32.49,21.92
32.46,21.58
32.99,21.66
31.15,18.71
28.65,17.28
30.75,18.29
29.63,19.95
32.09,20.9
33.35,20.96
33.71,20.66
33.42,20.95
31.41,20.68
26.91,18.01
18.85,14.81
16.14,13.5
19.84,12.38
23.03,12.83
23.18,15.18
30.02,16.35
31.03,17.3
31.36,19.21
30.35,20.09
30.77,18.84
32.86,18.84
32.9,19.55
33.44,20.63
30.85,14.9
16.69,12.94
25.28,13.16
21.72,16.75
25.31,18.66
21.83,11.14
16.79,7.57
23.22,8.21
22.35,9.37
27.46,11.36
29.76,13.71
30.37,18.91
31.03,19.16
26.38,16.95
31.24,18.47
31.58,18.2
31.89,18.53
31.65,19.55
30.73,19.42
24.52,11.52
15.93,2.39
11.99,2.48
12.52,3.11
12.53,7.28
11.94,1.16
12.15,1.07
16.04,-0.38
14.54,-0.45
13.31,1.01
17.35,-1.82
12.17,-1.83
19.51,1.17
17.22,0.84
14.11,1.12
14.46,2.97
9.22,5.83
12.61,3.81
18.68,3.31
16.8,2.52
21.16,5.37
18.32,7.7
10.14,5.0
9.32,0.73
13.96,0.55
16.31,7.4
15.95,8.44
15.45,3.41
12.82,-1.1
6.54,-0.11
6.84,-6.5
2.98,-6.87
6.58,-5.48
7.0,-0.24
2.14,-6.3
0.87,-6.17
1.4,-1.33
4.26,-1.15
7.84,0.79
10.34,0.93
5.61,1.73
3.8,-2.83
8.99,-3.82
11.27,-3.27
11.44,-1.49
13.48,0.47
15.46,0.44
2.38,-5.68
-3.61,-7.14
1.09,-7.61
6.67,-0.54
11.77,5.26
14.74,7.56
16.9,3.58
4.51,0.36
1.5,-2.01
-0.18,-3.44
4.97,-6.31
3.76,-7.04
-2.1,-6.23
4.77,-7.8
0.76,-9.27
7.87,-7.36
11.17,0.69
9.16,4.14
10.12,5.75
8.45,3.09
10.34,-0.83
10.55,-3.4
7.76,-3.68
12.84,-1.81
8.47,5.22
6.25,-0.46
5.1,-1.76
2.48,-3.08
7.48,-3.03
8.74,-4.09
9.05,-3.71
13.8,4.63
13.64,-0.25
2.02,-3.06
6.57,-3.17
17.03,4.39
5.35,3.01
4.67,0.04
4.72,-1.39
10.45,-0.67
12.26,-0.51
12.41,-0.21
14.25,7.37
16.19,-2.01
-0.62,-6.4
-1.19,-6.81
0.94,-8.52
1.32,-1.95
0.4,-3.87
0.68,-7.82
1.02,-4.74
2.05,0.33
4.84,0.85
2.61,-0.27
3.29,-9.99
-6.88,-17.33
-6.74,-17.17
7.31,-7.93
10.42,-4.83
-0.14,-11.88
-3.22,-12.05
1.96,-3.39
-0.4,-5.92
8.7,-9.62
-5.66,-17.15
-15.05,-20.22
-7.33,-19.27
0.96,-7.77
9.66,-3.28
18.24,2.4
13.42,2.82
11.32,2.71
14.15,8.48
16.8,-7.17
-2.71,-10.16
-0.6,-9.97
2.23,-4.02
9.24,1.59
11.05,-4.37
3.54,-4.02
13.41,0.82
1.39,-4.29
2.8,-4.94
0.66,-2.32
0.32,-5.14
2.08,-5.62
7.88,-1.39
7.58,-2.32
6.06,0.44
14.92,4.0
7.21,-5.55
4.83,-5.79
10.55,-3.35
14.12,-2.02
1.54,-1.23
4.19,-1.07
5.1,-0.39
0.1,-11.41
-6.38,-13.45
-3.88,-12.64
-0.5,-11.06
2.14,-4.15
3.65,-0.7
15.52,1.52
9.33,-0.04
10.77,-2.73
10.51,-2.72
21.13,6.24
22.01,6.57
7.07,-0.93
9.15,-2.81
11.87,-3.15
9.68,-3.45
10.77,-2.81
13.0,1.94
7.77,1.97
11.07,-3.17
13.93,-2.78
13.72,5.3
9.4,-1.99
9.52,-2.59
15.43,-1.65
22.06,5.09
16.98,11.05
15.16,-1.8
3.57,-4.6
8.42,-3.58
15.23,-0.64
16.68,2.77
21.49,8.64
15.79,8.58
20.61,9.34
20.67,12.29
23.32,9.8
21.26,6.18
21.38,7.86
27.27,9.6
19.33,4.89
18.88,5.78
20.61,1.75
12.52,2.02
24.86,7.09
24.84,12.82
22.42,5.8
8.01,3.33
6.84,2.09
20.94,4.33
25.24,9.99
24.67,9.44
19.06,9.87
19.84,8.42
18.32,5.46
16.26,5.14
12.64,5.23
24.82,8.01
25.83,12.42
26.65,13.81
22.49,15.29
21.35,13.99
15.51,9.22
21.96,7.73
24.82,9.12
26.08,11.27
28.41,13.19
23.45,10.98
13.79,6.08
17.82,6.82
10.95,7.76
14.46,4.77
20.66,6.51
21.64,9.3
25.92,11.88
29.61,16.13
30.59,18.29
24.01,13.12
21.29,8.94
19.04,9.7
25.51,16.73
29.44,17.93
31.29,18.8
30.29,19.95
29.48,16.61
28.93,18.49
30.32,21.51
26.72,17.14
25.2,16.55
26.24,14.69
27.68,16.34
26.03,8.87
24.48,11.15
26.91,15.28
30.04,17.95
28.67,18.6
26.35,18.79
24.5,19.0
25.62,19.38
23.32,9.7
24.54,10.76
25.18,12.89
20.05,7.91
24.18,11.27
24.28,16.88
26.53,18.34
26.53,19.04
27.0,19.12
27.63,19.59
23.14,14.83
25.61,15.81
24.5,16.9
28.67,18.5
25.06,16.69
28.55,17.32
31.5,19.22
30.94,19.03
31.87,19.75
32.49,21.04
33.0,18.88
31.65,19.92
33.12,20.53
30.81,19.55
31.6,20.27
32.75,21.57
30.84,21.3
31.39,20.04
29.75,17.8
31.93,18.96
33.43,21.31
31.52,16.92
29.51,14.9
32.03,17.07
32.61,20.57
31.38,21.84
30.54,21.89
31.26,21.44
33.4,23.29
33.1,22.88
33.53,22.98
33.19,21.72
25.44,14.33
26.85,13.53
26.61,13.1
27.86,14.48
29.38,15.45
30.63,18.06
31.12,19.16
30.82,19.55
29.77,17.86
28.52,16.03
30.0,17.08
29.84,15.99
30.22,15.41
31.22,16.41
32.11,17.48
30.46,18.31
29.69,17.49
31.24,17.84
30.42,15.16
29.29,14.63
30.15,17.04
28.52,20.64
29.99,19.38
31.52,16.63
29.04,15.91
30.19,17.67
29.62,19.72
33.08,19.38
33.47,20.1
32.0,19.03
29.99,19.69
26.2,18.87
24.17,12.75
25.43,13.17
27.42,14.75
21.91,20.12
26.59,14.93
26.19,12.15
28.29,13.87
29.5,18.79
24.17,17.39
29.3,17.81
28.14,15.61
29.85,17.1
28.38,13.74
25.25,12.79
27.97,13.9
23.83,12.54
25.04,14.84
30.1,15.96
34.17,18.18
32.63,19.31
32.67,19.81
32.76,15.52
27.73,13.38
30.2,15.37
31.74,16.9
28.74,14.99
30.09,15.13
30.81,15.63
30.8,17.92
31.08,16.53
31.05,17.74
27.6,9.74
26.05,10.09
29.34,13.34
25.77,9.6
32.41,11.91
31.94,18.13
32.75,18.18
33.83,16.73
33.6,17.84
33.24,17.59
31.23,10.56
21.99,8.36
26.81,8.65
21.61,12.4
20.71,5.57
23.06,6.1
24.2,6.68
27.09,11.36
21.81,1.42
13.89,1.0
20.72,1.92
20.25,2.66
23.78,4.43
10.84,1.7
15.56,1.19
17.83,1.41
22.16,3.71
24.15,9.56
21.38,9.86
16.34,2.89
18.99,2.95
18.61,7.85
14.59,8.95
18.38,9.85
18.41,3.56
19.26,4.07
15.9,9.13
12.9,9.26
9.85,-2.74
8.56,-2.82
11.02,-2.23
12.23,-1.4
15.69,2.97
11.22,-1.26
12.32,-0.57
5.94,-6.96
2.51,-7.05
8.74,-2.52
17.7,4.22
11.48,-10.3
-5.06,-13.31
-0.26,-11.88
6.3,-5.48
6.65,-5.29
8.03,-4.11
8.63,-3.72
5.52,-1.02
7.14,-1.22
8.19,3.46
12.35,4.36
7.48,-1.79
3.6,-0.73
10.0,0.23
14.65,2.25
14.88,5.57
13.45,1.31
3.55,1.19
6.26,2.37
13.48,3.18
9.28,0.87
2.52,-0.74
4.32,-0.67
10.24,-2.41
11.32,-2.77
9.63,-4.59
7.48,-4.75
13.44,-1.25
13.56,-2.87
-1.75,-7.73
3.14,-7.32
6.76,-5.15
7.81,0.62
6.31,-1.33
1.44,-1.85
0.95,-1.46
2.32,-6.21
-0.73,-10.2
4.04,-8.95
7.63,-5.75
11.24,-3.72
12.63,-3.52
15.07,-2.12
16.29,-1.88
18.43,-0.89
17.6,8.61
15.06,5.66
15.89,6.43
16.45,4.73
5.45,1.12
2.79,-0.19
9.18,-0.73
10.48,6.01
10.4,3.07
3.83,-2.28
9.24,-2.63
8.82,-2.65
9.11,-2.44
4.52,-3.05
14.02,-2.51
17.31,9.56
18.1,1.82
5.44,0.88
7.5,1.06
9.97,-0.72
12.71,0.41
4.75,-5.19
3.2,-4.81
10.78,-8.66
-7.55,-10.27
-3.06,-9.04
0.1,-9.03
3.55,-8.19
8.45,0.35
7.53,1.2
1.83,-0.69
6.93,-3.16
2.97,-2.39
1.63,0.03
2.3,-0.06
4.07,-0.04
3.43,-0.01
5.77,-0.03
17.69,1.3
20.41,3.67
14.19,0.23
2.95,-0.6
0.34,-2.83
1.49,-3.0
1.91,-4.41
10.25,-3.05
6.09,0.24
5.4,-1.73
2.49,-1.17
2.61,-12.69
-4.43,-13.23
7.47,-9.44
10.41,-1.79
11.8,-0.12
10.1,-3.62
6.45,-3.99
1.12,-9.35
3.34,-9.27
9.61,-5.91
13.27,1.18
6.79,4.53
7.22,1.6
2.66,-3.64
2.29,-4.16
2.4,-6.9
3.86,-6.83
17.15,-2.55
12.13,8.31
14.52,0.78
15.97,-1.01
15.51,-0.45
2.7,-4.79
10.2,-4.78
18.29,0.19
17.66,9.41
13.45,5.11
10.55,3.72
16.36,3.74
11.09,2.05
5.75,0.96
7.47,1.01
9.27,3.53
12.23,3.59
15.26,4.91
19.98,11.41
21.44,0.02
3.36,-1.52
5.65,-1.14
11.26,2.45
11.61,2.99
17.04,3.58
20.13,6.66
24.01,12.55
25.66,16.07
18.39,7.57
16.32,5.14
7.91,4.05
11.7,0.25
16.6,1.72
21.03,6.83
20.13,7.05
14.38,6.66
21.39,8.09
26.31,14.24
27.26,6.91
12.49,0.08
10.9,0.55
16.97,5.68
16.64,7.92
9.05,0.36
8.72,-3.1
10.47,-4.15
9.91,-0.13
10.59,0.76
12.84,1.43
14.76,2.92
18.86,4.54
14.2,0.15
22.25,3.37
13.25,9.62
19.82,7.78
19.35,6.53
16.38,1.87
19.46,5.16
24.46,13.58
18.01,6.79
9.74,5.6
20.12,6.22
27.97,13.26
22.13,6.44
20.84,7.49
9.28,4.48
15.79,3.34
19.8,6.92
12.8,-2.11
13.46,-0.06
18.16,3.16
10.45,1.81
16.21,3.92
14.14,8.17
27.41,13.41
24.04,15.63
26.87,16.92
25.18,15.41
19.85,14.17
18.91,11.98
14.26,11.51
17.84,12.6
25.11,13.92
28.16,16.98
30.29,17.67
30.97,17.93
30.12,19.14
26.11,18.71
27.38,17.6
24.75,12.65
23.13,11.17
22.33,7.91
25.0,12.35
31.08,18.16
31.59,19.94
29.3,18.07
30.7,18.3
32.68,15.94
29.38,15.93
30.92,18.5
28.82,22.42
31.24,15.01
27.35,13.11
29.67,12.93
26.36,12.8
24.37,10.77
25.38,12.65
27.78,13.98
28.76,14.45
29.18,15.81
31.56,17.52
32.75,18.25
28.57,18.64
30.2,19.25
26.34,16.53
27.27,14.64
29.16,16.77
31.41,20.94
25.59,20.03
27.42,20.8
30.47,20.33
29.84,19.87
31.71,19.95
31.66,18.55
32.5,19.66
33.73,20.1
33.87,20.79
32.85,20.52
33.13,21.02
32.57,20.46
33.58,21.14
30.3,18.9
31.9,17.24
28.38,15.87
28.41,15.63
30.5,16.61
31.72,19.38
26.38,17.8
30.97,19.14
32.74,22.63
33.41,20.85
31.51,20.8
32.04,20.34
29.14,20.93
30.01,18.36
30.19,17.52
31.04,18.44
33.12,21.65
32.08,19.73
30.25,17.67
31.04,19.7
22.89,19.27
25.89,19.11
26.46,17.13
26.78,17.24
27.2,16.81
24.9,12.32
24.18,13.01
25.55,13.87
26.66,13.15
28.55,15.88
30.7,18.68
29.81,19.29
28.92,19.52
28.59,19.8
29.85,20.09
28.06,18.85
30.26,18.8
28.34,16.52
29.72,17.16
24.19,13.57
25.48,12.94
26.63,13.04
27.75,16.17
28.15,18.11
29.06,18.87
31.28,20.09
32.43,20.27
31.23,21.34
28.3,22.27
28.8,20.62
29.38,13.8
26.28,15.31
26.57,17.78
27.21,19.54
27.14,19.46
28.93,14.63
25.97,8.92
27.11,10.67
26.6,15.81
29.62,17.31
30.75,16.42
30.79,16.64
29.26,18.05
23.13,17.58
28.39,17.73
27.46,13.93
25.76,11.43
23.15,8.69
25.84,9.02
27.32,10.4
19.75,5.88
20.4,4.55
22.97,5.26
24.04,6.54
24.31,8.49
22.8,9.84
24.67,10.52
26.09,11.44
24.58,13.57
26.25,14.13
17.97,6.5
18.04,6.51
24.71,5.02
20.11,2.36
17.29,3.31
18.54,7.02
15.48,-0.08
17.5,0.91
23.21,4.8
29.47,6.75
26.29,7.34
28.23,9.19
24.12,15.39
26.45,15.34
25.01,4.5
21.0,4.42
25.88,6.18
16.79,-0.52
14.85,-1.33
17.13,1.0
16.63,8.96
11.39,7.66
17.16,8.1
19.49,12.07
27.41,12.87
25.51,6.28
12.56,5.86
10.91,6.34
9.11,6.78
10.3,6.82
11.62,8.02
10.3,3.46
10.02,-1.27
14.85,-0.03
10.66,-3.32
9.63,-2.83
18.49,0.22
22.15,5.52
19.9,4.07
21.36,3.47
23.3,3.94
26.58,9.55
25.91,10.85
25.08,11.14
12.81,-0.59
13.03,-0.55
13.08,-2.46
17.13,-0.61
13.67,1.47
13.47,1.26
6.49,-2.19
10.07,-2.04
18.57,6.27
17.56,8.33
9.76,6.01
8.9,1.36
9.56,1.23
10.87,4.37
14.78,7.89
10.45,7.28
12.63,-0.77
9.54,-2.73
11.79,-2.18
2.61,-2.29
1.34,-6.11
6.97,-6.06
6.96,-3.75
7.44,-2.78
6.9,-4.24
3.3,-3.7
1.25,-1.47
2.77,-0.86
13.68,-1.74
16.29,-1.42
17.89,4.68
16.06,3.65
5.61,1.74
2.03,-6.52
1.74,-6.18
1.03,-1.65
0.26,-5.84
3.44,-6.14
5.43,0.44
6.8,0.58
9.49,0.36
7.66,-0.87
13.29,-1.85
-2.07,-11.24
-7.81,-11.77
3.69,-9.73
11.88,-1.65
2.66,-3.51
5.42,-4.27
10.84,-2.63
0.34,-2.68
9.93,0.18
3.43,1.11
2.38,-2.96
7.8,-2.64
1.86,-0.43
2.88,-0.86
3.63,-0.76
0.48,-2.24
-0.02,-6.99
-0.12,-6.49
-1.73,-4.58
3.39,-4.28
8.33,-2.09
9.2,-0.33
5.81,-1.63
1.44,-1.63
1.26,-1.84
2.47,-2.05
7.06,-3.01
3.22,-3.39
10.71,-2.02
2.78,-9.79
1.89,-9.91
1.33,-1.43
3.51,-0.64
7.09,-0.63
0.41,-8.64
-0.78,-10.75
1.43,-10.79
3.52,-3.34
5.13,-2.51
-0.68,-6.09
1.04,-6.33
3.09,-5.5
3.93,-4.12
3.34,-6.52
2.24,-11.86
-5.01,-13.0
0.93,-8.65
-1.09,-6.04
-4.15,-7.5
-3.31,-7.56
-1.98,-6.67
-2.57,-10.49
-3.94,-11.11
-7.09,-11.97
-6.78,-16.96
-4.3,-16.12
-1.49,-12.68
-2.33,-14.68
0.77,-11.16
8.02,-8.3
4.95,1.16
13.19,0.64
16.86,-2.46
8.54,-2.53
7.71,-0.49
12.78,6.14
16.75,1.73
8.03,-4.64
7.36,-4.7
17.44,-1.72
11.99,-3.89
8.57,-4.76
9.22,-4.01
11.36,-3.57
18.67,-1.21
19.35,1.44
20.88,9.45
18.35,6.62
15.71,4.7
12.97,-0.47
10.5,1.05
5.01,0.91
14.4,3.1
17.18,5.64
15.66,-0.29
10.58,-2.34
15.98,-2.13
19.11,0.77
19.61,4.48
19.53,8.86
22.53,6.77
17.6,7.97
13.6,4.22
23.31,5.85
10.83,-1.59
15.15,-0.45
22.99,5.57
11.54,-1.96
5.05,-5.67
9.32,-4.48
18.33,0.48
24.16,5.56
25.16,7.57
25.98,9.33
27.26,12.13
21.24,10.43
26.97,10.69
18.52,8.78
11.61,8.28
20.48,8.0
19.43,8.72
17.49,2.74
13.75,0.76
16.91,2.19
14.46,1.69
18.06,2.83
20.22,2.8
16.51,-1.85
8.62,-1.76
12.86,0.35
16.11,3.66
11.86,6.11
17.43,3.37
24.18,6.31
28.0,16.41
25.96,17.15
20.92,9.73
21.89,2.06
23.11,5.17
25.19,13.56
22.43,15.34
20.28,8.56
17.02,3.42
17.48,3.67
17.76,1.76
15.17,4.59
16.05,1.94
16.33,4.38
16.07,3.62
17.31,3.16
19.7,4.32
21.46,5.46
22.56,10.59
21.52,12.91
21.52,14.03
25.4,14.79
27.08,15.55
28.9,15.22
28.76,13.64
29.66,14.87
30.25,15.92
31.14,16.18
31.17,18.38
25.33,17.21
27.46,17.66
22.21,7.77
14.77,4.64
19.92,6.67
23.43,10.37
24.05,14.3
18.97,15.84
22.34,14.29
29.47,14.82
29.33,16.82
28.02,19.12
27.68,20.3
25.08,20.56
25.52,20.65
27.35,20.0
30.62,19.46
33.21,19.9
31.6,15.08
31.31,13.95
27.47,13.52
27.25,13.6
29.63,15.52
32.56,18.65
28.27,18.3
30.62,21.45
27.36,12.32
22.35,11.17
25.25,12.85
27.73,19.15
27.42,22.14
29.79,21.99
31.37,21.02
32.26,21.13
33.79,21.27
28.56,20.15
26.5,14.27
24.44,13.37
26.02,14.54
30.14,18.32
31.36,19.5
31.96,19.52
30.96,20.86
27.82,16.04
23.78,16.27
25.43,17.58
25.67,20.02
28.24,20.8
27.39,18.92
29.02,20.1
31.06,20.4
28.32,20.45
27.06,19.11
27.7,17.39
28.23,17.44
28.99,17.66
27.44,17.11
27.72,16.89
29.07,17.74
30.37,19.42
30.67,20.94
31.63,17.37
31.26,18.36
31.01,19.98
31.21,20.32
27.75,17.4
22.75,13.83
27.2,12.64
25.97,13.38
27.12,13.76
27.92,14.83
29.23,16.35
28.51,18.58
30.41,18.93
30.92,19.32
26.2,21.51
32.63,23.16
32.57,23.95
33.93,21.03
30.4,20.49
28.43,18.77
24.6,18.37
27.86,19.31
29.07,19.45
30.97,20.55
30.27,19.24
31.16,19.38
31.44,19.17
32.86,19.96
33.26,20.25
33.68,21.13
30.74,20.27
33.78,20.31
33.66,20.28
33.14,21.19
32.67,21.08
26.17,19.88
26.47,18.62
26.74,13.46
26.34,13.3
26.14,14.25
25.88,17.63
26.57,12.86
29.04,13.76
29.22,16.89
27.66,12.58
25.52,11.79
26.25,12.42
27.97,15.52
29.82,18.05
30.32,18.44
30.84,19.68
24.97,14.81
28.18,15.48
31.12,17.07
32.07,18.2
30.02,19.02
23.19,18.56
24.59,14.04
15.1,9.87
19.61,6.96
23.34,7.98
21.64,7.44
24.35,8.78
29.29,14.72
29.37,14.94
29.69,14.61
27.8,12.89
26.97,12.99
24.24,15.43
24.38,16.4
23.13,14.77
25.96,15.78
24.8,17.02
24.59,15.89
26.34,14.29
28.84,14.53
28.96,18.13
27.82,17.76
20.08,11.4
25.16,12.06
28.13,18.77
25.1,9.61
17.27,4.76
20.54,4.42
22.02,4.82
22.05,6.0
23.14,7.01
21.13,10.04
12.61,7.31
15.89,7.49
23.34,12.45
16.49,8.33
14.47,1.54
15.5,1.65
12.77,8.61
16.5,10.59
13.49,9.07
17.55,2.63
12.38,2.06
9.7,-2.57
9.86,-2.62
10.74,-2.71
11.88,-2.6
14.58,-1.61
17.62,-0.8
21.22,2.2
17.36,3.74
20.7,6.06
16.73,2.97
10.76,1.6
4.2,0.45
5.25,-2.8
4.93,-2.3
16.59,-0.23
18.98,4.2
8.6,-3.79
6.0,-4.35
12.18,-1.56
8.1,-1.71
4.78,-6.4
5.84,-6.43
13.14,-0.39
9.01,-4.25
1.48,-4.77
9.58,-0.24
8.11,-5.62
7.3,-6.03
13.09,-0.11
11.46,3.29
18.4,1.87
17.46,1.48
12.99,0.69
17.11,2.0
6.3,-5.92
-1.93,-5.75
5.59,-5.63
14.46,-1.16
19.08,9.45
17.18,-2.49
9.13,-2.87
12.2,-1.72
14.27,-1.32
18.3,11.7
16.54,-1.21
8.14,-1.17
11.34,-1.72
1.94,-5.32
6.63,-5.36
7.67,-4.92
2.99,-5.43
11.51,-3.54
17.73,8.85
20.64,6.95
15.61,5.66
20.48,5.49
11.77,4.25
9.54,5.49
9.1,5.42
17.54,8.46
14.3,2.19
1.91,-5.4
1.21,-6.63
6.05,-6.1
6.14,-8.89
-6.73,-13.04
-6.69,-13.39
6.26,-10.67
6.38,-8.63
0.5,-10.51
1.75,-10.31
10.26,-1.34
8.24,-1.59
2.05,-3.1
0.29,-6.62
1.65,-6.77
-1.82,-4.59
6.48,-4.92
9.72,-7.14
-3.53,-8.77
-2.88,-13.07
0.54,-12.9
2.8,-7.36
5.02,-7.55
-1.6,-14.75
-4.5,-15.26
2.03,-9.3
-0.99,-16.57
-2.78,-16.47
5.34,-7.41
5.48,-6.77
16.29,0.05
7.73,-1.68
-1.37,-7.31
-4.24,-11.92
-5.23,-12.75
3.3,-10.2
1.83,-9.7
8.69,-8.22
11.15,-1.47
6.47,-2.56
12.13,-2.02
-1.5,-8.28
-2.08,-9.63
0.72,-9.69
12.73,-7.31
17.04,8.01
12.78,-5.56
1.95,-6.22
0.76,-6.3
15.19,-4.18
17.8,4.21
16.64,-2.34
-1.35,-3.08
2.51,-1.91
-0.2,-4.13
3.56,-5.63
9.96,-5.46
11.86,-3.71
19.44,2.26
21.33,2.18
8.41,-1.12
13.41,-1.15
23.84,7.37
22.06,10.36
14.66,0.33
4.57,0.28
10.2,-1.04
11.56,-0.87
7.25,-8.6
-2.08,-8.85
11.57,-3.46
18.35,2.74
19.95,3.0
21.98,3.14
22.75,5.04
17.54,8.28
9.03,2.28
17.97,1.86
21.72,3.87
18.77,9.34
19.81,6.47
11.46,4.57
7.55,2.72
5.33,-2.53
6.61,-5.67
6.95,-5.02
8.92,0.66
26.44,7.95
8.27,1.17
6.77,-2.89
13.27,-1.8
15.96,1.03
16.43,5.58
14.15,6.26
14.33,5.71
11.87,2.38
9.23,1.23
7.86,-1.8
18.35,-0.41
18.24,10.57
22.16,10.89
21.01,3.84
16.66,3.73
22.05,7.69
17.53,1.58
11.23,1.77
7.41,0.78
11.94,1.37
19.46,6.73
19.09,8.04
26.27,10.21
29.28,15.51
28.48,17.5
19.03,3.45
14.89,2.21
19.03,3.67
19.11,7.55
22.87,11.81
26.3,13.45
22.64,6.43
22.33,9.02
26.01,9.99
15.48,10.13
16.42,12.11
22.13,9.63
17.99,8.14
21.86,9.63
26.24,12.67
29.48,17.39
31.13,13.27
30.44,14.72
29.74,15.03
29.8,13.71
30.34,12.92
25.66,11.35
28.16,13.38
21.99,14.6
27.97,15.48
30.69,20.0
28.97,16.56
20.1,10.68
19.11,10.21
24.3,11.77
28.99,18.03
22.67,14.2
20.43,10.85
22.78,12.28
27.75,14.62
30.8,17.86
31.23,19.14
30.66,19.07
24.48,12.68
27.1,11.94
28.41,12.85
28.62,15.46
27.76,18.42
27.37,16.19
28.17,14.12
25.54,14.05
22.26,14.36
25.97,15.16
29.45,19.66
33.49,23.57
34.4,23.7
33.89,23.76
33.15,24.32
30.61,15.87
26.22,11.78
26.57,12.61
30.66,13.73
33.62,18.13
34.47,16.87
30.29,15.35
31.01,15.96
30.76,17.73
28.81,15.1
26.75,10.67
26.44,10.41
29.6,14.24
33.05,20.4
33.22,21.04
30.52,19.44
30.85,18.04
32.76,20.98
36.13,24.1
34.65,22.78
27.61,21.89
25.72,20.46
26.66,16.0
29.64,16.75
30.64,19.55
30.53,17.16
30.4,17.98
29.62,16.22
28.8,20.17
31.6,21.3
24.91,20.69
28.71,19.66
30.93,21.08
33.44,20.24
31.59,19.97
32.87,20.97
31.13,22.75
31.93,22.07
26.9,19.66
25.25,19.05
28.74,20.97
30.45,20.52
27.29,15.31
27.44,17.29
26.87,19.06
29.65,19.67
27.79,19.2
32.51,20.9
28.0,20.73
28.4,21.26
31.31,21.07
31.9,21.37
32.13,21.81
29.23,21.19
27.88,16.23
29.04,15.48
25.36,13.29
26.92,15.49
26.17,18.46
26.65,15.68
27.75,15.6
27.81,15.15
29.1,15.2
30.02,16.66
29.4,18.56
27.1,17.59
27.11,15.65
28.18,14.28
29.33,14.77
29.63,16.09
29.8,17.66
29.94,18.76
32.72,20.94
32.05,20.09
29.08,14.08
27.64,13.88
29.65,15.4
30.19,17.96
24.23,18.72
26.97,19.58
27.66,19.93
26.11,15.93
26.65,13.46
26.26,13.46
28.93,15.64
29.19,18.54
25.63,13.46
22.01,12.32
21.27,12.5
26.86,13.09
28.24,13.07
28.36,14.05
28.91,14.37
29.44,16.52
28.52,15.76
31.33,16.43
34.56,16.52
21.64,6.51
19.63,7.78
25.4,12.28
23.78,10.51
20.78,5.41
19.59,4.25
16.74,4.89
19.95,5.56
21.66,6.05
23.53,6.76
22.02,6.31
21.5,3.0
22.55,3.42
25.01,5.1
24.38,8.2
16.48,0.54
14.89,0.06
18.42,1.94
23.5,4.82
24.29,8.47
23.49,5.87
17.97,1.14
19.93,1.96
17.56,3.28
22.4,3.78
9.72,0.91
7.14,-0.55
12.37,-2.01
15.37,-0.37
22.94,5.27
25.37,10.85
25.56,10.1
25.35,10.88
22.43,7.92
12.58,-0.11
14.5,0.75
19.28,2.82
21.14,3.76
16.08,8.99
17.39,12.32
20.1,7.43
17.99,6.29
22.65,6.3
24.34,11.91
21.16,7.47
21.53,5.54
19.12,6.13
17.33,5.06
23.26,5.26
22.54,8.06
17.46,-0.74
-0.08,-1.91
3.56,-2.55
6.42,-2.19
5.24,1.26
3.23,-2.08
0.16,-3.16
1.36,-7.77
2.2,-8.66
1.84,-8.5
9.36,-4.99
13.88,-3.89
15.14,-3.15
16.94,-1.61
12.46,-3.5
12.76,-3.27
12.49,5.29
7.99,4.82
15.84,0.29
3.53,-6.46
4.21,-7.24
13.62,1.85
11.45,-6.68
5.55,-6.87
7.73,-3.71
10.62,5.92
9.74,4.62
7.17,4.3
8.72,4.91
7.94,4.53
7.94,2.17
7.58,-0.72
8.15,-0.57
12.3,4.81
6.68,1.02
4.32,-0.94
1.25,-4.61
1.55,-7.95
0.8,-7.71
7.4,-5.76
6.5,-5.35
6.56,-22.23
-16.53,-22.43
-8.64,-16.75
-6.55,-14.56
-3.29,-8.84
-0.41,-4.62
9.89,-3.32
14.14,8.67
15.33,8.03
