20170101
7.66,-2.14
12.4,5.94
13.0,-3.79
-1.6,-7.13
-5.63,-14.46
-9.8,-16.38
-8.41,-16.94
-5.63,-15.8
4.86,-6.8
12.64,-1.8
18.08,-0.69
18.68,-1.52
1.46,-0.96
2.73,0.49
3.59,0.45
15.04,3.85
15.34,2.97
4.82,1.16
10.55,2.24
14.67,7.23
18.47,5.54
15.76,6.38
8.51,3.55
7.13,1.7
15.02,1.6
2.45,-1.17
1.95,-4.17
1.66,-3.79
-0.06,-6.84
6.99,-7.54
8.03,2.95
6.2,-2.31
2.21,-5.31
-0.34,-11.68
4.8,-11.94
10.97,-2.38
16.05,-1.61
15.92,2.61
5.33,-4.69
-2.29,-9.07
12.33,-4.34
18.42,9.1
15.64,-3.02
9.57,-3.26
11.67,1.7
7.34,-2.35
9.49,-0.33
19.8,3.76
17.66,5.62
15.94,2.17
20.0,3.42
18.14,8.92
20.54,11.89
20.71,13.45
24.6,2.17
2.04,-6.47
8.64,-5.71
10.63,4.26
18.2,8.39
15.43,0.92
7.34,-1.81
4.28,-2.77
10.77,-1.16
19.53,-0.72
17.32,9.28
13.85,5.37
16.24,2.8
21.66,0.77
6.88,-3.86
3.0,-6.57
3.96,-5.96
3.03,-3.9
0.55,-7.02
2.05,-7.84
6.55,-6.67
9.13,1.35
6.04,-0.08
10.92,1.46
18.0,4.83
17.29,-0.38
6.98,-1.62
15.25,-1.12
23.92,13.05
25.0,13.51
18.64,6.77
20.49,7.73
15.67,9.29
17.06,8.55
24.91,11.1
12.95,4.57
10.81,2.48
19.08,4.35
21.46,11.95
19.95,8.4
22.98,4.84
9.29,1.58
13.7,-0.31
19.0,2.19
25.72,9.78
26.22,15.1
19.58,5.34
21.07,6.29
26.64,8.21
28.6,12.11
28.59,17.16
27.43,12.4
21.74,9.06
25.83,11.42
28.11,16.82
27.84,9.66
15.96,7.42
13.36,5.27
20.38,6.18
24.62,8.72
24.88,12.03
29.1,15.24
18.07,7.36
20.43,9.36
26.85,15.19
24.99,12.96
16.95,7.66
18.93,4.33
12.67,6.53
13.15,7.29
11.62,4.51
17.25,3.34
17.72,1.27
18.72,4.46
20.82,11.08
29.27,13.48
20.46,11.59
19.73,7.29
24.08,10.89
27.82,13.3
28.61,14.09
29.74,16.72
28.85,20.36
28.95,18.37
28.35,15.22
27.16,14.81
25.53,8.72
22.57,9.51
23.79,13.33
18.01,13.06
18.23,10.43
26.55,14.15
28.68,16.69
24.36,14.84
28.24,13.51
26.87,12.53
27.14,10.31
26.74,10.39
29.16,12.17
30.96,14.8
31.09,18.42
30.5,14.65
25.5,11.88
20.86,9.98
24.69,11.26
28.65,14.11
29.79,16.11
31.31,18.52
33.0,20.81
30.53,19.12
31.01,19.12
28.19,18.21
30.97,18.72
31.03,20.62
27.97,16.31
27.43,14.78
29.46,16.79
32.03,19.74
27.97,21.11
24.56,16.28
25.69,11.63
25.58,11.2
24.02,10.43
23.8,10.93
27.41,15.35
31.0,20.4
29.01,19.44
28.89,16.71
29.92,16.91
30.72,18.51
30.16,19.12
29.27,20.42
26.15,18.72
30.99,16.88
27.84,13.91
29.0,17.04
29.61,21.87
26.68,19.83
32.11,21.68
30.25,21.85
29.32,15.01
28.18,15.77
30.01,17.26
30.7,19.14
31.5,18.14
31.13,19.63
32.38,22.2
33.33,22.86
33.33,21.24
29.5,19.42
29.27,16.31
27.5,15.8
29.99,17.78
28.73,22.19
28.27,15.47
25.94,13.06
28.44,15.14
29.86,17.28
28.99,17.9
29.22,17.16
30.03,18.71
23.83,11.0
25.25,12.83
22.22,16.98
25.24,13.93
26.68,11.33
27.5,13.06
29.15,15.5
27.63,16.38
27.04,13.31
27.97,15.51
28.04,17.11
30.66,18.32
31.8,20.25
30.84,20.0
29.35,18.37
31.28,18.28
32.11,18.97
32.11,20.51
28.25,14.77
26.36,11.32
26.03,11.72
25.51,11.05
25.9,11.81
27.64,13.67
26.82,16.3
26.02,14.84
27.75,15.57
27.39,15.4
16.11,12.51
21.58,12.15
27.69,13.35
30.69,15.63
22.97,8.65
19.91,7.73
21.17,7.79
25.13,9.62
23.34,8.57
23.09,8.46
22.7,9.5
21.05,14.43
18.44,15.89
22.81,12.88
27.73,13.21
29.25,15.17
30.29,16.73
27.93,19.31
27.03,17.74
30.65,18.24
32.64,19.12
32.65,17.58
32.42,16.8
32.67,15.21
31.98,15.37
32.22,17.06
29.25,12.29
23.19,8.0
25.26,7.39
23.69,6.06
24.09,6.76
26.84,11.07
29.1,14.46
26.52,17.4
23.24,17.21
27.24,17.65
28.62,13.47
19.74,14.45
22.09,15.31
21.87,15.95
18.51,13.74
17.74,12.77
23.33,11.64
28.73,14.68
22.98,7.32
17.37,3.43
20.2,3.51
21.35,4.9
24.35,7.31
25.4,7.81
24.19,10.17
25.81,13.99
17.54,7.98
11.18,5.16
11.3,0.12
17.32,0.2
13.78,2.02
4.41,1.44
4.16,-1.12
7.77,-0.26
7.73,-0.36
15.35,1.86
20.11,12.3
16.18,6.74
19.0,8.8
23.59,9.42
12.56,6.63
9.22,4.34
11.64,-0.74
13.61,-2.09
3.04,-4.29
6.73,-3.82
8.68,1.94
7.29,0.76
11.68,0.13
9.96,0.57
4.76,-1.1
15.68,0.68
18.2,1.94
3.86,-3.83
9.94,-3.62
13.62,-3.16
5.01,-5.01
8.35,-2.8
14.2,-1.37
15.38,-2.16
12.43,-2.68
17.6,0.76
17.74,4.67
14.86,3.15
12.55,-2.5
12.23,-2.81
13.23,-1.78
15.03,-1.55
18.41,3.06
9.26,-2.45
7.33,-2.58
-0.2,-8.64
0.13,-9.25
-0.33,-6.74
3.25,-6.55
8.95,-4.74
0.01,-8.1
7.7,-6.3
-0.05,-6.52
1.02,-4.87
10.62,-0.68
7.41,2.72
7.73,5.06
9.74,1.92
9.1,-2.07
13.01,-1.97
12.18,2.91
3.3,-1.46
1.37,-6.32
-2.04,-8.25
-5.73,-16.37
-9.09,-16.93
-5.14,-12.84
-3.59,-7.47
-5.86,-15.1
-9.1,-18.61
-11.91,-21.31
-7.39,-21.34
-3.59,-17.17
-7.12,-17.75
-8.27,-19.88
-6.51,-20.01
2.89,-10.2
3.21,0.09
5.16,-0.4
14.81,4.02
14.7,-1.43
-0.63,-9.87
-4.73,-16.05
-5.45,-16.13
-2.07,-15.79
-11.59,-17.62
-5.34,-13.97
0.66,-12.26
4.49,-6.84
9.31,0.21
12.59,6.5
13.54,2.64
3.66,-0.77
-0.21,-5.8
8.43,-5.17
14.47,-0.32
10.03,-2.68
11.51,-3.59
1.69,-4.91
1.02,-5.83
11.72,-1.14
6.38,-11.09
-3.96,-11.9
4.42,-6.61
3.35,-10.73
-2.24,-10.99
0.08,-4.19
-0.2,-8.59
0.49,-8.25
10.38,-1.32
5.16,-0.72
1.47,-6.66
4.37,-7.09
7.03,-4.97
15.06,5.34
19.94,8.54
7.42,-1.68
2.44,-1.58
12.62,-1.42
23.2,12.72
25.38,11.51
11.23,3.59
10.92,4.08
16.13,7.33
15.04,6.67
9.24,-1.11
13.27,-1.35
16.57,-0.09
13.24,9.15
14.21,-0.15
9.43,-3.2
10.51,-2.45
11.06,-1.3
8.97,-0.02
14.08,-0.58
4.24,-2.46
0.08,-4.78
7.06,-4.06
10.85,-0.95
6.92,-1.97
5.41,-4.08
5.3,-5.51
5.48,-5.3
14.86,-2.54
8.41,-2.48
6.65,-1.7
14.83,0.11
17.12,-0.24
1.93,-1.85
4.51,-4.25
8.43,-3.82
10.82,-2.1
1.76,-2.29
8.15,-2.19
15.14,3.35
13.19,9.86
14.34,9.9
14.65,4.84
9.36,0.2
15.64,1.37
9.46,-0.76
9.43,-0.6
23.08,1.09
2.86,-3.58
11.01,-2.21
15.1,-2.14
6.2,-4.62
6.42,-2.05
6.02,-1.63
7.03,-1.81
18.64,0.03
26.85,13.31
27.09,15.77
20.8,10.94
12.06,0.63
2.27,-0.58
10.56,0.4
22.47,1.61
13.2,-0.64
16.64,1.47
18.07,5.65
19.74,8.7
14.65,9.67
13.63,10.59
19.49,4.51
20.48,4.32
21.79,5.88
14.5,0.23
17.41,0.81
23.53,4.98
27.81,14.39
29.07,18.45
25.63,17.39
26.64,13.12
20.25,11.76
27.69,9.25
23.21,7.97
26.09,9.78
28.67,15.36
28.8,14.81
30.36,18.08
29.51,16.65
31.41,18.25
32.59,19.92
31.55,18.5
25.57,16.23
28.45,17.09
23.38,18.04
25.59,17.04
30.7,17.76
29.8,18.34
29.77,14.65
27.71,13.92
28.4,13.82
30.75,17.75
30.33,18.07
32.81,18.36
33.49,19.97
31.18,21.59
27.01,20.36
29.32,19.57
29.54,18.04
30.41,19.43
27.13,12.52
24.89,12.08
28.86,13.31
26.22,15.05
31.12,18.24
32.13,17.98
32.71,17.61
25.34,18.09
25.89,18.53
27.43,19.64
29.12,13.76
28.77,14.73
31.08,18.16
33.7,20.93
34.01,21.89
33.32,22.6
32.87,20.78
30.56,21.35
26.46,18.65
25.05,18.18
24.41,17.35
27.67,19.64
23.78,19.72
24.98,19.3
28.66,18.13
30.37,19.64
32.03,20.09
32.74,22.47
32.84,22.37
32.06,21.86
31.38,21.92
34.08,22.53
33.73,21.24
28.04,13.04
27.38,13.8
31.05,17.37
32.71,19.68
32.92,20.18
29.62,15.74
29.29,15.77
31.77,17.05
32.99,20.65
29.56,21.22
30.38,19.08
30.75,14.69
29.91,15.19
29.97,17.39
28.73,18.49
24.74,18.95
26.62,16.48
25.78,16.41
28.65,17.25
30.2,16.8
29.54,16.05
26.74,14.22
27.14,14.98
27.24,17.52
23.92,18.47
24.08,17.38
26.69,15.96
28.91,16.7
30.06,19.28
31.76,19.81
32.38,20.25
32.13,20.35
29.8,20.56
29.62,18.11
29.33,18.82
30.26,19.72
29.59,16.8
29.77,16.8
29.35,16.59
30.48,19.27
25.3,19.78
26.89,20.44
27.42,19.93
28.54,18.51
29.78,19.07
28.52,19.85
27.1,17.44
24.96,11.62
26.3,12.33
24.17,13.82
28.16,20.27
32.26,21.87
32.21,21.57
32.67,21.64
30.96,18.88
28.4,17.28
30.61,18.15
29.4,19.81
31.89,20.87
33.13,21.01
33.53,20.69
33.06,20.97
31.16,20.57
26.99,18.11
18.87,14.8
16.19,13.47
19.5,12.68
22.79,13.17
23.13,15.17
29.77,16.36
30.96,17.35
31.18,19.27
29.92,20.07
30.17,18.78
32.6,18.77
32.56,19.49
33.14,20.44
30.65,14.92
16.65,12.94
24.74,13.14
21.58,16.78
25.25,18.96
21.66,11.16
16.44,7.55
22.88,8.24
22.24,9.36
27.25,11.75
29.58,14.52
30.12,19.18
30.8,19.5
26.48,17.34
31.07,18.52
31.45,18.11
31.69,18.46
31.45,19.73
30.64,19.4
24.59,11.67
15.99,2.32
12.05,2.58
12.31,3.46
12.78,7.3
12.12,1.31
12.03,1.33
16.11,-0.21
14.42,-0.35
13.59,1.14
17.29,-1.85
11.98,-1.7
19.33,1.44
17.17,0.89
14.11,1.21
14.31,3.52
9.25,6.04
12.21,3.94
18.53,3.3
16.68,2.56
20.99,5.5
18.43,8.07
10.84,5.01
8.32,0.75
13.5,0.63
16.27,7.33
15.97,8.62
15.52,3.37
12.52,-1.21
6.23,-0.36
6.67,-6.41
2.6,-7.01
6.45,-5.7
6.94,-0.4
2.08,-6.11
0.62,-6.0
1.35,-1.32
3.89,-1.04
7.46,0.81
10.54,0.74
5.33,1.77
3.56,-2.66
8.45,-3.62
10.43,-3.04
11.3,-1.37
13.08,0.46
14.9,0.37
2.26,-5.56
-3.82,-7.08
0.85,-7.51
5.93,-0.57
10.83,5.02
14.42,7.35
17.14,3.7
4.54,0.36
1.34,-2.01
-0.25,-3.41
4.92,-6.29
3.24,-7.05
-2.24,-6.09
4.4,-7.92
0.56,-9.41
7.51,-7.53
10.71,0.78
9.36,3.74
10.45,5.56
8.29,3.04
9.71,-0.76
9.64,-3.55
7.55,-3.81
12.35,-1.92
8.56,5.02
6.19,-0.48
4.63,-1.75
2.61,-3.04
7.04,-2.9
8.18,-4.24
8.96,-3.79
13.5,4.29
13.82,-0.12
2.04,-2.8
6.51,-3.0
16.91,4.43
5.44,3.03
4.79,0.22
4.7,-1.47
10.44,-0.63
12.1,-0.64
11.98,-0.38
14.41,7.17
16.15,-1.84
-0.87,-6.48
-1.54,-6.87
0.9,-7.97
1.04,-1.96
0.29,-3.63
0.18,-8.14
0.87,-5.19
1.89,0.23
4.6,0.89
2.38,0.02
3.19,-10.26
-7.44,-17.88
-7.02,-17.83
7.15,-8.38
10.37,-4.63
-0.32,-12.02
-3.38,-12.26
2.01,-3.49
-0.6,-6.31
8.78,-9.7
-5.87,-17.27
-15.43,-20.85
-7.55,-19.32
0.91,-7.81
9.68,-3.14
18.22,2.27
13.54,3.07
11.38,3.13
14.25,8.73
16.95,-7.01
-2.77,-10.14
-0.59,-9.97
2.27,-3.97
9.34,1.63
11.22,-4.12
3.45,-3.88
13.41,0.96
1.67,-4.22
2.74,-4.9
0.55,-2.22
0.3,-5.35
2.07,-5.7
8.08,-1.36
7.6,-2.04
6.07,0.63
14.91,4.0
7.37,-5.48
4.78,-5.67
10.57,-3.28
14.35,-1.89
1.58,-1.14
4.13,-0.98
5.13,-0.29
0.14,-11.2
-6.38,-13.42
-3.9,-12.64
-0.63,-10.95
2.19,-4.16
3.43,-0.68
15.41,1.5
9.46,0.09
10.8,-2.84
10.76,-2.79
21.18,6.19
21.96,6.57
7.08,-0.97
9.02,-2.96
11.76,-3.32
9.54,-3.51
10.69,-2.83
13.17,1.74
7.97,1.9
10.9,-3.22
13.93,-2.79
14.27,5.22
9.29,-2.05
9.45,-2.7
15.48,-1.69
22.06,4.81
16.8,11.03
15.24,-1.7
3.55,-4.61
8.4,-3.35
15.24,-0.41
16.77,3.09
21.52,8.59
15.7,8.98
20.57,9.53
20.8,12.33
23.24,10.02
21.45,6.0
21.5,7.79
27.37,9.86
19.51,5.08
19.31,6.05
21.63,1.91
12.48,2.15
24.99,6.99
24.81,12.94
23.0,6.04
8.17,3.16
6.89,2.29
20.88,4.4
25.25,9.9
24.95,9.58
19.86,10.11
20.24,8.85
18.32,5.33
16.6,5.5
12.77,5.35
25.08,7.85
25.92,12.55
26.8,13.92
22.85,15.42
21.77,14.21
15.83,9.66
21.92,7.73
24.92,9.21
26.16,11.4
28.47,13.22
23.51,11.4
14.07,6.31
18.32,6.96
11.08,7.88
14.17,4.81
20.59,6.76
21.57,9.06
25.83,12.0
29.62,15.97
30.59,18.58
23.97,13.36
21.54,8.94
19.6,9.77
25.44,16.97
29.4,18.05
31.33,18.58
30.41,19.94
29.61,16.58
28.86,18.62
30.36,21.84
26.6,17.31
25.01,16.58
26.22,14.41
27.61,16.38
26.14,8.64
24.45,11.16
26.95,15.35
29.89,17.83
28.67,18.65
26.13,18.75
24.35,19.07
25.78,19.44
23.33,9.53
24.52,10.71
25.11,13.1
19.86,7.74
24.13,11.68
24.41,17.08
26.42,18.5
26.77,18.97
26.86,18.93
27.8,19.52
23.03,15.17
25.76,16.17
24.45,16.63
28.72,18.47
25.04,16.74
28.66,17.32
31.53,19.2
31.05,18.9
31.96,19.71
32.55,21.02
32.94,18.93
31.89,20.11
33.1,20.61
30.59,19.74
31.57,20.47
32.7,21.58
30.82,21.21
31.48,20.1
29.8,17.94
31.96,19.19
33.33,21.4
31.52,17.2
29.6,14.72
32.09,17.11
32.57,20.49
31.43,21.96
30.61,22.01
31.04,21.41
33.27,23.23
33.11,22.73
33.59,22.93
33.13,21.67
25.5,14.61
26.73,13.48
26.57,13.14
27.86,14.47
29.4,15.56
30.61,17.96
31.14,19.0
30.91,19.57
29.78,17.98
28.58,16.15
30.11,17.36
29.85,16.02
30.22,15.24
31.16,16.25
32.03,17.42
30.48,18.36
29.76,17.39
31.2,18.02
30.42,14.99
29.18,14.45
30.24,17.18
28.53,20.65
30.08,19.22
31.47,16.51
29.08,15.85
30.32,17.7
29.94,19.77
33.18,19.52
33.52,20.25
32.01,18.97
30.08,19.73
26.21,18.82
24.06,12.61
25.55,13.22
27.54,14.95
21.81,20.09
26.47,14.88
26.13,11.97
28.19,13.93
29.52,18.86
24.42,17.37
29.4,17.77
28.2,15.52
29.88,17.21
28.57,13.72
25.41,12.59
27.95,13.88
23.95,12.37
25.2,14.73
30.14,15.93
34.25,18.19
32.69,19.15
32.82,19.68
32.97,15.73
27.75,13.22
30.45,15.36
31.9,17.02
28.95,14.9
30.31,15.09
30.78,15.62
30.68,17.85
31.08,16.25
31.07,17.72
27.73,9.55
26.04,10.01
29.47,13.19
25.89,9.49
32.35,12.1
32.19,18.22
32.83,18.09
33.88,17.18
33.64,17.89
33.44,17.64
31.52,11.07
22.02,8.44
26.82,9.06
22.05,12.49
20.33,5.72
22.92,6.19
24.02,7.33
27.05,11.58
22.02,1.49
13.77,0.7
20.57,1.62
20.21,2.71
23.76,4.6
10.63,1.66
15.47,1.13
17.81,1.49
22.19,3.95
24.19,9.85
21.54,10.23
16.4,2.66
18.93,2.84
19.02,7.4
14.69,9.15
18.32,10.07
18.38,3.71
19.6,4.39
16.06,9.25
13.01,9.74
10.08,-2.46
8.55,-2.83
10.96,-2.28
12.17,-1.46
15.69,2.66
11.14,-1.3
12.46,-0.6
5.97,-6.75
2.49,-6.97
8.69,-2.54
17.69,3.91
11.86,-9.76
-5.09,-13.04
-0.25,-11.69
6.18,-5.45
6.6,-5.26
7.97,-4.13
8.69,-3.6
5.56,-0.94
7.43,-1.12
8.31,3.33
12.4,4.45
7.44,-1.64
3.7,-0.46
9.87,0.32
14.64,2.16
14.82,5.16
13.46,1.4
3.52,1.35
6.16,2.44
13.57,3.12
9.28,0.86
2.57,-0.72
4.15,-0.67
10.24,-2.63
11.18,-2.97
9.6,-4.65
7.45,-4.76
13.39,-1.35
13.59,-2.52
-1.78,-7.89
2.98,-7.41
6.65,-5.34
7.96,0.76
6.36,-1.22
1.57,-1.63
0.89,-1.27
2.26,-6.07
-0.87,-10.29
4.01,-8.99
7.59,-5.97
11.51,-3.87
12.61,-3.56
14.88,-2.3
16.18,-2.04
18.56,-0.95
17.61,7.99
14.91,5.98
15.79,6.56
16.34,4.82
5.32,1.2
2.67,-0.25
9.11,-0.7
10.44,5.89
10.48,3.26
3.69,-2.29
9.09,-2.62
8.73,-2.7
9.05,-2.42
4.42,-3.16
14.02,-2.61
17.34,9.61
18.19,2.02
5.43,1.01
7.61,1.22
9.87,-0.51
12.84,0.55
4.61,-5.13
2.8,-4.84
10.73,-8.49
-7.59,-10.3
-3.03,-8.93
0.04,-9.28
3.61,-8.45
8.45,0.09
7.56,1.18
1.74,-0.69
6.91,-3.16
2.97,-2.57
1.59,-0.02
2.22,-0.15
3.96,-0.13
3.36,-0.08
5.68,-0.08
17.65,1.07
20.19,3.57
14.12,-0.01
2.79,-0.49
0.37,-2.91
1.34,-3.06
1.92,-4.7
9.98,-3.39
6.48,0.1
5.28,-1.8
2.45,-1.2
2.63,-12.55
-4.47,-13.27
7.21,-9.94
10.13,-2.02
11.8,-0.43
10.18,-3.79
6.39,-4.12
1.02,-9.62
3.28,-9.57
9.62,-6.49
13.27,0.66
6.8,4.48
7.27,1.75
2.76,-3.74
2.09,-4.11
2.41,-7.07
3.91,-6.83
17.11,-2.99
12.18,8.4
14.5,0.39
16.06,-1.18
15.57,-0.54
2.72,-4.8
10.29,-4.64
18.32,-0.24
17.82,9.17
13.51,5.37
10.8,3.61
16.53,3.8
11.31,1.91
5.77,1.02
7.36,1.09
9.18,3.49
12.36,3.28
15.42,4.65
19.93,11.49
21.58,0.17
3.32,-1.63
5.85,-1.22
11.32,2.43
11.74,3.07
17.1,3.58
20.45,6.59
23.6,12.67
25.71,16.1
18.46,7.71
16.49,5.14
8.07,4.25
11.76,0.36
16.71,2.04
21.11,6.7
20.96,7.22
14.48,6.9
21.43,8.38
26.41,13.86
27.45,7.15
12.83,0.29
11.01,0.71
17.06,5.46
16.94,8.4
9.21,0.56
8.86,-3.05
10.73,-4.0
10.13,-0.44
10.72,0.92
12.85,1.42
14.81,2.98
18.99,4.75
14.35,0.22
22.25,3.38
13.2,9.87
19.89,7.75
19.64,6.68
16.36,2.06
19.56,5.21
24.63,13.52
18.29,7.03
9.73,5.8
20.17,6.41
27.96,13.03
22.18,6.45
20.97,7.46
9.32,4.48
15.75,3.17
19.77,6.81
12.71,-2.1
13.33,0.01
18.18,3.19
10.35,1.81
16.16,4.0
14.24,8.1
27.49,13.44
23.85,15.68
26.79,16.99
25.53,15.53
19.89,14.15
18.78,11.94
14.31,11.5
17.9,12.67
25.15,14.04
28.17,16.95
30.32,17.62
30.97,17.86
30.25,19.11
26.06,18.76
27.44,17.61
24.8,12.7
23.19,10.86
22.32,7.71
25.05,12.46
31.1,18.15
31.64,19.97
29.35,18.06
30.79,18.2
32.73,15.96
29.34,15.86
30.91,18.47
28.94,22.36
31.4,15.0
27.32,12.97
29.64,12.8
26.18,12.72
24.3,10.78
25.35,12.74
27.75,13.83
28.74,14.35
29.09,15.87
31.53,17.26
32.71,18.13
29.04,18.76
30.03,19.31
26.26,16.23
27.19,14.46
29.1,16.75
31.2,20.99
25.54,19.98
27.41,20.85
30.52,20.28
29.7,19.9
31.77,19.72
31.75,18.46
32.51,19.55
33.75,19.97
33.88,20.65
32.83,20.43
33.01,20.9
32.76,20.48
33.53,21.06
30.12,18.8
31.65,17.23
28.3,15.83
28.41,15.57
30.55,16.6
31.69,19.48
26.67,17.82
30.98,19.17
32.7,22.51
33.34,20.85
31.56,20.75
32.08,20.32
29.05,20.86
29.88,18.39
30.23,17.5
30.98,18.41
33.09,21.54
32.0,19.92
30.2,17.62
31.11,19.57
22.84,19.32
26.02,19.39
26.89,17.31
26.75,17.4
27.21,16.82
24.89,12.24
24.19,13.18
25.68,14.09
26.79,13.27
28.57,15.7
30.86,18.49
29.61,19.27
28.89,19.49
28.66,19.84
29.96,20.11
27.7,18.91
30.26,18.71
28.38,16.23
29.6,17.15
24.21,13.64
25.57,12.83
26.72,13.65
27.71,16.48
27.97,18.23
28.96,18.79
31.11,19.86
32.31,20.11
31.23,21.38
28.2,22.35
28.59,20.68
29.28,13.8
26.29,15.55
26.6,17.73
27.38,19.74
27.3,19.74
28.9,15.03
25.97,9.21
27.09,11.0
26.76,15.78
29.56,17.22
30.68,16.44
30.84,16.7
29.59,18.13
23.21,17.38
28.57,17.7
27.5,14.0
25.86,11.33
23.17,8.77
25.9,9.19
27.33,10.6
19.83,5.95
20.52,4.66
23.02,5.46
23.95,6.52
24.32,8.46
22.84,9.99
24.74,10.65
26.14,11.63
24.73,13.6
26.32,14.04
18.21,6.45
18.03,6.56
24.45,5.2
20.1,2.49
17.27,3.64
18.63,6.96
16.2,0.2
17.58,1.27
23.08,4.88
29.28,6.84
26.19,7.43
28.09,9.18
23.88,15.79
26.16,15.8
24.88,4.62
20.97,4.61
25.75,6.33
16.93,-0.23
14.78,-1.22
17.08,0.74
16.37,9.11
11.63,7.86
16.9,8.46
20.0,12.11
27.41,13.0
25.43,6.51
12.55,5.85
10.96,6.32
9.28,6.95
10.57,7.04
11.76,8.37
10.57,3.98
10.04,-1.18
14.78,0.18
10.77,-3.12
9.81,-2.59
18.52,0.47
22.14,5.49
19.81,4.07
21.48,3.56
23.42,4.01
26.67,9.12
26.09,10.76
25.34,11.43
12.89,-0.28
13.11,-0.37
13.19,-2.22
17.09,-0.3
13.86,1.6
13.43,1.14
6.53,-2.21
10.03,-1.83
18.54,5.86
17.65,8.54
10.07,6.24
9.06,1.44
9.5,1.44
10.69,4.36
14.7,7.89
10.56,7.29
12.66,-0.45
9.71,-2.67
11.9,-2.24
2.7,-2.09
1.16,-6.11
6.84,-5.92
6.92,-3.8
7.35,-2.64
6.92,-4.22
3.37,-3.82
1.08,-1.7
2.69,-0.92
13.6,-1.8
16.21,-1.63
17.87,4.34
16.18,3.65
5.66,1.84
2.13,-6.39
1.77,-6.18
1.07,-1.7
0.24,-5.59
3.56,-5.82
5.41,0.17
6.75,0.34
9.34,0.34
7.6,-0.9
13.32,-1.49
-1.85,-11.04
-7.8,-11.69
3.61,-9.93
11.78,-1.84
2.56,-3.48
5.41,-4.09
10.98,-2.37
0.41,-2.54
9.87,0.37
3.63,1.17
2.48,-2.38
7.79,-2.16
1.88,-0.26
2.87,-0.68
3.71,-0.68
0.51,-2.03
0.29,-7.14
0.16,-6.84
-1.6,-4.63
3.28,-4.07
8.37,-2.14
9.12,-0.28
6.1,-1.48
1.56,-1.42
1.37,-1.64
2.36,-2.06
6.94,-2.9
3.14,-3.0
10.65,-2.04
2.8,-9.85
1.92,-9.78
1.21,-1.46
3.41,-0.59
7.09,-0.77
0.54,-8.53
-0.63,-10.69
1.53,-10.6
3.37,-3.57
5.09,-2.5
-0.81,-6.12
1.08,-6.44
2.87,-5.56
3.91,-4.09
3.21,-6.34
2.08,-11.58
-5.04,-12.55
1.31,-8.62
-1.09,-6.02
-4.33,-7.47
-3.19,-7.48
-1.58,-6.59
-2.24,-9.8
-3.63,-10.34
-6.82,-11.85
-6.57,-17.09
-4.13,-15.92
-1.4,-12.03
-2.12,-14.64
0.79,-11.25
8.01,-8.51
4.99,1.02
13.03,0.17
16.86,-2.45
8.57,-2.45
7.85,-0.46
13.19,6.24
16.66,1.91
8.19,-4.69
7.32,-4.65
17.33,-2.15
11.86,-4.04
8.71,-4.65
9.11,-4.04
11.16,-3.61
18.74,-1.4
19.35,1.12
20.98,9.07
18.44,6.8
15.93,4.58
12.77,-0.51
10.85,0.9
4.95,1.01
14.39,3.02
17.12,5.56
15.5,-0.2
10.74,-2.19
16.09,-2.0
19.26,0.89
19.83,4.38
19.93,8.86
22.72,6.67
17.7,7.79
13.92,4.21
23.34,5.83
11.13,-1.64
15.19,-0.27
23.06,5.37
11.61,-1.77
4.98,-5.48
9.49,-4.09
18.35,0.69
24.18,5.49
25.25,7.52
26.03,9.28
27.53,12.51
21.38,10.6
27.12,11.27
18.56,8.87
11.81,8.18
20.54,7.92
19.61,8.84
17.45,3.0
13.67,0.53
17.06,2.29
14.39,1.51
18.25,2.97
20.3,2.82
17.19,-1.47
8.44,-1.5
12.89,0.07
16.21,3.88
11.95,6.25
17.58,3.3
24.29,6.79
28.13,16.63
26.25,17.2
20.84,9.61
21.84,1.91
23.06,4.95
25.3,13.55
22.48,15.3
20.52,8.8
16.99,3.3
17.57,3.78
17.73,1.81
15.35,4.54
16.18,1.97
16.43,4.49
16.09,3.64
17.3,3.02
19.78,4.14
21.6,5.27
22.62,10.5
21.54,12.87
21.25,14.02
25.57,14.64
27.22,15.4
29.1,15.0
28.89,13.49
29.75,14.75
30.23,15.9
31.25,16.1
31.22,18.2
25.41,17.17
27.58,17.76
22.16,7.81
15.0,4.56
19.76,6.69
23.44,10.32
24.0,14.34
18.8,15.86
22.42,14.15
29.48,14.71
29.29,16.66
28.03,19.25
27.62,20.25
25.22,20.55
25.4,20.67
27.21,20.12
30.66,19.46
33.16,19.84
31.53,14.94
31.13,13.78
27.39,13.31
27.17,13.35
29.61,15.4
32.47,18.44
28.22,18.21
30.61,21.87
27.43,12.31
22.31,10.85
25.22,12.64
27.8,19.14
27.38,22.06
29.78,21.87
31.42,20.93
32.36,21.08
33.8,21.29
28.58,20.3
26.39,14.59
24.44,13.35
25.98,14.68
30.16,18.48
31.42,19.57
31.94,19.49
31.01,20.86
27.61,16.15
23.92,16.21
25.57,17.58
25.85,20.09
28.19,20.79
27.36,18.93
29.04,20.13
31.04,20.43
28.25,20.51
27.11,19.18
27.7,17.27
28.25,17.33
28.97,17.53
27.39,16.81
27.74,16.61
29.08,17.45
30.41,19.31
30.75,20.87
31.71,17.27
31.25,18.23
30.97,19.97
31.14,20.29
27.84,17.43
22.81,13.86
27.13,12.52
25.9,13.3
27.14,13.54
27.84,14.83
29.17,16.27
28.43,18.39
30.25,18.71
30.84,19.39
26.07,21.46
32.38,22.95
32.49,23.81
33.79,21.02
30.36,20.48
28.39,18.77
24.71,18.35
27.73,19.24
29.02,19.39
30.88,20.44
30.16,19.12
31.04,19.19
31.36,19.07
32.73,19.75
33.12,20.2
33.54,21.11
30.61,20.14
33.55,20.19
33.46,20.2
33.01,21.22
32.43,21.11
25.91,19.95
26.31,18.61
26.68,13.31
26.33,13.2
26.07,14.36
25.85,17.53
26.55,12.8
28.9,13.8
29.09,16.75
27.57,12.3
25.4,11.57
26.18,12.35
27.82,15.35
29.73,18.04
30.19,18.42
30.7,19.51
25.04,14.8
28.02,15.55
31.02,17.08
32.0,18.03
30.06,19.04
23.04,18.52
24.39,14.0
15.08,9.84
19.43,6.73
23.29,7.98
21.54,7.26
24.25,8.81
29.07,14.61
29.28,14.79
29.52,14.32
27.68,12.57
26.91,12.62
24.36,15.05
24.13,16.42
23.06,14.64
26.02,15.61
24.78,16.93
24.62,15.87
26.22,14.43
28.61,14.65
28.89,17.87
27.76,17.71
20.37,11.5
25.16,12.22
27.99,18.62
24.81,9.67
17.07,4.7
20.4,4.37
21.94,4.86
21.96,6.04
23.02,7.03
21.19,9.84
12.52,7.24
15.78,7.54
23.17,12.36
16.65,8.27
14.44,1.42
15.39,1.59
12.69,8.53
16.29,10.6
13.49,9.08
17.46,2.56
12.44,2.07
9.72,-2.6
9.98,-2.61
10.85,-2.71
11.95,-2.6
14.63,-1.68
17.73,-0.77
21.24,2.09
17.5,3.46
20.69,6.11
16.95,2.98
10.81,1.58
4.26,0.53
5.12,-2.68
4.96,-2.17
16.48,-0.28
19.0,4.14
8.55,-3.74
5.99,-4.23
11.99,-1.45
8.1,-1.7
4.87,-6.47
5.92,-6.5
13.04,-0.62
9.03,-4.02
1.55,-4.46
9.31,-0.23
8.25,-5.7
7.27,-6.08
12.99,-0.49
11.36,3.01
18.33,1.7
17.16,1.49
13.11,0.47
16.95,1.78
6.44,-5.84
-1.8,-5.67
5.55,-5.59
14.55,-1.35
18.97,9.3
17.21,-2.53
9.33,-2.98
12.21,-1.88
14.4,-1.55
18.26,11.68
16.41,-1.18
8.05,-1.12
11.43,-1.77
1.97,-5.39
6.77,-5.43
7.43,-4.97
2.85,-5.61
11.48,-3.74
17.63,8.85
20.44,6.97
15.42,5.8
20.49,5.42
11.51,4.35
9.49,5.59
9.16,5.39
17.47,8.39
14.17,2.35
1.91,-5.58
1.27,-6.69
6.08,-6.18
6.23,-8.85
-6.81,-12.84
-6.7,-13.23
6.17,-10.78
6.43,-8.51
0.38,-10.59
1.71,-10.31
10.11,-1.46
8.24,-1.76
1.97,-3.24
0.25,-6.56
1.48,-6.73
-1.93,-4.4
6.32,-4.73
9.74,-6.95
-3.51,-8.65
-2.83,-13.15
0.53,-12.99
2.71,-7.87
4.93,-7.48
-1.56,-14.8
-4.35,-15.3
1.86,-9.47
-1.07,-16.84
-2.8,-16.7
5.34,-7.52
5.38,-6.89
16.17,-0.2
7.69,-1.6
-1.4,-7.25
-4.31,-11.95
-4.91,-12.69
3.42,-10.24
1.83,-9.9
8.6,-8.31
11.13,-1.32
6.45,-2.73
12.14,-1.99
-1.47,-8.17
-2.13,-9.66
0.5,-9.66
12.44,-7.27
16.84,7.83
12.82,-5.43
1.92,-6.16
0.61,-6.49
15.09,-4.22
17.73,3.88
16.59,-2.29
-1.39,-3.01
2.53,-1.84
-0.2,-4.03
3.33,-5.65
9.82,-5.55
11.71,-3.72
19.37,1.92
21.06,2.08
8.4,-1.08
13.26,-1.05
23.89,7.02
21.49,10.89
14.7,0.44
4.69,0.26
9.83,-1.25
11.55,-1.11
7.6,-8.44
-2.02,-8.67
11.49,-3.63
18.26,2.66
19.96,2.73
22.0,3.04
22.72,5.03
17.67,8.24
9.0,2.25
17.79,1.82
21.74,3.75
18.71,9.43
19.92,6.6
11.71,4.7
7.43,2.44
5.19,-2.5
6.3,-5.91
6.8,-4.96
8.76,0.51
26.49,7.83
8.71,1.15
6.79,-2.95
13.1,-1.45
15.88,1.39
16.48,5.45
13.98,6.11
14.27,5.67
11.98,2.22
9.26,1.2
7.66,-1.92
18.27,-0.08
18.24,10.5
22.07,11.05
20.9,3.99
16.76,3.87
22.16,7.71
17.61,1.49
11.25,1.8
7.3,0.81
11.92,1.62
19.49,6.78
19.05,7.66
26.35,10.53
29.4,15.76
28.53,17.83
19.57,3.38
15.01,1.97
18.97,3.91
19.06,7.53
22.98,11.78
26.07,13.43
22.91,6.35
22.4,9.58
26.0,10.06
15.47,10.25
16.59,12.1
22.17,9.61
17.61,7.91
21.75,9.71
26.14,12.59
29.35,17.2
30.79,12.64
30.21,14.48
29.55,14.91
29.69,13.68
30.35,13.05
25.52,10.95
28.01,13.21
22.39,14.65
27.87,15.82
30.67,20.18
29.03,16.7
20.15,10.72
18.99,10.06
24.22,11.67
28.97,18.09
22.51,14.14
20.31,10.98
22.8,12.24
27.69,14.81
30.78,17.68
31.15,18.61
30.71,19.0
24.36,12.54
27.04,11.71
28.33,12.71
28.48,15.43
27.48,18.3
27.26,16.06
28.06,14.06
25.37,13.86
22.29,14.34
25.75,15.12
29.27,19.6
33.37,23.49
34.37,23.34
33.83,23.46
33.19,24.11
30.57,15.63
26.26,11.35
26.5,12.29
30.56,13.44
33.57,17.84
34.36,16.27
30.21,14.87
30.91,15.54
30.71,17.6
28.77,14.79
26.63,10.44
26.31,10.22
29.54,13.95
33.0,20.29
33.1,20.92
30.51,19.23
30.84,17.65
32.69,21.1
35.86,23.78
34.48,22.6
27.78,21.76
25.41,20.42
26.64,15.97
29.66,16.7
30.58,19.54
30.52,16.96
30.35,17.82
29.53,16.02
28.88,19.98
31.56,21.26
24.76,20.75
28.69,19.3
30.85,20.94
33.4,20.1
31.55,19.65
32.84,20.73
31.15,22.61
31.92,22.08
26.95,19.85
25.25,19.13
28.66,20.91
30.41,20.59
27.23,15.09
27.5,17.27
26.7,18.92
29.44,19.6
27.87,19.02
32.44,21.06
28.01,20.9
28.38,21.47
30.96,20.83
31.77,21.35
31.96,21.76
29.23,21.31
27.65,16.15
28.84,15.31
25.28,13.15
26.98,15.58
25.99,18.37
26.62,15.59
27.6,15.52
27.66,15.0
28.96,15.03
29.86,16.78
29.22,18.41
26.97,17.58
26.83,15.58
27.88,14.12
29.18,14.65
29.45,16.27
29.65,17.47
29.84,18.55
32.63,20.86
31.86,20.08
28.86,13.87
27.58,13.75
29.62,15.25
30.09,17.94
24.33,18.73
27.02,19.55
27.68,19.95
26.18,15.92
26.64,13.35
26.24,13.42
28.96,15.66
28.87,18.42
25.76,13.58
21.97,12.31
21.19,12.56
26.8,13.01
28.13,12.88
28.34,13.79
28.82,13.96
29.29,16.24
28.43,15.64
31.09,16.47
34.47,16.67
21.58,6.43
19.86,7.69
25.17,12.31
23.58,10.43
20.73,5.24
19.39,4.0
16.6,4.74
19.94,5.54
21.82,6.4
23.47,7.14
22.01,6.58
21.55,3.24
22.57,3.45
24.95,5.34
24.25,8.03
16.4,0.54
14.93,-0.02
18.31,2.15
23.34,5.24
24.13,7.85
23.81,6.2
18.01,1.27
19.89,2.32
17.56,3.18
22.41,4.31
9.78,1.03
7.0,-0.09
12.34,-2.0
15.12,-0.38
22.73,5.41
25.17,10.47
25.48,9.67
25.25,10.64
22.71,7.95
12.31,-0.02
14.7,1.03
19.43,3.01
21.06,4.14
16.24,9.22
17.46,12.35
19.99,7.32
17.87,6.23
22.74,6.34
24.37,11.37
21.56,7.51
21.6,5.51
19.26,6.1
17.21,4.63
23.2,4.91
22.51,7.82
17.11,-0.62
0.13,-1.93
3.81,-2.06
6.41,-1.83
5.2,1.36
2.97,-1.96
0.06,-3.14
1.31,-7.81
2.19,-8.49
1.68,-8.31
9.36,-5.19
13.9,-4.19
15.39,-3.29
17.11,-1.71
12.37,-3.51
12.8,-3.34
12.4,5.36
7.84,4.78
15.88,0.61
3.47,-6.46
4.16,-7.04
13.69,1.69
11.35,-6.47
5.6,-6.8
7.8,-3.86
10.74,6.03
9.94,4.93
7.27,4.47
8.99,4.88
7.92,4.46
7.76,2.29
7.38,-0.65
7.92,-0.62
12.5,4.84
6.99,1.12
4.41,-0.88
1.11,-4.47
1.33,-7.84
0.82,-7.72
7.5,-5.88
6.46,-5.5
6.63,-22.13
-16.36,-22.36
-8.78,-16.83
-6.75,-14.35
-3.27,-9.02
-0.3,-4.94
9.84,-3.47
14.31,8.5
15.65,8.24
