20170101
7.64,-2.13
12.34,5.89
12.91,-3.78
-1.71,-7.14
-5.74,-14.45
-9.83,-16.3
-8.46,-16.91
-5.6,-15.61
4.66,-6.67
12.65,-1.72
18.03,-0.43
18.6,-1.43
1.4,-1.03
2.64,0.34
3.55,0.31
14.98,3.7
15.22,2.92
4.77,1.33
10.44,2.26
14.71,7.27
18.34,5.61
15.79,6.49
8.49,3.63
7.06,1.66
14.92,1.59
2.42,-1.17
1.85,-4.1
1.5,-3.81
-0.14,-6.81
6.9,-7.52
7.93,3.03
6.06,-2.22
2.07,-5.35
-0.59,-11.65
4.58,-11.75
10.9,-2.38
15.91,-1.54
15.92,2.52
5.32,-4.48
-2.43,-9.19
12.19,-4.38
18.42,9.01
15.62,-2.87
9.44,-3.01
11.57,1.62
7.17,-2.18
9.17,-0.24
19.72,3.68
17.52,5.7
15.94,1.9
19.84,3.43
18.15,8.75
20.24,11.84
20.64,13.28
24.67,2.44
1.91,-6.4
8.54,-5.65
10.48,4.3
18.01,8.26
15.4,0.89
7.21,-1.74
4.0,-2.88
10.29,-1.26
19.42,-0.57
17.15,9.3
13.63,5.28
16.13,2.39
21.46,0.73
6.55,-3.86
2.73,-6.39
3.72,-5.69
3.02,-4.14
0.36,-6.99
1.78,-7.99
6.51,-6.55
8.95,1.14
6.02,-0.44
10.56,1.17
17.19,4.61
16.96,-0.51
6.65,-1.69
15.29,-1.08
23.94,13.05
24.98,13.5
18.57,6.58
20.35,7.79
15.47,9.06
16.76,8.31
24.81,11.17
12.87,4.56
10.65,2.45
18.92,4.45
21.17,11.98
19.78,8.34
22.97,4.95
8.95,1.53
13.52,-0.42
18.74,2.57
25.55,9.87
26.08,15.02
19.43,5.34
20.84,6.56
26.34,8.36
28.33,12.29
28.29,17.07
27.15,12.59
21.53,9.26
25.58,11.85
27.84,16.83
27.64,9.78
15.9,7.46
13.23,5.28
19.98,6.3
24.33,9.01
24.68,12.16
28.88,15.38
18.03,7.34
20.53,9.47
26.68,15.24
25.26,13.02
16.99,7.66
18.75,4.33
12.77,6.84
13.46,7.34
10.99,4.47
16.92,3.37
17.45,1.03
18.54,4.88
20.06,10.99
29.04,13.48
20.39,11.62
19.4,7.16
23.76,10.8
27.69,13.25
28.39,14.07
29.57,16.97
28.71,20.49
28.71,18.39
28.17,15.3
27.14,15.01
25.38,8.7
22.33,9.54
23.71,13.49
18.02,13.12
17.96,10.4
26.38,14.44
28.49,16.73
24.05,14.89
27.94,13.52
26.64,12.48
26.95,10.33
26.6,10.31
28.93,12.11
30.83,14.66
30.95,18.74
30.2,14.8
25.23,11.99
20.45,10.12
24.47,11.06
28.42,14.23
29.63,16.31
31.17,18.58
32.82,21.07
30.06,19.16
30.49,19.13
27.92,18.32
30.78,18.68
30.93,20.74
27.95,16.46
27.25,14.87
29.17,17.12
31.84,20.03
27.92,21.06
24.59,16.33
25.57,11.6
25.45,11.26
23.78,10.4
23.64,10.84
27.26,15.69
30.86,20.6
28.93,19.46
28.79,16.75
29.82,16.85
30.65,18.67
29.94,19.08
29.15,20.44
26.05,18.6
30.87,16.84
27.73,13.84
28.86,17.19
29.55,21.81
26.67,19.81
32.02,21.75
30.24,21.82
29.27,15.04
28.08,15.81
29.86,17.31
30.63,19.2
31.42,18.07
31.06,19.6
32.3,22.15
33.21,22.77
33.16,21.19
29.42,19.36
29.17,16.3
27.41,15.8
29.93,17.9
28.67,22.13
28.15,15.44
25.88,13.05
28.31,15.22
29.74,17.44
28.81,17.76
29.11,17.01
29.84,18.9
23.81,10.9
25.14,13.13
22.19,16.86
25.04,14.01
26.56,11.23
27.39,13.3
28.95,15.51
27.46,16.58
26.93,13.38
27.89,15.62
27.82,17.19
30.51,18.29
31.69,20.44
30.68,20.16
29.19,18.29
31.11,18.28
31.93,19.01
31.92,20.69
28.23,14.78
26.28,11.22
25.89,11.71
25.36,11.03
25.76,11.81
27.55,13.86
26.57,16.3
25.97,14.65
27.6,15.53
27.24,15.27
16.0,12.5
21.21,12.22
27.47,13.37
30.49,15.75
22.71,8.68
19.8,7.81
20.98,7.89
24.94,9.65
23.23,8.53
22.97,8.48
22.57,9.49
20.91,14.41
18.4,15.87
22.65,12.83
27.52,13.17
29.02,15.16
30.08,16.79
27.83,19.3
26.83,17.73
30.43,18.25
32.43,19.1
32.42,17.57
32.24,16.75
32.49,15.18
31.79,15.36
32.05,17.06
29.21,12.24
23.1,8.01
25.18,7.48
23.49,5.83
23.92,6.65
26.69,10.86
28.98,14.23
26.46,17.3
23.04,17.14
27.03,17.62
28.55,13.46
19.87,14.36
22.11,15.16
22.03,16.02
18.87,13.86
17.78,12.64
23.22,11.64
28.55,14.63
23.04,7.31
17.24,3.35
20.1,3.45
21.29,4.77
24.19,7.26
25.3,7.69
24.12,10.05
25.68,13.74
17.5,7.88
11.23,5.12
11.29,-0.02
17.14,0.17
14.1,1.99
4.39,1.45
4.08,-1.02
7.73,-0.3
7.64,-0.22
15.32,1.97
19.97,12.45
15.9,6.65
18.92,8.68
23.48,9.38
12.43,6.53
9.18,4.3
11.54,-0.7
13.44,-2.05
2.82,-4.3
6.57,-3.8
8.65,1.89
7.14,0.88
11.49,0.23
9.95,0.59
4.42,-0.86
15.52,0.82
18.16,2.06
3.7,-3.77
9.84,-3.49
13.52,-3.07
4.97,-4.95
8.21,-2.81
14.04,-1.47
15.2,-2.22
12.36,-2.69
17.49,0.65
17.63,4.55
14.85,3.06
12.45,-2.58
12.09,-2.8
13.08,-1.85
14.92,-1.53
18.26,3.26
9.27,-2.35
7.22,-2.37
-0.26,-8.48
0.09,-9.16
-0.4,-6.66
3.09,-6.64
8.72,-4.68
-0.09,-8.11
7.57,-6.05
-0.25,-6.61
1.01,-4.93
10.58,-0.64
7.26,2.7
7.76,4.94
9.68,1.58
9.02,-2.16
12.82,-1.98
12.17,2.71
3.27,-1.26
1.34,-6.33
-2.09,-8.22
-5.88,-16.64
-9.14,-17.05
-5.22,-12.89
-3.65,-7.38
-5.95,-15.2
-9.31,-18.82
-12.2,-21.6
-7.73,-21.61
-3.83,-17.21
-7.29,-18.06
-8.43,-20.04
-6.69,-20.04
2.86,-10.24
3.15,-0.05
5.16,-0.49
14.73,4.07
14.66,-1.38
-0.66,-10.04
-4.88,-15.92
-5.57,-16.08
-2.19,-15.88
-11.77,-17.59
-5.55,-14.06
0.59,-12.35
4.4,-6.95
9.14,0.24
12.49,6.4
13.46,2.56
3.6,-0.88
-0.27,-5.93
8.27,-5.39
14.41,-0.26
9.95,-2.53
11.48,-3.38
1.52,-5.01
0.93,-5.83
11.61,-1.0
6.37,-11.07
-4.09,-11.79
4.35,-6.54
3.31,-10.37
-2.29,-10.62
0.03,-3.91
-0.47,-8.55
0.25,-8.16
10.33,-1.33
5.22,-0.68
1.45,-6.42
4.3,-6.87
6.94,-4.92
15.01,5.46
19.89,8.51
7.28,-1.72
2.43,-1.4
12.45,-1.33
23.11,12.65
25.32,11.76
11.44,3.55
10.88,4.0
16.09,7.6
15.02,6.88
9.05,-1.1
13.12,-1.23
16.41,0.06
13.21,9.41
14.15,-0.17
9.28,-3.21
10.33,-2.51
10.91,-1.19
8.83,-0.11
13.91,-0.53
4.04,-2.31
-0.17,-4.76
6.8,-3.94
10.7,-0.95
6.84,-1.97
5.33,-4.16
4.99,-5.42
5.34,-5.03
14.59,-2.86
8.3,-2.45
6.56,-1.88
14.7,-0.38
17.0,-0.2
2.06,-1.92
4.42,-4.32
8.25,-3.78
10.64,-1.96
1.71,-2.25
8.03,-2.11
14.96,3.21
13.08,10.09
14.27,10.23
14.64,5.09
9.12,0.03
15.57,1.47
9.37,-0.73
9.5,-0.52
23.03,1.13
2.75,-3.55
10.74,-2.0
14.86,-2.19
6.05,-4.71
6.26,-2.05
5.83,-1.58
6.97,-1.88
18.4,0.29
26.67,13.37
26.97,15.77
20.59,11.26
11.98,0.7
2.15,-0.54
10.32,0.51
22.2,1.7
12.94,-0.7
16.41,1.5
17.89,5.76
19.48,8.68
14.63,9.74
13.57,10.69
19.27,4.36
20.27,4.29
21.57,6.16
14.18,0.12
17.12,0.77
23.17,4.84
27.6,14.05
28.83,18.43
25.62,17.4
26.49,13.17
19.81,11.74
27.34,9.67
22.93,7.79
25.81,9.72
28.47,15.41
28.51,14.62
30.2,17.93
29.34,16.66
31.19,18.12
32.35,20.13
31.36,18.57
25.41,16.16
28.18,17.14
23.33,18.02
25.42,17.06
30.46,17.81
29.66,18.39
29.54,14.66
27.33,13.75
28.19,13.61
30.53,17.79
30.03,18.15
32.54,18.47
33.17,20.03
30.99,21.65
26.99,20.4
29.08,19.58
29.27,17.95
30.24,19.5
26.96,12.45
24.76,11.96
28.65,13.41
26.03,14.89
30.85,18.26
31.89,17.84
32.51,17.62
25.44,18.09
25.75,18.54
27.29,19.67
28.91,13.67
28.66,14.71
30.92,18.1
33.56,20.88
33.9,21.82
33.22,22.58
32.76,20.83
30.49,21.42
26.3,18.71
24.9,18.18
24.49,17.42
27.7,19.64
23.67,19.63
24.95,19.34
28.52,18.15
30.29,19.51
31.96,19.96
32.68,22.35
32.66,22.36
32.0,21.77
31.14,21.85
33.97,22.51
33.64,21.27
27.99,13.11
27.34,13.97
31.0,17.39
32.56,19.58
32.78,20.33
29.51,15.53
29.24,15.63
31.67,17.14
32.9,20.59
29.33,21.24
30.16,19.3
30.56,14.61
29.81,15.17
29.87,17.61
28.19,18.4
24.66,19.0
26.63,16.51
25.68,16.46
28.36,17.05
30.04,16.83
29.4,16.19
26.62,14.08
27.04,14.92
27.16,17.58
24.14,18.57
24.06,17.36
26.55,15.98
28.78,16.67
29.91,19.26
31.58,19.78
32.22,20.21
31.93,20.26
29.67,20.58
29.46,18.09
29.23,18.75
30.11,19.72
29.49,16.78
29.58,16.78
29.2,16.56
30.28,19.13
25.27,19.76
26.77,20.48
27.27,19.91
28.46,18.42
29.64,19.03
28.37,19.79
26.98,17.39
24.81,11.57
26.16,12.4
24.21,13.91
27.95,20.27
32.09,21.85
32.02,21.62
32.46,21.63
30.8,18.96
28.28,17.23
30.56,18.22
29.24,19.73
31.8,20.88
33.01,21.09
33.42,20.73
32.93,20.95
31.05,20.55
26.95,18.21
18.86,14.71
16.05,13.41
19.32,12.74
22.66,13.37
23.14,15.24
29.75,16.42
30.95,17.42
31.13,19.37
29.82,20.15
30.01,18.67
32.54,18.76
32.45,19.5
33.09,20.55
30.66,14.95
16.68,12.93
24.61,13.2
21.48,16.81
25.18,19.12
21.6,11.2
16.28,7.37
22.85,8.27
22.19,9.48
27.2,11.77
29.49,14.57
30.04,19.25
30.7,19.64
26.54,17.38
30.99,18.45
31.4,18.1
31.62,18.59
31.31,19.71
30.66,19.32
24.67,11.78
16.04,2.22
12.1,2.7
12.3,3.61
12.83,7.31
12.15,1.3
12.02,1.36
16.13,-0.35
14.41,-0.39
13.71,1.15
17.17,-1.87
11.83,-1.58
19.23,1.59
17.08,0.87
14.07,1.3
14.07,3.46
9.18,6.07
12.02,3.93
18.41,3.26
16.53,2.52
20.82,5.36
18.41,8.26
10.38,5.02
8.12,0.68
13.48,0.57
16.21,7.27
15.84,8.9
15.43,3.38
12.44,-1.19
6.14,-0.37
6.65,-6.35
2.5,-6.96
6.5,-5.73
6.92,-0.32
2.06,-6.02
0.46,-5.95
1.22,-1.3
3.79,-1.0
7.3,0.92
10.5,0.8
5.25,1.86
3.48,-2.63
8.23,-3.52
10.11,-2.96
11.24,-1.36
12.99,0.49
14.75,0.41
2.24,-5.44
-3.81,-7.05
0.72,-7.53
5.84,-0.7
10.54,4.9
14.32,7.3
17.2,3.74
4.45,0.32
1.23,-2.06
-0.34,-3.59
4.87,-6.54
3.11,-7.25
-2.32,-6.3
4.24,-8.06
0.4,-9.53
7.38,-7.67
10.53,0.68
9.29,3.55
10.5,5.53
8.21,3.13
9.44,-0.69
9.35,-3.62
7.44,-3.91
12.09,-1.93
8.49,5.09
6.19,-0.5
4.46,-1.76
2.56,-3.07
6.82,-3.07
8.0,-4.35
8.94,-3.92
13.47,4.24
13.91,-0.19
2.01,-2.84
6.38,-3.11
16.81,4.47
5.39,2.98
4.78,0.31
4.52,-1.58
10.36,-0.51
11.98,-0.7
11.79,-0.5
14.25,7.05
16.11,-1.78
-1.08,-6.39
-1.71,-6.82
0.8,-7.37
0.95,-1.96
0.18,-3.47
-0.08,-8.73
0.81,-5.38
1.87,0.13
4.47,0.81
2.24,0.15
3.05,-10.37
-7.63,-18.06
-7.13,-17.94
7.01,-8.48
10.32,-4.31
-0.38,-12.02
-3.37,-12.29
1.95,-3.55
-0.71,-6.39
8.69,-9.6
-5.98,-17.19
-15.5,-21.08
-7.65,-19.67
0.63,-7.88
9.36,-3.05
18.13,2.36
13.47,3.26
11.48,3.18
14.31,9.1
16.87,-6.9
-2.81,-10.18
-0.66,-10.0
2.17,-4.03
9.23,1.59
11.26,-3.99
3.28,-3.9
13.23,1.15
1.72,-4.25
2.54,-4.89
0.33,-2.22
0.22,-5.6
2.01,-5.86
8.07,-1.33
7.58,-1.89
5.94,0.58
14.86,3.99
7.29,-5.38
4.53,-5.68
10.34,-3.19
14.24,-1.77
1.54,-1.09
4.07,-0.99
5.07,-0.27
0.05,-11.06
-6.47,-13.41
-4.05,-12.69
-0.8,-10.83
2.14,-4.12
3.24,-0.67
15.24,1.37
9.26,0.03
10.66,-2.93
10.52,-2.8
21.11,6.14
21.68,6.59
7.03,-0.96
8.8,-3.08
11.44,-3.44
9.26,-3.58
10.52,-2.73
13.07,1.5
7.78,1.82
10.58,-3.33
13.75,-2.69
14.6,5.28
9.09,-2.11
9.24,-2.71
15.31,-1.54
21.94,4.95
16.46,11.03
15.11,-1.78
3.25,-4.74
8.22,-3.29
15.01,-0.35
16.55,3.16
21.31,8.59
15.59,8.97
20.56,9.57
20.76,12.49
23.03,9.95
21.19,5.78
21.05,7.78
27.2,9.89
19.33,4.97
19.17,6.14
21.9,1.93
12.29,2.12
24.82,7.08
24.5,13.03
23.01,6.15
8.21,3.01
6.57,2.28
20.55,4.4
24.97,10.05
24.65,9.59
19.85,10.13
20.11,9.02
18.11,5.18
16.5,5.63
12.51,5.37
24.98,7.8
25.66,12.61
26.67,14.01
22.84,15.44
21.76,14.27
15.82,9.94
21.7,7.7
24.84,9.38
25.99,11.53
28.3,13.37
23.43,11.73
14.24,6.42
18.38,7.08
11.03,7.99
13.8,4.79
20.35,6.86
21.34,8.88
25.56,12.31
29.34,15.92
30.36,18.89
23.76,13.68
21.42,8.87
19.77,9.79
25.16,17.19
29.18,18.08
31.15,18.32
30.25,20.02
29.46,16.51
28.62,18.81
30.18,21.94
26.4,17.4
24.74,16.58
26.04,14.26
27.48,16.45
25.93,8.45
24.2,11.24
26.82,15.6
29.66,17.74
28.51,18.64
25.95,18.81
24.08,19.08
25.65,19.45
23.16,9.4
24.28,10.71
24.92,13.3
19.59,7.72
24.01,11.89
24.31,17.14
26.25,18.5
26.68,18.9
26.75,18.84
27.69,19.49
22.77,15.25
25.64,16.34
24.28,16.48
28.58,18.47
24.78,16.78
28.41,17.39
31.37,19.24
30.89,18.82
31.81,19.73
32.37,21.08
32.74,18.87
31.82,20.24
32.96,20.54
30.39,19.79
31.38,20.51
32.55,21.52
30.65,21.11
31.35,20.03
29.67,17.87
31.78,19.25
33.15,21.4
31.31,17.2
29.43,14.55
31.89,17.11
32.37,20.48
31.45,21.94
30.55,21.99
30.82,21.28
33.07,23.2
32.94,22.62
33.44,22.81
32.92,21.68
25.54,14.61
26.48,13.4
26.37,13.04
27.64,14.43
29.22,15.5
30.44,17.9
30.96,18.91
30.83,19.48
29.68,17.96
28.42,16.05
29.99,17.51
29.67,15.9
30.04,15.01
30.96,16.15
31.82,17.45
30.31,18.34
29.61,17.32
31.07,18.17
30.14,14.73
28.93,14.2
30.11,17.42
28.34,20.63
29.97,19.03
31.24,16.35
28.93,15.71
30.17,17.77
29.87,19.86
33.04,19.54
33.28,20.39
31.79,18.92
29.87,19.69
26.11,18.59
23.92,12.43
25.44,13.18
27.49,15.27
21.67,20.01
26.31,14.77
25.9,11.81
28.0,14.14
29.35,18.85
24.16,17.29
29.29,17.74
28.03,15.44
29.68,17.42
28.39,13.65
25.28,12.38
27.76,13.93
23.83,12.15
25.14,14.61
30.04,16.03
34.14,18.43
32.56,19.05
32.73,19.71
32.91,15.77
27.54,13.2
30.37,15.77
31.91,17.08
28.87,14.86
30.33,15.12
30.66,15.67
30.51,17.97
30.98,16.17
30.94,17.97
27.61,9.39
25.95,10.09
29.39,13.25
25.75,9.46
32.22,12.59
32.17,18.32
32.77,18.06
33.88,17.2
33.57,17.85
33.44,17.57
31.7,11.01
21.96,8.28
26.71,9.07
22.37,12.53
20.05,5.49
22.8,6.07
24.01,7.52
26.97,11.71
22.17,1.43
13.72,0.6
20.47,1.66
20.15,2.65
23.72,4.73
10.51,1.76
15.45,0.98
17.76,1.49
22.19,4.16
24.17,9.85
21.63,10.29
16.36,2.64
18.83,3.04
19.35,7.43
14.8,9.15
18.22,10.13
18.38,3.59
20.0,4.43
16.06,9.29
13.15,9.89
10.27,-2.56
8.46,-2.84
10.84,-2.46
12.05,-1.64
15.6,2.63
11.0,-1.48
12.46,-0.75
5.82,-6.76
2.38,-6.89
8.52,-2.66
17.61,3.91
11.98,-9.46
-5.13,-13.14
-0.34,-11.71
5.94,-5.53
6.52,-5.38
7.83,-4.25
8.73,-3.73
5.4,-0.84
7.66,-1.27
8.42,3.23
12.29,4.54
7.19,-1.64
3.71,-0.39
9.79,0.25
14.45,2.08
14.63,4.99
13.31,1.48
3.38,1.34
6.04,2.43
13.54,3.04
9.19,0.86
2.59,-0.75
3.92,-0.7
10.15,-2.84
10.95,-3.22
9.48,-4.91
7.32,-4.88
13.21,-1.29
13.52,-2.37
-1.89,-8.0
2.69,-7.42
6.45,-5.31
8.01,0.91
6.33,-1.21
1.58,-1.55
0.84,-1.26
2.12,-6.05
-1.01,-10.59
3.87,-9.1
7.49,-6.35
11.51,-4.1
12.51,-3.74
14.76,-2.46
15.9,-2.23
18.51,-1.06
17.59,7.91
14.78,5.83
15.69,6.34
16.3,4.92
5.23,1.15
2.63,-0.16
9.01,-0.49
10.4,5.78
10.49,3.38
3.62,-2.28
8.93,-2.52
8.58,-2.67
8.91,-2.35
4.15,-3.19
13.94,-2.66
17.18,9.52
18.16,2.12
5.4,1.13
7.57,1.25
9.58,-0.42
12.75,0.64
4.44,-5.15
2.39,-4.91
10.59,-8.51
-7.74,-10.3
-2.99,-8.88
-0.04,-9.31
3.61,-8.55
8.38,-0.04
7.55,1.15
1.63,-0.66
6.85,-3.22
2.92,-2.69
1.54,-0.04
2.06,-0.17
3.75,-0.15
3.31,-0.15
5.62,-0.1
17.64,1.09
19.98,3.84
14.03,-0.07
2.77,-0.51
0.38,-3.0
1.25,-3.13
1.9,-4.76
9.85,-3.45
6.81,0.07
5.22,-1.84
2.4,-1.24
2.63,-12.55
-4.51,-13.23
7.11,-9.84
10.02,-2.05
11.69,-0.37
10.1,-3.85
6.27,-4.14
0.86,-9.7
3.23,-9.57
9.57,-6.51
13.19,0.78
6.75,4.38
7.18,1.67
2.73,-3.87
1.95,-4.27
2.32,-7.24
3.73,-6.91
16.84,-3.18
12.07,8.53
14.42,0.18
15.96,-1.28
15.46,-0.61
2.55,-4.79
10.27,-4.62
18.21,-0.24
17.8,9.0
13.37,5.47
10.67,3.6
16.49,4.06
11.03,1.7
5.7,0.98
7.19,1.03
9.09,3.39
12.01,3.13
15.32,4.64
19.84,11.63
21.53,0.21
3.2,-1.71
5.75,-1.29
10.98,2.34
11.65,2.99
17.01,3.55
20.32,6.62
23.29,12.54
25.67,16.09
18.31,7.76
16.31,4.91
7.89,4.16
11.49,0.25
16.41,2.24
20.77,6.59
21.19,7.38
14.24,7.07
21.19,8.37
26.31,14.06
27.33,7.24
12.69,0.28
10.86,0.8
16.98,5.53
16.88,9.06
9.17,0.62
8.69,-3.06
10.66,-4.05
10.01,-0.24
10.67,0.99
12.71,1.57
14.62,3.05
18.78,5.05
14.12,0.0
22.02,3.72
13.04,9.8
19.58,7.57
19.71,6.72
16.08,1.92
19.39,5.55
24.52,13.81
18.18,7.03
9.55,5.97
19.93,6.69
27.86,13.11
22.11,6.45
20.74,7.5
9.23,4.43
15.48,2.93
19.6,7.16
12.38,-2.13
13.06,0.45
17.93,3.13
10.13,1.68
15.96,4.34
14.3,8.09
27.35,13.66
23.52,15.74
26.59,17.19
25.58,15.78
19.62,14.17
18.35,11.71
14.26,11.37
17.81,12.71
24.94,14.13
27.92,16.97
30.17,17.54
30.84,17.79
30.07,19.1
25.95,18.75
27.26,17.59
24.45,12.83
22.95,10.79
22.1,7.57
24.92,12.44
30.98,18.29
31.47,20.13
29.19,18.07
30.65,18.34
32.56,15.93
29.12,15.83
30.75,18.72
28.89,22.42
31.36,15.02
27.11,12.94
29.34,12.77
25.84,12.84
24.07,10.82
25.17,12.78
27.52,13.8
28.48,14.33
28.8,16.02
31.39,17.23
32.51,18.09
29.18,18.97
29.76,19.56
26.08,16.04
26.96,14.35
28.86,16.87
30.95,21.07
25.49,19.92
27.21,20.87
30.32,20.23
29.58,19.94
31.72,19.64
31.66,18.36
32.36,19.52
33.59,19.9
33.69,20.53
32.61,20.32
32.84,20.81
32.79,20.47
33.36,21.09
29.89,18.67
31.36,17.25
28.12,15.82
28.32,15.5
30.44,16.57
31.61,19.9
26.78,17.7
30.91,19.29
32.62,22.48
33.31,20.85
31.51,20.76
32.03,20.28
28.9,20.84
29.7,18.37
30.12,17.4
30.78,18.44
32.98,21.54
31.86,20.04
29.96,17.51
31.02,19.75
22.8,19.38
25.98,19.45
27.06,17.31
26.61,17.47
27.14,16.78
24.75,12.12
23.99,13.23
25.58,14.13
26.66,13.19
28.42,15.72
30.84,18.36
29.4,19.21
28.72,19.41
28.52,19.82
29.85,19.99
27.38,18.75
30.11,18.62
28.23,16.07
29.41,17.12
23.92,13.54
25.37,12.61
26.56,13.88
27.63,16.51
27.71,18.06
28.8,18.63
30.88,19.85
32.11,20.0
31.09,21.3
27.99,22.34
28.38,20.61
29.04,13.6
26.08,15.62
26.58,17.61
27.55,19.78
27.36,19.9
28.89,15.23
25.9,9.35
27.05,11.24
26.74,15.75
29.53,17.08
30.63,16.33
30.84,16.66
29.63,18.17
23.2,17.26
28.62,17.6
27.47,13.95
25.85,11.15
23.08,8.68
25.9,9.14
27.28,10.59
19.78,5.88
20.51,4.56
22.98,5.48
23.83,6.36
24.32,8.28
22.86,10.01
24.73,10.61
26.15,11.63
24.85,13.65
26.35,14.02
18.48,6.4
17.99,6.54
24.19,5.14
20.0,2.48
17.1,3.79
18.64,7.02
16.51,0.2
17.53,1.39
23.01,5.09
29.16,6.64
26.01,7.34
28.03,9.2
23.85,15.81
25.89,16.06
24.78,4.61
20.92,4.61
25.62,6.41
16.83,-0.19
14.63,-1.18
17.03,0.87
16.18,9.12
11.75,7.8
16.82,8.44
20.08,12.17
27.4,13.05
25.4,6.43
12.37,5.77
10.95,6.24
9.26,6.97
10.6,7.03
11.75,8.44
10.54,4.09
9.82,-1.12
14.7,0.22
10.7,-3.16
9.78,-2.59
18.49,0.44
22.1,5.42
19.73,3.86
21.48,3.44
23.41,3.89
26.7,8.95
26.11,10.61
25.39,11.63
12.74,-0.23
12.97,-0.27
13.18,-2.27
16.97,-0.22
13.64,1.58
13.29,1.06
6.3,-2.29
9.96,-1.99
18.51,5.63
17.69,8.75
9.86,6.43
8.93,1.52
9.33,1.54
10.55,4.35
14.58,7.87
10.51,7.39
12.63,-0.35
9.69,-2.68
11.91,-2.3
2.7,-2.05
0.95,-6.22
6.73,-5.97
6.86,-3.8
7.25,-2.68
6.82,-4.25
3.32,-3.84
0.95,-1.76
2.53,-1.0
13.46,-1.9
16.13,-1.78
17.79,4.37
16.26,3.69
5.65,1.97
2.14,-6.49
1.67,-6.09
1.03,-1.66
0.22,-5.67
3.61,-5.92
5.31,0.12
6.72,0.32
9.15,0.32
7.54,-0.81
13.28,-1.46
-1.85,-11.12
-7.69,-11.73
3.56,-9.85
11.65,-1.78
2.4,-3.54
5.25,-4.18
10.96,-2.41
0.19,-2.57
9.85,0.35
3.5,1.17
2.41,-2.31
7.77,-2.07
1.74,-0.26
2.79,-0.74
3.7,-0.71
0.39,-2.05
0.32,-7.33
0.12,-7.05
-1.63,-4.61
3.12,-4.12
8.24,-2.13
9.0,-0.31
6.1,-1.49
1.47,-1.4
1.36,-1.62
2.09,-2.14
6.84,-2.84
3.05,-2.88
10.58,-2.1
2.76,-9.95
1.88,-9.85
1.15,-1.52
3.22,-0.52
7.03,-0.69
0.49,-8.54
-0.71,-10.86
1.48,-10.74
3.29,-3.59
4.99,-2.6
-1.01,-6.2
0.99,-6.59
2.64,-5.64
3.8,-4.08
2.96,-6.43
1.77,-11.6
-5.28,-12.51
1.04,-8.69
-1.15,-6.1
-4.56,-7.53
-3.37,-7.53
-1.51,-6.59
-2.26,-9.59
-3.69,-10.13
-6.87,-11.76
-6.56,-17.15
-4.2,-16.1
-1.38,-11.59
-2.21,-14.78
0.7,-11.28
7.95,-8.57
4.69,1.01
12.83,-0.01
16.77,-2.52
8.46,-2.43
7.93,-0.53
13.34,6.28
16.6,2.04
8.04,-4.66
7.32,-4.65
17.26,-2.22
11.73,-4.13
8.71,-4.58
9.08,-4.12
11.12,-3.66
18.73,-1.41
19.35,0.96
20.97,9.07
18.3,6.83
15.87,4.63
12.65,-0.43
10.95,0.92
4.97,0.97
14.19,2.93
17.06,5.68
15.5,-0.19
10.65,-2.08
16.15,-1.9
19.33,1.22
19.86,4.22
19.98,9.02
22.7,6.59
17.69,7.81
13.69,4.09
23.31,6.19
10.86,-1.75
15.15,-0.16
23.05,5.38
11.29,-1.77
4.62,-5.47
9.38,-4.01
18.22,0.76
24.02,5.45
25.17,7.43
25.94,9.22
27.52,12.72
21.25,10.61
27.04,11.4
18.4,8.89
11.66,8.15
20.5,7.82
19.49,8.9
17.41,2.97
13.48,0.36
16.95,2.39
14.31,1.33
18.16,2.96
20.2,2.76
17.12,-1.38
8.27,-1.48
12.8,-0.14
16.24,3.67
11.98,6.38
17.48,3.16
24.24,7.13
28.08,16.72
26.36,17.32
20.69,9.63
21.62,1.66
22.91,5.04
25.23,13.54
22.36,15.3
20.62,8.92
16.77,3.22
17.43,4.1
17.5,1.86
15.25,4.72
16.28,1.86
16.33,4.59
15.99,3.65
17.19,2.96
19.59,3.99
21.46,5.18
22.49,10.53
21.39,12.78
20.94,13.81
25.48,14.37
27.1,15.21
28.92,14.82
28.79,13.44
29.59,14.75
30.03,15.91
31.11,16.01
31.09,18.34
25.32,17.03
27.46,17.72
21.91,7.77
14.79,4.49
19.58,6.85
23.36,10.3
23.88,14.37
18.69,15.97
22.44,14.15
29.47,14.59
29.15,16.67
27.98,19.29
27.59,20.24
25.28,20.58
25.41,20.7
27.16,20.21
30.66,19.44
33.09,19.9
31.4,14.87
31.06,13.68
27.31,13.2
27.03,13.19
29.52,15.51
32.36,18.46
28.15,18.17
30.53,22.07
27.48,12.35
22.14,10.66
25.11,12.6
27.77,18.93
27.33,22.0
29.73,21.74
31.36,20.82
32.32,21.04
33.79,21.34
28.55,20.24
26.27,14.83
24.33,13.36
25.87,14.72
30.07,18.53
31.33,19.63
31.77,19.46
30.89,20.86
27.42,16.08
23.84,16.11
25.47,17.47
25.84,20.03
28.06,20.8
27.26,18.95
28.92,20.16
30.9,20.41
28.15,20.5
27.01,19.27
27.52,17.18
28.15,17.31
28.86,17.4
27.19,16.5
27.58,16.35
28.94,17.23
30.29,19.29
30.62,20.76
31.59,17.15
31.09,18.14
30.83,20.0
30.98,20.28
27.79,17.52
22.8,13.86
27.01,12.47
25.74,13.32
26.98,13.48
27.66,14.89
29.05,16.35
28.32,18.43
30.05,18.7
30.74,19.5
25.92,21.51
32.17,22.88
32.37,23.73
33.61,21.08
30.24,20.49
28.22,18.67
24.75,18.26
27.57,19.19
28.97,19.31
30.76,20.45
30.01,19.07
30.88,19.12
31.22,18.94
32.52,19.7
32.92,20.17
33.34,21.1
30.38,20.08
33.33,20.23
33.29,20.25
32.82,21.28
32.2,21.06
25.67,20.02
26.06,18.55
26.53,13.19
26.27,13.12
26.04,14.44
25.83,17.59
26.49,12.74
28.76,13.89
28.95,16.84
27.45,12.12
25.24,11.39
26.16,12.28
27.7,15.3
29.64,18.0
30.08,18.45
30.63,19.45
24.96,14.8
27.88,15.7
31.0,17.05
31.95,17.9
30.02,19.04
22.78,18.48
24.2,14.01
15.03,9.9
19.23,6.61
23.2,8.08
21.38,7.13
24.22,8.9
29.06,14.58
29.16,14.64
29.43,14.12
27.35,12.47
26.68,12.49
24.28,14.92
23.8,16.44
22.86,14.59
25.94,15.53
24.7,16.92
24.59,15.87
25.98,14.51
28.32,14.74
28.71,17.83
27.59,17.75
20.47,11.54
25.16,12.25
27.8,18.63
24.53,9.74
16.81,4.71
20.15,4.34
21.75,4.88
21.82,6.07
22.88,7.03
21.17,9.8
12.39,7.33
15.56,7.65
22.86,12.32
16.58,8.27
14.33,1.35
15.22,1.53
12.63,8.52
15.96,10.63
13.29,9.09
17.31,2.45
12.51,2.13
9.7,-2.75
9.96,-2.7
10.8,-2.76
11.99,-2.65
14.6,-1.66
17.79,-0.83
21.19,1.98
17.46,3.19
20.68,5.95
17.02,2.95
10.82,1.51
4.28,0.54
5.05,-2.73
4.96,-2.26
16.38,-0.39
18.98,4.18
8.47,-3.8
5.83,-4.31
11.92,-1.42
7.91,-1.66
4.74,-6.63
5.9,-6.72
12.91,-0.79
8.92,-3.92
1.61,-4.4
9.28,-0.24
8.02,-5.88
7.25,-6.28
12.84,-0.71
11.26,2.99
18.2,1.52
17.06,1.55
12.91,0.31
16.85,1.75
6.2,-5.97
-1.84,-5.71
5.4,-5.46
14.36,-1.38
18.91,9.19
17.12,-2.54
9.22,-3.03
12.16,-1.93
14.32,-1.56
18.15,11.67
16.41,-1.28
8.09,-1.2
11.43,-1.74
1.98,-5.47
6.71,-5.49
7.42,-5.12
2.77,-5.67
11.42,-3.81
17.58,8.92
20.37,6.88
15.33,5.7
20.44,5.37
11.38,4.31
9.38,5.55
9.08,5.45
17.4,8.43
14.1,2.22
1.78,-5.74
1.09,-6.87
6.01,-6.32
6.19,-9.02
-6.81,-12.9
-6.91,-13.27
6.15,-10.94
6.41,-8.61
0.08,-10.83
1.67,-10.54
10.09,-1.5
8.2,-1.89
1.83,-3.31
0.18,-6.66
1.37,-6.83
-2.06,-4.36
6.22,-4.72
9.68,-6.94
-3.56,-8.58
-2.85,-13.38
0.48,-13.27
2.64,-8.21
4.76,-7.46
-1.68,-15.03
-4.37,-15.57
1.82,-9.6
-1.14,-17.21
-3.0,-17.11
5.26,-7.73
5.38,-6.9
16.08,-0.27
7.61,-1.49
-1.45,-7.19
-4.46,-11.91
-4.96,-12.67
3.34,-10.18
1.78,-10.16
8.37,-8.38
11.03,-1.31
6.34,-2.75
12.07,-1.94
-1.47,-8.13
-2.32,-9.72
0.37,-9.57
12.07,-7.27
16.71,7.95
12.68,-5.3
1.85,-6.03
0.41,-6.55
14.9,-4.16
17.65,4.06
16.55,-2.26
-1.42,-3.0
2.45,-1.82
-0.32,-4.0
3.07,-5.73
9.75,-5.57
11.66,-3.78
19.28,1.89
20.87,2.11
8.15,-1.14
13.12,-1.06
23.87,7.36
21.4,11.16
14.5,0.37
4.73,0.33
9.71,-1.41
11.46,-1.1
7.39,-8.44
-2.14,-8.68
11.42,-3.73
18.15,2.83
19.9,2.61
21.99,2.99
22.7,5.04
17.56,8.39
8.89,2.2
17.67,1.88
21.68,3.77
18.68,9.37
19.84,6.54
11.64,4.72
7.35,2.49
4.86,-2.42
6.17,-6.05
6.69,-5.0
8.87,0.41
26.44,8.02
8.57,1.14
6.71,-2.97
12.81,-1.22
15.75,1.65
16.37,5.29
13.77,6.08
14.12,5.7
11.78,2.09
9.16,1.16
7.5,-1.94
18.14,0.14
17.97,10.5
21.95,11.12
20.74,4.02
16.6,3.97
21.99,7.81
17.5,1.4
11.03,1.74
7.09,0.82
11.76,1.64
19.38,6.66
18.83,7.44
26.26,10.74
29.25,15.94
28.44,17.94
19.73,3.25
14.81,1.89
18.7,4.12
18.91,7.49
22.87,11.73
25.89,13.39
22.81,6.23
22.22,9.59
25.89,10.0
15.37,10.14
16.48,12.01
22.06,9.52
17.45,7.89
21.58,9.72
26.02,12.6
29.18,17.14
30.6,12.33
30.01,14.49
29.34,14.9
29.59,13.64
30.23,12.97
25.32,10.8
27.8,13.2
22.4,14.73
27.7,15.82
30.53,20.27
28.86,16.74
19.98,10.61
18.82,9.94
24.05,11.59
28.78,18.09
22.34,14.02
20.07,10.9
22.72,12.2
27.55,14.87
30.66,17.59
30.99,18.46
30.67,19.04
24.27,12.47
26.9,11.56
28.2,12.68
28.34,15.47
27.29,18.34
27.14,16.04
28.07,14.01
25.25,13.79
22.23,14.36
25.6,15.16
29.12,19.65
33.27,23.58
34.28,23.24
33.75,23.32
33.13,24.13
30.44,15.51
26.05,11.1
26.42,12.08
30.43,13.3
33.4,17.87
34.21,16.02
30.06,14.58
30.79,15.27
30.6,17.58
28.7,14.62
26.5,10.27
26.15,10.0
29.43,13.8
32.81,20.5
32.89,20.84
30.34,19.27
30.69,17.44
32.55,21.22
35.69,23.7
34.29,22.49
27.58,21.76
25.25,20.32
26.46,15.9
29.52,16.67
30.45,19.7
30.39,16.85
30.17,17.82
29.32,15.89
28.8,20.04
31.37,21.26
24.56,20.76
28.56,19.17
30.71,20.9
33.22,20.09
31.37,19.55
32.67,20.6
31.03,22.6
31.81,22.15
26.91,19.88
25.26,19.14
28.5,20.88
30.25,20.63
27.07,14.88
27.37,17.31
26.59,18.77
29.28,19.6
27.78,18.86
32.28,21.14
27.96,20.97
28.33,21.49
30.81,20.7
31.6,21.29
31.76,21.74
29.1,21.31
27.45,16.01
28.64,15.23
25.15,13.06
26.88,15.57
25.87,18.25
26.47,15.43
27.38,15.41
27.46,14.91
28.75,14.88
29.63,16.67
28.95,18.29
26.8,17.48
26.52,15.49
27.64,13.97
28.92,14.57
29.2,16.32
29.39,17.38
29.66,18.52
32.43,20.88
31.62,20.06
28.64,13.74
27.4,13.68
29.47,15.3
29.92,17.94
24.39,18.7
26.99,19.55
27.65,19.98
25.96,15.91
26.45,13.21
26.15,13.37
28.87,15.82
28.7,18.51
25.85,13.74
21.78,12.32
21.04,12.56
26.69,12.9
28.0,12.82
28.23,13.78
28.72,13.98
29.16,16.24
28.28,15.48
30.93,16.36
34.31,16.62
21.45,6.31
19.8,7.76
24.94,12.31
23.39,10.29
20.52,5.22
19.23,3.93
16.4,4.76
19.87,5.5
21.76,6.37
23.28,7.19
21.84,6.51
21.36,3.1
22.37,3.38
24.72,5.29
23.96,7.86
16.22,0.39
14.83,-0.09
18.11,2.17
23.11,5.08
23.89,7.5
23.85,6.25
17.77,1.14
19.67,2.2
17.29,3.05
22.21,4.46
9.58,1.08
6.75,0.0
12.19,-2.01
14.83,-0.33
22.5,5.42
24.94,10.31
25.33,9.31
25.13,10.33
22.82,7.96
12.11,-0.14
14.6,1.08
19.33,3.02
20.92,4.27
16.26,9.15
17.5,12.49
20.01,7.17
17.84,6.09
22.65,6.08
24.31,11.2
21.64,7.48
21.64,5.25
19.28,5.95
17.13,4.56
23.26,4.71
22.43,7.58
17.04,-0.54
0.02,-1.77
3.63,-2.05
6.44,-1.86
5.31,1.38
2.83,-1.94
-0.02,-3.17
1.23,-7.84
2.1,-8.47
1.55,-8.28
9.22,-5.37
13.81,-4.51
15.4,-3.55
17.18,-1.89
12.25,-3.68
12.73,-3.41
12.34,5.32
7.74,4.77
15.78,0.85
3.37,-6.58
4.2,-7.02
13.61,1.56
11.43,-6.64
5.62,-6.89
7.88,-4.02
10.74,6.06
9.96,4.92
7.22,4.43
9.04,4.7
7.88,4.37
7.76,2.25
7.27,-0.82
7.87,-0.76
12.52,4.87
6.98,1.06
4.52,-0.85
0.92,-4.51
1.17,-7.98
0.72,-7.81
7.44,-6.07
6.4,-5.62
6.64,-22.28
-16.62,-22.56
-8.9,-16.86
-6.84,-14.35
-3.26,-9.0
-0.31,-4.75
9.67,-3.47
14.19,8.41
15.76,8.42
