20170101
7.61,-2.06
12.4,5.9
12.94,-3.69
-1.64,-7.19
-5.69,-14.45
-9.78,-16.24
-8.56,-16.84
-5.64,-15.56
4.51,-6.61
12.56,-1.56
18.0,-0.31
18.59,-1.37
1.45,-0.97
2.61,0.31
3.53,0.28
14.93,3.62
15.34,2.9
4.8,1.48
10.45,2.32
14.82,7.41
18.27,5.79
15.85,6.47
8.61,3.76
7.01,1.6
14.85,1.61
2.46,-1.21
1.77,-4.06
1.48,-3.83
-0.2,-6.78
6.85,-7.45
7.91,3.0
6.06,-2.31
2.06,-5.43
-0.59,-11.76
4.64,-11.78
10.89,-2.47
15.85,-1.48
15.88,2.63
5.39,-4.46
-2.56,-9.38
12.12,-4.56
18.43,9.0
15.65,-2.86
9.41,-2.98
11.53,1.58
7.09,-2.35
8.93,-0.32
19.69,3.6
17.53,5.59
15.9,1.76
19.74,3.39
18.27,8.73
20.12,11.82
20.67,13.23
24.71,2.65
1.96,-6.45
8.49,-5.74
10.41,4.32
18.0,8.23
15.58,0.93
7.17,-1.86
3.91,-2.94
9.99,-1.46
19.4,-0.54
17.11,9.33
13.57,5.09
16.15,2.3
21.47,0.64
6.51,-3.94
2.73,-6.32
3.75,-5.65
3.29,-4.49
0.37,-7.04
1.66,-8.13
6.32,-6.56
8.87,1.06
6.04,-0.42
10.48,1.05
16.93,4.36
16.9,-0.72
6.59,-1.82
15.38,-1.1
23.91,12.99
25.03,13.51
18.64,6.68
20.45,7.99
15.52,8.77
16.65,8.19
24.93,11.18
12.92,4.52
10.44,2.46
18.88,4.55
21.09,12.06
19.79,8.26
23.32,4.99
8.81,1.46
13.48,-0.5
18.65,2.73
25.58,9.98
26.18,14.89
19.44,5.38
20.86,6.69
26.33,8.6
28.39,12.41
28.33,16.81
27.17,12.6
21.59,9.36
25.57,12.17
27.85,16.73
27.73,9.78
15.97,7.4
13.18,5.27
19.73,6.36
24.27,9.1
24.64,12.3
28.88,15.38
18.17,7.28
20.77,9.49
26.75,15.23
25.5,13.02
17.15,7.67
18.8,4.39
12.95,7.13
13.74,7.34
10.71,4.42
16.83,3.37
17.42,0.85
18.55,5.08
19.63,10.96
28.98,13.48
20.35,11.63
19.28,7.1
23.73,10.66
27.76,13.24
28.41,14.12
29.58,17.19
28.7,20.65
28.73,18.37
28.17,15.32
27.2,15.08
25.32,8.71
22.21,9.58
23.73,13.51
18.17,13.21
17.9,10.42
26.38,14.42
28.47,16.75
23.92,14.91
27.89,13.53
26.63,12.44
26.94,10.35
26.61,10.3
28.89,12.13
30.82,14.55
30.89,18.8
30.04,14.82
25.21,11.91
20.29,10.15
24.43,10.91
28.34,14.32
29.57,16.4
31.12,18.58
32.76,21.17
29.86,19.17
30.2,19.13
27.85,18.35
30.76,18.62
30.93,20.81
27.99,16.51
27.19,14.91
29.07,17.27
31.78,20.18
27.89,21.02
24.72,16.38
25.56,11.53
25.46,11.22
23.72,10.38
23.63,10.83
27.22,15.99
30.85,20.67
28.96,19.51
28.77,16.76
29.8,16.81
30.69,18.74
29.94,19.07
29.16,20.47
25.99,18.56
30.84,16.83
27.61,13.81
28.77,17.32
29.48,21.8
26.61,19.81
32.01,21.81
30.24,21.81
29.2,15.05
27.99,15.83
29.8,17.35
30.58,19.25
31.45,18.05
31.01,19.63
32.32,22.05
33.17,22.78
33.07,21.18
29.35,19.35
29.15,16.31
27.39,15.81
29.89,17.97
28.65,22.17
28.12,15.46
25.87,13.03
28.32,15.23
29.74,17.47
28.75,17.74
29.09,16.99
29.82,19.0
23.92,10.93
25.12,13.37
22.18,16.84
24.94,14.06
26.57,11.25
27.44,13.41
28.93,15.49
27.46,16.76
26.96,13.38
27.93,15.74
27.75,17.26
30.49,18.37
31.71,20.6
30.73,20.37
29.16,18.32
31.1,18.37
31.88,19.14
31.85,20.84
28.29,14.84
26.27,11.25
25.88,11.74
25.29,11.01
25.76,11.88
27.58,13.95
26.45,16.31
25.94,14.6
27.59,15.55
27.24,15.08
15.96,12.53
21.0,12.41
27.41,13.44
30.45,15.93
22.69,8.78
19.78,7.98
20.9,8.11
24.88,9.62
23.21,8.53
22.96,8.57
22.54,9.48
20.9,14.35
18.35,15.87
22.6,12.76
27.45,13.14
28.93,15.23
30.01,16.92
27.83,19.34
26.8,17.8
30.36,18.34
32.38,19.12
32.39,17.64
32.23,16.75
32.5,15.23
31.74,15.45
32.03,17.16
29.25,12.13
23.08,8.06
25.18,7.63
23.25,5.92
23.74,6.81
26.6,10.83
28.84,13.99
26.51,17.21
23.0,17.1
26.96,17.61
28.47,13.62
19.97,14.51
22.18,15.22
22.13,16.08
19.03,13.99
17.82,12.41
23.18,11.62
28.43,14.52
23.17,7.37
17.16,3.26
20.01,3.51
21.13,4.83
24.07,7.16
25.24,7.64
24.09,9.94
25.6,13.46
17.44,7.87
11.21,5.22
11.23,-0.1
17.07,0.16
14.29,2.02
4.41,1.51
4.04,-1.03
7.74,-0.2
7.64,-0.08
15.29,2.19
19.97,12.57
15.92,6.63
18.85,8.66
23.51,9.34
12.35,6.52
9.19,4.34
11.52,-0.66
13.41,-1.99
2.79,-4.3
6.5,-3.73
8.8,1.94
7.14,1.07
11.45,0.45
9.93,0.67
4.27,-0.59
15.45,0.95
18.16,2.22
3.66,-3.82
9.75,-3.49
13.49,-2.99
4.93,-4.86
8.18,-2.83
14.0,-1.5
15.18,-2.32
12.29,-2.65
17.42,0.56
17.61,4.43
14.92,3.04
12.36,-2.62
12.08,-2.72
13.05,-1.92
14.87,-1.53
18.23,3.4
9.35,-2.44
7.16,-2.44
-0.22,-8.43
0.04,-9.08
-0.52,-6.79
2.99,-6.74
8.57,-4.71
-0.16,-8.18
7.49,-6.09
-0.4,-6.77
1.03,-5.03
10.57,-0.65
7.24,2.64
7.79,4.93
9.64,1.54
9.03,-2.21
12.81,-1.99
12.21,2.73
3.3,-1.23
1.27,-6.4
-2.23,-8.27
-5.74,-16.61
-9.17,-17.03
-5.46,-12.87
-3.75,-7.5
-6.14,-15.29
-9.43,-18.86
-12.28,-21.7
-8.03,-21.71
-3.97,-17.31
-7.33,-18.14
-8.47,-20.11
-6.84,-20.1
2.99,-10.3
3.18,-0.08
5.29,-0.5
14.68,4.01
14.75,-1.29
-0.61,-10.06
-5.05,-15.86
-5.7,-16.08
-2.24,-15.82
-11.92,-17.57
-5.86,-14.09
0.47,-12.36
4.37,-7.02
8.99,0.3
12.51,6.36
13.46,2.55
3.62,-0.89
-0.16,-5.97
8.2,-5.46
14.42,-0.31
10.04,-2.44
11.53,-3.33
1.43,-5.01
0.9,-5.81
11.59,-1.01
6.36,-11.02
-4.15,-11.78
4.4,-6.6
3.32,-10.35
-2.34,-10.6
-0.02,-4.0
-0.44,-8.61
0.2,-8.15
10.33,-1.37
5.24,-0.71
1.5,-6.41
4.26,-6.87
6.97,-4.96
14.99,5.47
19.86,8.68
7.4,-1.72
2.43,-1.38
12.41,-1.26
23.07,12.61
25.34,11.7
11.44,3.49
10.79,3.9
16.17,7.57
15.01,6.88
9.14,-1.04
13.11,-1.2
16.44,0.2
13.25,9.26
14.19,-0.16
9.31,-3.22
10.3,-2.52
10.89,-1.29
8.87,-0.19
13.94,-0.55
4.01,-2.39
-0.15,-4.8
6.77,-4.02
10.68,-1.14
6.91,-2.05
5.35,-4.24
4.89,-5.33
5.28,-4.85
14.48,-3.07
8.28,-2.64
6.57,-1.92
14.75,-0.44
17.03,-0.21
2.14,-2.04
4.2,-4.57
8.15,-3.97
10.63,-1.94
1.76,-2.33
8.11,-2.08
14.92,3.29
13.12,10.06
14.26,10.31
14.73,5.05
9.16,0.0
15.64,1.43
9.38,-0.62
9.43,-0.42
23.2,1.18
2.81,-3.61
10.74,-1.96
14.91,-2.22
6.06,-4.69
6.29,-2.02
5.82,-1.49
7.05,-1.93
18.33,0.39
26.67,13.5
26.98,15.8
20.5,11.57
12.29,0.77
2.17,-0.5
10.31,0.64
22.23,1.75
12.95,-0.64
16.4,1.54
17.9,5.68
19.46,8.73
14.62,9.78
13.53,10.74
19.3,4.33
20.29,4.31
21.63,6.2
14.19,0.07
17.05,0.82
23.15,4.84
27.57,13.75
28.82,18.55
25.74,17.46
26.49,13.33
19.56,11.68
27.22,9.81
22.95,7.66
25.8,9.67
28.43,15.45
28.48,14.57
30.19,17.77
29.35,16.69
31.16,18.01
32.32,20.17
31.39,18.62
25.41,16.22
28.1,17.28
23.47,18.06
25.45,17.01
30.43,17.87
29.66,18.44
29.45,14.63
27.3,13.64
28.22,13.45
30.51,17.76
29.94,18.27
32.43,18.53
33.03,20.04
30.98,21.64
27.02,20.42
29.08,19.53
29.22,17.9
30.21,19.46
26.95,12.42
24.75,11.77
28.62,13.44
26.03,14.67
30.82,18.11
31.84,17.68
32.48,17.58
25.46,18.11
25.75,18.54
27.28,19.72
28.89,13.81
28.64,14.75
30.94,18.06
33.56,20.76
33.93,21.67
33.23,22.52
32.81,20.89
30.56,21.47
26.25,18.74
24.97,18.23
24.57,17.49
27.85,19.69
23.68,19.66
24.97,19.34
28.53,18.21
30.32,19.48
32.01,19.92
32.66,22.35
32.57,22.37
31.96,21.72
30.95,21.86
33.98,22.5
33.58,21.31
28.0,13.29
27.37,14.18
30.99,17.43
32.47,19.55
32.7,20.49
29.52,15.55
29.26,15.61
31.68,17.2
32.9,20.46
29.19,21.22
30.03,19.58
30.53,14.67
29.82,15.29
29.88,17.67
27.77,18.25
24.61,19.02
26.55,16.61
25.65,16.52
28.16,17.01
29.98,16.87
29.37,16.32
26.58,14.06
26.99,14.88
27.22,17.71
24.42,18.71
24.18,17.52
26.53,16.11
28.72,16.72
29.94,19.28
31.61,19.76
32.24,20.22
31.91,20.24
29.79,20.62
29.46,18.15
29.24,18.79
30.17,19.77
29.53,16.84
29.6,16.81
29.22,16.57
30.25,18.99
25.37,19.76
26.7,20.52
27.27,19.95
28.53,18.41
29.66,19.1
28.41,19.79
27.02,17.4
24.84,11.56
26.13,12.45
24.4,14.01
27.75,20.28
32.11,21.82
32.01,21.65
32.45,21.66
30.84,19.18
28.31,17.24
30.58,18.29
29.15,19.71
31.77,20.92
32.98,21.08
33.42,20.73
32.8,20.99
31.04,20.53
27.04,18.31
18.86,14.64
16.02,13.33
19.17,12.82
22.55,13.49
23.26,15.27
29.65,16.45
30.94,17.5
31.1,19.35
29.73,20.22
29.68,18.61
32.43,18.76
32.42,19.55
32.96,20.6
30.68,14.86
16.71,12.93
24.38,13.24
21.4,16.82
25.24,19.19
21.63,11.24
16.14,7.46
22.81,8.36
22.18,9.62
27.16,11.88
29.4,14.77
29.93,19.28
30.63,19.71
26.53,17.5
30.84,18.4
31.31,18.05
31.57,18.61
31.26,19.75
30.58,19.26
24.68,11.87
16.12,2.23
12.15,2.76
12.24,3.75
12.98,7.29
12.25,1.38
12.04,1.46
16.22,-0.35
14.37,-0.31
13.79,1.18
17.08,-1.76
11.79,-1.42
19.16,1.76
17.15,0.95
14.15,1.39
14.05,3.54
9.1,6.16
11.77,3.96
18.35,3.34
16.49,2.51
20.75,5.23
18.39,8.39
10.56,5.01
8.01,0.62
13.36,0.55
16.21,7.14
15.82,9.15
15.45,3.37
12.42,-1.25
6.12,-0.46
6.6,-6.29
2.54,-6.99
6.6,-5.72
6.89,-0.36
2.14,-5.97
0.45,-5.96
1.18,-1.37
3.77,-0.93
7.29,0.94
10.6,0.84
5.27,1.91
3.44,-2.58
8.11,-3.35
9.87,-2.77
11.27,-1.16
12.96,0.62
14.67,0.48
2.22,-5.3
-3.8,-7.11
0.66,-7.61
5.73,-0.76
10.43,4.79
14.27,7.32
17.34,3.76
4.5,0.31
1.24,-2.11
-0.35,-3.64
4.88,-6.61
3.05,-7.3
-2.37,-6.3
4.23,-8.15
0.71,-9.49
7.31,-7.66
10.44,0.55
9.39,3.31
10.62,5.55
8.25,3.14
9.29,-0.67
9.23,-3.6
7.42,-3.93
11.99,-1.86
8.55,5.04
6.23,-0.51
4.33,-1.68
2.64,-3.06
6.73,-3.12
7.95,-4.28
8.93,-3.87
13.4,4.13
14.03,-0.17
2.04,-2.82
6.39,-3.04
16.78,4.48
5.47,3.02
4.83,0.33
4.49,-1.61
10.37,-0.47
11.97,-0.71
11.71,-0.56
14.33,6.92
16.18,-1.93
-1.14,-6.32
-1.78,-6.69
0.86,-6.75
0.9,-2.02
0.16,-3.52
-0.17,-9.0
0.79,-5.64
1.81,0.1
4.41,0.8
2.21,0.1
3.05,-10.54
-7.7,-18.16
-7.17,-18.03
6.94,-8.59
10.34,-4.32
-0.48,-12.09
-3.38,-12.33
2.0,-3.76
-0.75,-6.65
8.77,-9.63
-6.03,-17.28
-15.56,-21.22
-7.68,-19.8
0.51,-7.95
9.33,-3.06
18.16,2.41
13.52,3.32
11.52,3.41
14.37,9.22
16.94,-6.83
-2.77,-10.16
-0.64,-9.95
2.19,-3.99
9.12,1.61
11.3,-3.88
3.32,-3.85
13.21,1.25
1.89,-4.26
2.51,-4.9
0.36,-2.28
0.27,-5.75
2.05,-5.91
8.19,-1.26
7.61,-1.77
5.94,0.63
14.88,4.0
7.46,-5.36
4.5,-5.64
10.27,-3.16
14.23,-1.77
1.68,-1.06
4.13,-0.96
5.13,-0.14
0.14,-10.78
-6.4,-13.36
-4.06,-12.69
-0.83,-10.76
2.24,-4.24
3.29,-0.65
15.24,1.38
9.4,0.1
10.71,-2.93
10.68,-2.75
21.22,6.13
21.75,6.57
7.07,-1.0
8.77,-3.22
11.42,-3.53
9.24,-3.62
10.54,-2.6
13.23,1.3
7.83,1.84
10.6,-3.35
13.78,-2.54
14.79,5.23
9.11,-2.24
9.29,-2.75
15.38,-1.45
21.98,4.93
16.4,11.05
15.27,-1.83
3.25,-4.8
8.22,-3.4
14.99,-0.36
16.55,3.18
21.22,8.65
15.53,8.97
20.52,9.49
20.81,12.28
23.01,10.03
21.24,5.7
20.99,7.66
27.2,9.9
19.43,4.93
19.28,6.14
22.16,1.95
12.25,2.11
24.83,7.03
24.45,12.97
23.08,6.19
8.29,2.89
6.62,2.38
20.52,4.35
24.95,9.92
24.67,9.54
19.86,10.1
20.16,9.12
17.99,5.02
16.52,5.59
12.53,5.46
25.01,7.83
25.67,12.66
26.74,14.1
22.94,15.47
21.82,14.34
15.85,10.11
21.68,7.69
24.86,9.41
26.0,11.58
28.27,13.56
23.56,11.88
14.4,6.53
18.45,7.2
11.07,8.1
13.63,4.81
20.3,6.85
21.3,8.81
25.5,12.45
29.3,15.85
30.34,18.98
23.85,13.81
21.42,8.91
19.85,9.84
25.18,17.34
29.1,18.15
31.12,18.24
30.25,20.02
29.49,16.52
28.58,18.98
30.16,21.96
26.36,17.46
24.65,16.6
25.87,14.2
27.4,16.36
25.95,8.34
24.11,11.15
26.77,15.66
29.6,17.71
28.46,18.62
25.84,18.84
23.96,19.07
25.7,19.47
23.2,9.34
24.24,10.64
24.81,13.29
19.57,7.72
23.98,11.8
24.19,17.15
26.23,18.49
26.69,18.85
26.67,18.81
27.7,19.47
22.77,15.39
25.64,16.41
24.27,16.38
28.52,18.41
24.79,16.76
28.4,17.4
31.34,19.23
30.87,18.8
31.8,19.72
32.29,21.08
32.59,18.86
31.74,20.25
32.81,20.56
30.33,19.85
31.31,20.52
32.48,21.51
30.59,21.05
31.33,20.0
29.64,17.85
31.75,19.25
33.07,21.36
31.18,17.21
29.43,14.45
31.81,17.02
32.28,20.42
31.39,21.9
30.46,22.0
30.7,21.24
32.94,23.16
32.89,22.59
33.36,22.76
32.81,21.65
25.48,14.65
26.37,13.41
26.31,13.03
27.57,14.37
29.16,15.57
30.4,17.87
30.88,18.87
30.78,19.54
29.57,17.96
28.45,16.07
30.02,17.53
29.67,15.91
30.06,14.97
30.92,16.11
31.77,17.46
30.26,18.39
29.63,17.27
31.03,18.18
30.09,14.69
28.9,14.14
30.09,17.42
28.36,20.64
29.98,19.02
31.19,16.35
28.93,15.69
30.22,17.74
29.95,19.88
33.09,19.57
33.28,20.4
31.78,18.95
29.85,19.69
26.1,18.62
23.9,12.43
25.46,13.2
27.52,15.31
21.67,19.97
26.25,14.8
25.88,11.78
27.98,14.17
29.36,18.87
24.16,17.29
29.31,17.75
27.96,15.42
29.68,17.48
28.41,13.61
25.28,12.32
27.69,13.95
23.9,12.14
25.12,14.6
30.02,16.03
34.13,18.47
32.54,19.01
32.74,19.68
32.91,15.75
27.53,13.18
30.4,15.81
31.93,17.13
28.87,14.84
30.34,15.11
30.62,15.69
30.44,17.94
30.97,16.08
30.93,18.06
27.63,9.33
25.98,10.13
29.35,13.22
25.75,9.43
32.19,12.73
32.19,18.37
32.74,18.02
33.91,17.38
33.56,17.96
33.48,17.66
31.75,11.13
21.94,8.32
26.68,9.17
22.49,12.52
19.94,5.57
22.76,6.09
23.99,7.67
26.92,11.79
22.28,1.43
13.71,0.56
20.41,1.61
20.11,2.68
23.69,4.78
10.45,1.76
15.41,0.94
17.75,1.52
22.2,4.22
24.17,9.99
21.67,10.38
16.4,2.68
18.82,3.11
19.47,7.4
14.85,9.18
18.19,10.17
18.35,3.64
20.02,4.46
16.13,9.31
13.17,10.02
10.48,-2.47
8.48,-2.88
10.82,-2.44
12.04,-1.6
15.6,2.65
10.97,-1.5
12.52,-0.73
5.92,-6.7
2.36,-6.93
8.52,-2.81
17.6,3.84
12.29,-9.42
-5.1,-13.19
-0.35,-11.88
5.9,-5.61
6.5,-5.53
7.82,-4.36
8.81,-3.76
5.47,-0.81
7.83,-1.21
8.48,3.18
12.35,4.46
7.18,-1.67
3.75,-0.41
9.76,0.17
14.48,2.01
14.62,4.99
13.35,1.52
3.39,1.33
6.0,2.38
13.58,3.01
9.26,0.86
2.59,-0.78
3.87,-0.74
10.09,-2.79
10.88,-3.18
9.44,-4.97
7.29,-4.88
13.18,-1.4
13.52,-2.22
-1.8,-8.11
2.67,-7.49
6.44,-5.25
8.02,0.99
6.31,-1.2
1.65,-1.5
0.88,-1.22
2.08,-6.07
-1.06,-10.71
3.85,-9.21
7.56,-6.28
11.53,-4.06
12.55,-3.76
14.77,-2.5
15.77,-2.21
18.51,-1.0
17.53,7.81
14.67,5.99
15.64,6.42
16.27,5.11
5.31,1.19
2.69,-0.04
8.99,-0.36
10.46,5.71
10.62,3.59
3.7,-2.22
8.88,-2.48
8.56,-2.67
8.89,-2.3
4.16,-3.19
13.96,-2.64
17.18,9.47
18.27,2.21
5.44,1.21
7.66,1.34
9.62,-0.39
12.84,0.69
4.43,-5.17
2.29,-4.9
10.58,-8.38
-7.67,-10.26
-2.94,-8.84
-0.03,-9.26
3.68,-8.58
8.4,-0.1
7.69,1.21
1.68,-0.63
6.85,-3.24
3.02,-2.75
1.59,-0.06
2.04,-0.16
3.73,-0.14
3.3,-0.16
5.51,-0.07
17.66,1.13
19.8,3.97
13.98,-0.11
2.72,-0.41
0.49,-2.97
1.19,-3.1
1.94,-4.83
9.76,-3.51
6.75,0.06
5.18,-1.85
2.39,-1.25
2.69,-12.38
-4.52,-13.07
7.03,-9.54
9.95,-2.16
11.68,-0.43
10.14,-3.9
6.28,-4.16
0.85,-9.77
3.24,-9.6
9.59,-6.7
13.21,0.65
6.75,4.29
7.23,1.6
2.81,-3.91
1.83,-4.28
2.3,-7.3
3.62,-6.99
16.82,-3.28
12.14,8.56
14.4,0.23
16.01,-1.29
15.43,-0.67
2.54,-4.5
10.32,-4.57
18.19,-0.29
17.85,8.81
13.39,5.5
10.7,3.62
16.58,4.23
11.06,1.68
5.75,0.98
7.17,1.02
9.01,3.36
12.02,3.0
15.43,4.56
19.8,11.54
21.57,0.25
3.21,-1.77
5.78,-1.37
11.1,2.29
11.69,2.98
17.1,3.54
20.31,6.56
23.32,12.55
25.72,15.99
18.31,7.93
16.33,4.87
7.97,4.18
11.55,0.26
16.42,2.35
20.71,6.44
21.41,7.47
14.35,7.08
21.17,8.46
26.26,13.98
27.39,7.28
12.77,0.33
10.86,0.83
16.94,5.41
16.97,9.32
9.47,0.65
8.71,-3.09
10.72,-4.05
10.07,-0.39
10.79,1.06
12.7,1.64
14.56,3.09
18.73,4.98
14.11,-0.09
21.89,3.63
13.06,9.83
19.51,7.52
19.62,6.7
15.83,1.87
19.36,5.54
24.48,13.96
18.22,7.05
9.6,6.13
19.96,6.9
27.84,13.03
22.15,6.4
20.78,7.48
9.24,4.44
15.44,2.78
19.57,7.1
12.35,-2.19
13.02,0.57
17.93,3.15
10.1,1.59
15.9,4.49
14.3,8.14
27.34,13.76
23.44,15.87
26.51,17.2
25.68,15.99
19.79,14.19
18.29,11.71
14.3,11.38
17.85,12.79
24.91,14.27
27.92,16.97
30.14,17.47
30.79,17.76
30.07,19.05
25.95,18.79
27.27,17.54
24.43,12.89
22.96,10.64
22.07,7.45
24.94,12.24
30.94,18.29
31.4,20.15
29.17,18.13
30.6,18.36
32.54,16.01
29.04,15.77
30.65,18.73
28.91,22.52
31.4,15.03
27.08,12.78
29.28,12.6
25.8,12.88
23.98,10.9
25.15,12.8
27.41,13.79
28.38,14.34
28.68,16.11
31.41,17.15
32.44,18.04
29.31,19.01
29.67,19.59
26.05,15.92
26.92,14.2
28.81,16.85
30.82,21.12
25.56,19.88
27.21,20.92
30.34,20.24
29.53,20.02
31.73,19.62
31.68,18.31
32.36,19.48
33.61,19.86
33.7,20.47
32.55,20.25
32.81,20.77
32.82,20.51
33.3,21.17
29.82,18.65
31.22,17.33
28.09,15.84
28.4,15.53
30.52,16.59
31.65,20.07
27.07,17.74
30.91,19.44
32.65,22.41
33.35,20.86
31.66,20.8
32.12,20.32
28.81,20.85
29.59,18.43
30.18,17.45
30.83,18.53
32.96,21.51
31.83,20.24
29.95,17.52
31.08,19.83
22.82,19.45
25.95,19.53
27.17,17.36
26.62,17.49
27.15,16.78
24.77,12.14
23.98,13.31
25.64,14.19
26.68,13.19
28.44,15.67
30.83,18.27
29.33,19.24
28.73,19.38
28.58,19.85
29.9,20.04
27.17,18.8
30.1,18.63
28.22,16.02
29.37,17.11
23.87,13.58
25.38,12.59
26.6,14.05
27.61,16.61
27.62,18.0
28.78,18.58
30.82,19.77
32.03,19.94
31.06,21.28
28.03,22.37
28.36,20.61
29.05,13.6
26.11,15.64
26.6,17.58
27.63,19.84
27.45,20.06
28.86,15.38
25.93,9.43
27.08,11.38
26.84,15.75
29.56,17.0
30.62,16.3
30.88,16.65
29.7,18.21
23.16,17.19
28.72,17.61
27.48,13.97
25.9,11.1
23.06,8.66
25.93,9.14
27.31,10.63
19.85,5.9
20.55,4.53
23.01,5.5
23.78,6.34
24.3,8.23
22.85,10.05
24.75,10.58
26.16,11.65
24.85,13.64
26.36,13.96
18.7,6.37
18.0,6.55
24.11,5.18
19.85,2.54
17.01,3.9
18.61,7.01
16.73,0.33
17.54,1.54
22.89,5.07
29.03,6.67
25.88,7.38
27.86,9.18
23.65,15.91
25.65,16.21
24.68,4.66
20.88,4.69
25.5,6.43
16.83,-0.05
14.5,-1.16
17.01,0.75
16.03,9.22
11.99,7.73
16.71,8.57
20.32,12.17
27.31,13.05
25.3,6.54
12.39,5.76
11.0,6.24
9.37,7.06
10.76,7.13
11.91,8.55
10.65,4.37
9.93,-1.05
14.68,0.3
10.73,-3.13
9.8,-2.55
18.48,0.55
22.11,5.35
19.73,3.77
21.5,3.43
23.42,3.89
26.7,8.82
26.13,10.55
25.44,11.63
12.78,-0.17
12.96,-0.23
13.21,-2.27
17.0,-0.21
13.66,1.59
13.28,0.97
6.31,-2.33
9.95,-1.93
18.51,5.6
17.69,8.8
9.88,6.45
9.29,1.52
9.32,1.56
10.54,4.28
14.6,7.83
10.53,7.36
12.64,-0.31
9.72,-2.67
11.95,-2.33
2.68,-2.03
0.92,-6.22
6.72,-5.97
6.83,-3.82
7.26,-2.66
6.85,-4.25
3.35,-3.88
0.93,-1.79
2.55,-1.03
13.45,-1.91
16.13,-1.84
17.78,4.3
16.3,3.67
5.66,2.0
2.18,-6.49
1.67,-6.02
1.06,-1.66
0.22,-5.65
3.65,-5.85
5.32,0.06
6.73,0.26
9.1,0.31
7.54,-0.84
13.28,-1.5
-1.8,-11.11
-7.67,-11.75
3.55,-9.85
11.67,-1.81
2.35,-3.49
5.27,-4.23
11.07,-2.39
0.18,-2.53
9.9,0.34
3.53,1.21
2.45,-2.17
7.77,-2.0
1.79,-0.25
2.82,-0.7
3.73,-0.68
0.42,-2.01
0.37,-7.4
0.19,-7.13
-1.6,-4.63
3.11,-4.09
8.25,-2.12
9.05,-0.31
6.12,-1.47
1.48,-1.36
1.37,-1.56
2.08,-2.19
6.82,-2.82
3.05,-2.83
10.56,-2.16
2.78,-9.99
1.89,-9.86
1.12,-1.53
3.15,-0.56
7.05,-0.71
0.51,-8.46
-0.69,-10.88
1.51,-10.7
3.29,-3.65
5.06,-2.59
-1.01,-6.3
0.99,-6.65
2.61,-5.7
3.78,-4.14
2.94,-6.34
1.79,-11.45
-5.29,-12.36
1.16,-8.73
-1.16,-6.12
-4.56,-7.48
-3.32,-7.54
-1.4,-6.55
-2.25,-9.32
-3.58,-9.93
-6.81,-11.7
-6.54,-17.16
-4.16,-16.07
-1.3,-11.23
-2.16,-14.73
0.74,-11.34
7.98,-8.66
4.73,0.95
12.76,-0.06
16.78,-2.53
8.47,-2.4
7.93,-0.55
13.45,6.33
16.58,2.1
8.04,-4.73
7.32,-4.69
17.23,-2.34
11.71,-4.22
8.7,-4.63
9.05,-4.15
11.06,-3.7
18.65,-1.32
19.32,1.0
20.97,8.91
18.31,6.88
15.91,4.58
12.6,-0.47
10.98,0.88
5.02,0.97
14.29,2.97
17.06,5.67
15.44,-0.18
10.68,-2.09
16.15,-1.88
19.34,1.31
19.9,4.28
20.05,9.03
22.72,6.6
17.76,7.89
13.8,4.12
23.3,6.16
10.95,-1.78
15.16,-0.16
23.03,5.4
11.33,-1.76
4.59,-5.45
9.39,-3.98
18.13,0.69
23.89,5.37
25.09,7.43
25.83,9.16
27.43,12.7
21.24,10.7
27.01,11.44
18.39,8.89
11.65,8.12
20.46,7.76
19.41,8.87
17.27,3.03
13.44,0.34
16.92,2.45
14.17,1.33
18.03,2.98
20.12,2.73
17.33,-1.31
8.18,-1.48
12.76,-0.22
16.22,3.66
12.02,6.37
17.5,3.14
24.27,6.99
28.0,16.57
26.38,17.32
20.66,9.61
21.55,1.62
22.82,4.85
25.14,13.46
22.52,15.34
20.81,9.02
16.76,3.21
17.4,4.18
17.45,1.95
15.27,4.67
16.4,1.91
16.34,4.61
15.95,3.68
17.16,2.91
19.53,3.91
21.42,5.06
22.44,10.63
21.33,12.71
20.89,13.73
25.51,14.27
27.06,15.12
28.93,14.74
28.75,13.43
29.47,14.7
29.93,15.92
31.03,16.05
31.02,18.27
25.37,17.02
27.4,17.74
21.9,7.89
14.72,4.51
19.39,6.85
23.31,10.2
23.82,14.37
18.61,16.01
22.43,14.13
29.45,14.53
29.19,16.63
27.94,19.3
27.53,20.24
25.3,20.58
25.35,20.72
27.14,20.27
30.58,19.45
33.0,19.93
31.33,14.85
31.01,13.64
27.24,13.15
26.98,13.09
29.49,15.5
32.25,18.41
28.14,18.16
30.55,22.16
27.55,12.42
22.09,10.52
25.09,12.56
27.79,18.72
27.32,21.97
29.72,21.73
31.34,20.8
32.35,21.06
33.8,21.33
28.64,20.28
26.12,15.03
24.31,13.35
25.88,14.79
30.07,18.61
31.32,19.69
31.76,19.49
30.86,20.84
27.43,16.19
23.83,16.04
25.64,17.48
25.91,20.05
28.01,20.82
27.29,18.97
28.95,20.15
30.86,20.46
28.25,20.49
27.07,19.19
27.46,17.14
28.12,17.35
28.82,17.33
27.22,16.33
27.57,16.22
28.89,17.08
30.25,19.1
30.63,20.88
31.61,17.13
31.02,18.09
30.81,19.96
30.92,20.3
27.86,17.56
22.82,13.82
27.05,12.47
25.75,13.32
27.08,13.48
27.66,14.95
29.11,16.37
28.4,18.46
30.04,18.65
30.79,19.48
25.91,21.49
32.1,22.8
32.39,23.69
33.62,21.11
30.32,20.47
28.25,18.62
24.79,18.23
27.56,19.17
29.0,19.33
30.76,20.42
29.96,19.01
30.87,19.05
31.23,18.91
32.51,19.69
32.9,20.15
33.33,21.07
30.46,20.07
33.29,20.19
33.23,20.24
32.84,21.32
32.18,21.03
25.58,20.07
25.99,18.5
26.56,13.16
26.27,13.11
26.05,14.42
25.91,17.56
26.52,12.69
28.72,13.9
28.94,16.84
27.45,12.07
25.2,11.34
26.14,12.25
27.67,15.14
29.63,18.01
30.06,18.49
30.63,19.4
24.94,14.82
27.86,15.7
31.01,17.02
31.95,17.85
30.04,19.01
22.74,18.46
24.14,13.94
15.11,9.95
19.1,6.58
23.19,8.11
21.37,7.12
24.23,8.91
29.03,14.6
29.05,14.56
29.33,13.93
27.13,12.23
26.61,12.23
24.36,14.73
23.61,16.47
22.91,14.58
25.95,15.49
24.76,16.89
24.8,15.82
25.97,14.57
28.19,14.82
28.72,17.78
27.58,17.88
20.73,11.54
25.22,12.32
27.78,18.57
24.39,9.87
16.82,4.69
20.07,4.27
21.73,4.82
21.83,6.12
22.85,6.98
21.4,9.77
12.39,7.42
15.52,7.73
22.84,12.33
16.49,8.33
14.37,1.3
15.15,1.49
12.67,8.56
16.0,10.61
13.13,9.15
17.24,2.37
12.49,2.1
9.68,-2.84
9.94,-2.74
10.81,-2.87
11.96,-2.72
14.53,-1.78
17.77,-0.89
21.18,1.87
17.5,3.08
20.61,5.86
17.04,2.96
10.79,1.44
4.27,0.55
4.96,-2.68
4.95,-2.21
16.29,-0.46
19.0,4.19
8.4,-3.79
5.82,-4.29
11.79,-1.47
7.87,-1.61
4.74,-6.7
5.91,-6.8
12.86,-0.96
8.91,-3.8
1.62,-4.25
9.18,-0.25
7.99,-5.97
7.21,-6.34
12.79,-0.84
11.24,2.94
18.19,1.44
17.0,1.54
12.91,0.22
16.81,1.69
6.15,-6.02
-1.85,-5.75
5.35,-5.49
14.31,-1.47
18.84,9.07
17.09,-2.57
9.22,-3.12
12.12,-2.01
14.34,-1.64
18.11,11.76
16.4,-1.35
8.11,-1.2
11.49,-1.76
1.97,-5.55
6.68,-5.58
7.41,-5.22
2.75,-5.77
11.4,-3.93
17.54,8.96
20.36,6.89
15.3,5.74
20.44,5.35
11.35,4.31
9.36,5.58
9.04,5.48
17.4,8.46
14.14,2.28
1.83,-5.76
1.09,-6.98
6.05,-6.45
6.25,-9.04
-6.85,-12.83
-6.94,-13.21
6.12,-11.0
6.41,-8.63
0.03,-10.95
1.63,-10.68
10.0,-1.51
8.14,-2.0
1.78,-3.32
0.19,-6.68
1.19,-6.86
-2.06,-4.29
6.09,-4.6
9.66,-6.93
-3.51,-8.61
-2.87,-13.54
0.42,-13.41
2.61,-8.49
4.68,-7.44
-1.67,-15.12
-4.38,-15.66
1.76,-9.85
-1.15,-17.45
-3.06,-17.35
5.17,-7.83
5.39,-6.81
16.04,-0.44
7.67,-1.3
-1.23,-7.15
-4.4,-11.71
-4.88,-12.64
3.44,-10.31
1.98,-10.07
8.38,-8.46
11.04,-1.24
6.44,-2.73
12.18,-1.94
-1.32,-8.05
-2.22,-9.76
0.44,-9.57
12.13,-7.36
16.8,7.87
12.73,-5.13
1.8,-5.91
0.44,-6.67
14.93,-4.44
17.67,3.87
16.54,-2.16
-1.24,-2.86
2.44,-1.8
-0.27,-3.95
3.18,-5.79
9.68,-5.6
11.63,-3.8
19.26,1.79
20.81,2.05
8.22,-1.18
13.04,-1.07
23.87,7.36
21.36,11.31
14.66,0.38
4.86,0.37
9.69,-1.52
11.49,-1.22
7.63,-8.41
-2.2,-8.67
11.4,-3.77
18.1,2.85
19.89,2.55
21.99,2.95
22.67,5.01
17.54,8.35
9.04,2.18
17.61,1.85
21.64,3.74
18.78,9.35
19.89,6.54
11.76,4.69
7.33,2.44
4.8,-2.38
6.1,-6.16
6.69,-5.03
8.95,0.3
26.47,8.02
8.68,1.12
6.7,-3.09
12.65,-1.25
15.65,1.76
16.25,5.19
13.6,6.05
14.02,5.67
11.74,1.99
9.04,1.14
7.36,-2.01
18.07,0.16
17.85,10.55
21.92,11.16
20.72,4.08
16.55,3.98
21.9,7.79
17.54,1.37
10.95,1.75
7.03,0.79
11.69,1.66
19.37,6.63
18.71,7.36
26.23,10.66
29.17,15.85
28.38,18.02
19.98,3.25
14.82,1.79
18.63,4.17
18.87,7.45
22.82,11.67
25.85,13.41
22.86,6.18
22.26,9.72
25.9,10.04
15.32,10.18
16.57,12.0
22.08,9.61
17.28,7.84
21.53,9.72
25.96,12.56
29.1,17.01
30.5,12.08
29.93,14.42
29.29,14.83
29.54,13.6
30.24,12.95
25.28,10.64
27.78,13.08
22.55,14.75
27.66,15.88
30.52,20.31
28.9,16.82
19.96,10.6
18.68,9.83
24.0,11.61
28.66,18.14
22.35,14.05
19.97,11.0
22.74,12.16
27.51,14.9
30.67,17.52
30.93,18.26
30.69,19.03
24.21,12.44
26.83,11.4
28.12,12.59
28.25,15.42
27.12,18.29
27.13,16.05
28.04,13.97
25.15,13.74
22.17,14.36
25.53,15.17
29.09,19.66
33.24,23.54
34.21,23.11
33.69,23.16
33.09,24.07
30.33,15.42
25.97,10.87
26.32,11.88
30.29,13.18
33.34,17.68
34.17,15.8
29.96,14.35
30.7,15.06
30.56,17.57
28.7,14.47
26.43,10.18
26.02,9.87
29.34,13.64
32.68,20.41
32.71,20.77
30.28,19.24
30.61,17.27
32.46,21.23
35.45,23.54
34.16,22.43
27.63,21.68
25.17,20.26
26.37,15.85
29.47,16.64
30.4,19.7
30.38,16.74
30.05,17.79
29.21,15.81
28.83,19.92
31.34,21.27
24.34,20.8
28.51,19.04
30.63,20.83
33.16,20.06
31.3,19.41
32.63,20.47
31.04,22.55
31.83,22.17
26.95,19.91
25.32,19.19
28.44,20.86
30.25,20.7
27.02,14.76
27.35,17.28
26.51,18.65
29.32,19.6
27.86,18.73
32.31,21.12
28.11,20.98
28.34,21.51
30.72,20.63
31.59,21.29
31.74,21.71
29.22,21.35
27.47,15.89
28.63,15.12
25.16,12.99
26.93,15.51
25.94,18.2
26.49,15.36
27.4,15.35
27.47,14.81
28.75,14.74
29.63,16.58
28.97,18.22
26.76,17.45
26.48,15.49
27.6,13.85
28.9,14.49
29.21,16.3
29.35,17.29
29.64,18.39
32.41,20.77
31.56,20.05
28.62,13.69
27.36,13.7
29.45,15.31
29.88,18.01
24.48,18.81
26.94,19.61
27.61,20.08
25.99,15.98
26.4,13.17
26.1,13.48
28.87,15.93
28.54,18.47
25.84,13.83
21.81,12.44
21.08,12.63
26.63,12.95
27.92,12.85
28.23,13.73
28.64,13.91
29.06,16.23
28.23,15.44
30.83,16.31
34.23,16.67
21.44,6.4
19.8,7.85
24.9,12.34
23.4,10.33
20.47,5.2
19.16,3.98
16.3,4.83
19.83,5.57
21.77,6.38
23.24,7.22
21.78,6.52
21.25,3.08
22.28,3.34
24.65,5.28
23.89,7.88
16.23,0.38
14.78,-0.21
18.0,2.07
23.01,4.94
23.82,7.26
24.05,6.34
17.81,1.11
19.6,2.16
17.29,2.96
22.2,4.6
9.62,1.13
6.67,0.06
12.16,-2.05
14.72,-0.35
22.4,5.44
24.89,10.2
25.27,9.04
25.11,10.06
23.05,8.0
12.02,-0.15
14.62,1.09
19.37,2.93
20.85,4.19
16.34,9.02
17.54,12.52
19.99,7.05
17.82,6.07
22.67,6.05
24.29,10.94
21.77,7.77
21.63,5.17
19.23,5.87
17.11,4.23
23.32,4.47
22.38,7.31
16.98,-0.51
0.06,-1.85
3.62,-1.89
6.47,-1.81
5.33,1.43
2.8,-1.94
-0.02,-3.23
1.21,-7.93
2.07,-8.42
1.53,-8.25
9.22,-5.53
13.8,-4.63
15.42,-3.68
17.21,-2.06
12.27,-3.63
12.74,-3.45
12.35,5.36
7.74,4.73
15.8,0.96
3.33,-6.59
4.13,-7.04
13.65,1.46
11.45,-6.66
5.62,-6.96
7.94,-4.24
10.87,6.18
10.06,4.95
7.24,4.41
9.14,4.56
7.85,4.28
7.68,2.37
7.25,-0.91
7.73,-0.92
12.53,4.87
6.99,1.05
4.57,-0.87
0.91,-4.53
1.1,-8.08
0.73,-7.9
7.41,-6.22
6.32,-5.77
6.69,-22.28
-16.65,-22.57
-9.0,-16.92
-6.88,-14.39
-3.3,-9.05
-0.33,-4.85
9.68,-3.67
14.26,8.42
15.87,8.53
