20170101
7.6,-1.96
12.39,5.86
12.91,-3.65
-1.63,-7.2
-5.87,-14.53
-9.73,-16.21
-8.59,-16.86
-5.65,-15.51
4.37,-6.6
12.53,-1.66
17.96,-0.21
18.56,-1.3
1.47,-0.98
2.56,0.22
3.52,0.22
14.9,3.53
15.47,2.88
4.81,1.53
10.4,2.29
14.93,7.34
18.16,5.63
15.9,6.39
8.66,3.77
6.97,1.6
14.82,1.59
2.46,-1.22
1.73,-4.03
1.47,-3.82
-0.28,-6.82
6.82,-7.46
7.84,2.96
6.0,-2.31
2.01,-5.46
-0.65,-11.83
4.61,-11.86
10.84,-2.65
15.83,-1.56
15.84,2.64
5.45,-4.47
-2.67,-9.54
12.06,-4.79
18.46,9.01
15.6,-2.89
9.38,-3.03
11.48,1.54
7.01,-2.47
8.77,-0.37
19.66,3.5
17.54,5.48
15.9,1.64
19.66,3.33
18.3,8.6
20.04,11.77
20.65,13.24
24.71,2.7
1.95,-6.53
8.44,-5.79
10.35,4.36
17.96,8.2
15.62,0.91
7.11,-1.79
3.79,-2.93
9.72,-1.61
19.36,-0.46
17.06,9.26
13.52,5.03
16.06,2.14
21.35,0.64
6.34,-4.03
2.67,-6.38
3.68,-5.64
3.32,-4.52
0.29,-7.05
1.52,-8.11
6.16,-6.61
8.77,0.82
5.98,-0.65
10.37,0.78
16.56,4.22
16.78,-0.83
6.49,-1.91
15.38,-1.16
23.92,12.97
25.03,13.47
18.7,6.77
20.46,8.04
15.42,8.54
16.51,8.01
24.94,11.19
12.98,4.55
10.24,2.4
18.8,4.48
20.94,12.16
19.7,8.23
23.52,5.15
8.63,1.48
13.36,-0.56
18.51,2.72
25.53,9.89
26.2,14.92
19.43,5.37
20.8,6.89
26.22,8.58
28.29,12.43
28.22,16.77
27.07,12.71
21.56,9.41
25.49,12.41
27.77,16.73
27.69,9.89
16.04,7.41
13.09,5.28
19.44,6.41
24.18,9.37
24.6,12.31
28.79,15.42
18.22,7.24
20.91,9.51
26.76,15.36
25.76,13.04
17.32,7.72
18.8,4.37
13.02,7.26
14.01,7.35
10.48,4.41
16.68,3.36
17.37,0.7
18.53,5.2
19.24,10.92
28.9,13.44
20.4,11.65
19.1,7.01
23.62,10.63
27.75,13.23
28.38,14.01
29.54,17.33
28.67,20.8
28.65,18.33
28.15,15.38
27.25,15.16
25.25,8.69
22.09,9.56
23.73,13.5
18.31,13.21
17.82,10.4
26.33,14.59
28.4,16.8
23.75,14.93
27.78,13.52
26.57,12.41
26.91,10.34
26.6,10.27
28.84,12.12
30.81,14.4
30.83,18.77
29.89,14.86
25.15,11.76
20.1,10.15
24.37,10.79
28.27,14.28
29.5,16.44
31.07,18.51
32.65,21.17
29.67,19.16
29.86,19.11
27.78,18.3
30.74,18.58
30.91,20.85
28.01,16.55
27.11,14.91
28.95,17.34
31.69,20.28
27.87,20.98
24.77,16.42
25.51,11.46
25.43,11.16
23.63,10.32
23.59,10.78
27.19,16.15
30.82,20.72
28.96,19.6
28.76,16.77
29.78,16.76
30.75,18.89
29.81,19.05
29.13,20.53
25.93,18.5
30.81,16.8
27.63,13.77
28.77,17.49
29.5,21.76
26.67,19.84
32.03,21.98
30.37,21.79
29.26,15.04
28.03,15.86
29.78,17.43
30.65,19.38
31.49,18.04
31.07,19.74
32.32,22.13
33.17,22.83
33.03,21.2
29.37,19.36
29.22,16.29
27.43,15.81
29.96,18.1
28.69,22.27
28.11,15.46
25.91,12.99
28.3,15.27
29.76,17.52
28.74,17.7
29.11,16.96
29.79,19.1
24.0,10.91
25.12,13.58
22.19,16.87
24.86,14.07
26.6,11.2
27.49,13.48
28.94,15.54
27.48,16.9
26.98,13.45
27.97,15.81
27.68,17.28
30.48,18.39
31.72,20.76
30.73,20.56
29.13,18.31
31.08,18.42
31.85,19.2
31.8,21.0
28.34,14.88
26.27,11.21
25.88,11.74
25.26,10.98
25.75,11.87
27.61,14.05
26.36,16.35
25.99,14.53
27.6,15.58
27.29,14.99
15.89,12.55
20.71,12.45
27.35,13.35
30.38,15.89
22.71,8.75
19.77,8.02
20.8,8.14
24.79,9.57
23.16,8.56
22.92,8.58
22.47,9.29
20.92,14.35
18.24,15.85
22.55,12.63
27.34,13.01
28.82,15.23
29.9,16.88
27.82,19.29
26.79,17.73
30.24,18.28
32.32,19.04
32.32,17.63
32.18,16.69
32.45,15.2
31.66,15.38
31.96,17.06
29.31,12.1
23.06,8.06
25.11,7.64
23.07,6.02
23.62,6.97
26.52,10.87
28.76,13.9
26.47,17.13
22.95,17.03
26.84,17.56
28.38,13.75
20.07,14.63
22.27,15.35
22.19,16.1
19.14,14.03
17.86,12.21
23.15,11.66
28.32,14.37
23.19,7.35
17.08,3.26
19.95,3.56
21.03,4.9
23.98,7.14
25.22,7.64
24.11,9.93
25.57,13.36
17.39,7.87
11.18,5.29
11.16,-0.06
17.01,0.2
14.31,2.02
4.39,1.5
4.01,-1.03
7.73,-0.16
7.61,0.01
15.29,2.35
19.97,12.6
15.94,6.56
18.84,8.67
23.51,9.24
12.31,6.59
9.2,4.4
11.53,-0.64
13.38,-1.89
2.76,-4.31
6.48,-3.71
8.86,1.95
7.11,1.17
11.44,0.52
9.91,0.71
4.09,-0.41
15.4,1.06
18.15,2.31
3.6,-3.88
9.71,-3.54
13.44,-2.89
4.89,-4.79
8.19,-2.91
14.0,-1.56
15.13,-2.38
12.23,-2.67
17.38,0.39
17.62,4.28
14.9,2.88
12.31,-2.66
12.07,-2.76
13.04,-2.02
14.85,-1.61
18.2,3.35
9.28,-2.48
7.12,-2.52
-0.26,-8.4
0.03,-9.05
-0.57,-6.83
2.94,-6.82
8.48,-4.79
-0.22,-8.21
7.42,-6.12
-0.47,-6.9
1.04,-5.08
10.57,-0.73
7.19,2.56
7.79,4.9
9.59,1.47
9.04,-2.26
12.77,-2.0
12.22,2.74
3.31,-1.22
1.19,-6.39
-2.34,-8.29
-5.78,-16.55
-9.25,-16.99
-5.59,-12.86
-3.88,-7.59
-6.3,-15.27
-9.51,-18.93
-12.44,-21.84
-8.18,-21.82
-4.07,-17.32
-7.41,-18.23
-8.59,-20.08
-6.93,-20.08
2.93,-10.34
3.11,-0.21
5.24,-0.52
14.65,4.01
14.67,-1.26
-0.27,-10.18
-5.17,-15.84
-5.75,-16.06
-2.28,-15.87
-11.97,-17.55
-5.9,-14.11
0.45,-12.28
4.3,-7.07
8.95,0.27
12.46,6.27
13.4,2.53
3.61,-0.94
-0.19,-5.98
8.07,-5.44
14.33,-0.1
9.98,-2.41
11.49,-3.26
1.36,-5.1
0.83,-5.76
11.53,-1.0
6.32,-11.04
-4.22,-11.8
4.4,-6.62
3.34,-10.28
-2.36,-10.49
-0.09,-3.92
-0.49,-8.64
0.15,-8.15
10.35,-1.45
5.21,-0.72
1.47,-6.34
4.21,-6.79
6.98,-4.94
14.95,5.5
19.82,8.63
7.36,-1.79
2.39,-1.38
12.36,-1.25
23.01,12.61
25.33,11.64
11.38,3.47
10.78,3.84
16.17,7.64
15.0,6.91
9.16,-1.06
13.1,-1.25
16.44,0.17
13.29,9.23
14.18,-0.12
9.31,-3.26
10.26,-2.58
10.84,-1.33
8.83,-0.28
13.86,-0.55
3.94,-2.31
-0.17,-4.84
6.68,-4.07
10.57,-1.18
6.86,-2.03
5.28,-4.31
4.78,-5.3
5.23,-4.74
14.32,-3.2
8.24,-2.64
6.55,-1.95
14.69,-0.57
16.97,-0.18
2.31,-2.11
4.17,-4.7
8.07,-4.09
10.53,-1.99
1.92,-2.38
8.13,-2.01
14.77,3.37
13.12,10.07
14.2,10.43
14.68,5.09
9.25,-0.12
15.63,1.45
9.34,-0.57
9.37,-0.29
23.25,1.23
2.84,-3.7
10.68,-1.94
14.85,-2.26
6.03,-4.75
6.28,-2.0
5.76,-1.5
7.08,-2.0
18.25,0.44
26.63,13.61
26.94,15.82
20.4,11.65
12.38,0.77
2.13,-0.5
10.23,0.68
22.2,1.76
12.9,-0.65
16.36,1.5
17.88,5.66
19.4,8.77
14.62,9.75
13.51,10.74
19.27,4.3
20.26,4.25
21.57,6.2
14.11,0.0
16.96,0.76
23.09,4.76
27.51,13.74
28.76,18.6
25.74,17.52
26.44,13.42
19.42,11.63
27.1,9.9
22.93,7.5
25.77,9.56
28.38,15.44
28.42,14.44
30.13,17.69
29.31,16.7
31.06,17.88
32.25,20.19
31.33,18.68
25.38,16.22
28.01,17.3
23.47,18.1
25.45,16.95
30.36,17.85
29.6,18.45
29.35,14.55
27.26,13.46
28.2,13.29
30.47,17.78
29.82,18.33
32.35,18.59
32.9,19.94
30.91,21.63
27.01,20.39
29.03,19.49
29.15,17.85
30.2,19.38
26.92,12.34
24.72,11.65
28.56,13.43
26.0,14.53
30.75,18.04
31.76,17.58
32.41,17.51
25.55,18.09
25.72,18.52
27.27,19.72
28.84,13.83
28.62,14.76
30.95,18.0
33.55,20.66
33.92,21.58
33.2,22.46
32.78,20.88
30.55,21.49
26.24,18.71
24.97,18.25
24.65,17.54
27.97,19.68
23.69,19.66
25.02,19.33
28.51,18.26
30.34,19.4
32.02,19.85
32.64,22.19
32.5,22.34
31.94,21.63
30.83,21.78
34.0,22.46
33.55,21.33
28.03,13.36
27.38,14.22
30.97,17.28
32.39,19.43
32.63,20.46
29.52,15.4
29.25,15.47
31.66,17.12
32.9,20.22
29.08,21.23
29.93,19.77
30.47,14.68
29.75,15.18
29.89,17.63
27.5,18.11
24.53,19.02
26.52,16.67
25.61,16.51
28.03,16.9
29.93,16.88
29.34,16.39
26.53,14.04
26.97,14.85
27.21,17.72
24.53,18.75
24.23,17.52
26.48,16.1
28.64,16.66
29.92,19.36
31.59,19.76
32.21,20.18
31.88,20.27
29.78,20.58
29.42,17.99
29.2,18.85
30.15,19.72
29.49,16.74
29.57,16.76
29.2,16.68
30.19,19.02
25.4,19.78
26.68,20.54
27.23,19.99
28.52,18.45
29.63,19.14
28.38,19.85
26.99,17.43
24.8,11.55
26.08,12.44
24.45,14.06
27.67,20.34
32.07,21.84
31.98,21.67
32.39,21.72
30.81,19.24
28.27,17.27
30.54,18.31
29.11,19.67
31.74,20.9
32.92,21.05
33.39,20.71
32.7,20.98
31.02,20.5
26.97,18.3
18.88,14.6
16.06,13.31
19.1,12.84
22.5,13.53
23.3,15.26
29.58,16.47
30.92,17.49
31.07,19.33
29.71,20.24
29.52,18.56
32.37,18.73
32.36,19.52
32.87,20.59
30.75,14.83
16.77,12.92
24.28,13.25
21.34,16.82
25.26,19.2
21.6,11.22
16.19,7.46
22.84,8.36
22.14,9.67
27.09,12.02
29.3,15.11
29.78,19.32
30.56,19.81
26.58,17.71
30.73,18.41
31.24,17.9
31.49,18.55
31.17,19.78
30.52,19.21
24.75,11.96
16.2,2.24
12.19,2.81
12.16,3.89
13.11,7.28
12.35,1.46
12.04,1.59
16.26,-0.31
14.36,-0.24
13.95,1.17
16.99,-1.67
11.68,-1.29
19.08,1.81
17.14,1.0
14.03,1.5
13.98,3.68
9.19,6.25
11.47,3.98
18.28,3.37
16.4,2.49
20.66,5.12
18.38,8.72
10.73,5.11
7.87,0.55
13.34,0.5
16.2,7.09
15.83,9.47
15.47,3.4
12.37,-1.21
6.08,-0.46
6.56,-6.07
2.55,-6.97
6.66,-5.88
6.89,-0.3
2.22,-5.77
0.53,-5.89
1.2,-1.38
3.71,-0.86
7.26,1.0
10.73,0.93
5.28,2.1
3.39,-2.51
7.98,-3.23
9.64,-2.72
11.2,-1.19
12.87,0.55
14.59,0.47
2.21,-5.06
-3.82,-7.01
0.52,-7.55
5.57,-0.82
10.12,4.73
14.26,7.28
17.4,3.81
4.49,0.32
1.21,-2.12
-0.4,-3.69
4.91,-6.59
2.99,-7.3
-2.49,-6.21
4.19,-8.16
0.94,-9.52
7.24,-7.75
10.35,0.52
9.41,3.2
10.69,5.52
8.29,3.14
9.16,-0.62
9.05,-3.61
7.41,-3.94
11.9,-1.91
8.55,4.98
6.25,-0.51
4.24,-1.66
2.59,-3.05
6.63,-3.12
7.91,-4.32
8.93,-3.87
13.37,4.01
14.14,-0.11
2.03,-2.77
6.33,-2.96
16.75,4.53
5.54,2.98
4.84,0.28
4.35,-1.68
10.36,-0.45
11.91,-0.75
11.6,-0.62
14.33,6.8
16.17,-2.01
-1.27,-6.35
-1.88,-6.72
0.86,-6.39
0.83,-2.09
0.13,-3.53
-0.29,-9.19
0.76,-5.76
1.76,0.05
4.31,0.78
2.05,0.11
2.98,-10.66
-7.81,-18.28
-7.27,-18.21
6.9,-8.68
10.35,-4.38
-0.57,-12.18
-3.38,-12.39
2.0,-3.82
-0.82,-6.74
8.78,-9.7
-6.11,-17.4
-15.65,-21.45
-7.74,-19.98
0.46,-7.92
9.31,-3.05
18.14,2.41
13.52,3.44
11.54,3.51
14.34,9.38
16.95,-6.82
-2.83,-10.22
-0.65,-9.98
2.14,-3.99
9.08,1.6
11.31,-3.82
3.29,-3.86
13.16,1.28
1.88,-4.32
2.46,-4.9
0.31,-2.29
0.24,-5.93
2.03,-6.0
8.21,-1.27
7.6,-1.66
5.91,0.64
14.89,4.01
7.53,-5.33
4.45,-5.64
10.23,-3.15
14.15,-1.75
1.68,-1.07
4.15,-0.95
5.11,-0.16
0.12,-10.56
-6.5,-13.47
-4.2,-12.81
-0.94,-10.82
2.25,-4.51
3.27,-0.68
15.2,1.3
9.35,0.11
10.68,-3.06
10.66,-2.8
21.21,6.11
21.7,6.46
7.03,-0.98
8.69,-3.36
11.31,-3.65
9.16,-3.67
10.52,-2.51
13.21,1.13
7.86,1.82
10.52,-3.44
13.76,-2.52
14.85,5.18
9.05,-2.4
9.26,-2.84
15.35,-1.36
21.96,4.98
16.3,11.05
15.29,-1.81
3.11,-4.91
8.1,-3.44
14.89,-0.31
16.41,3.35
21.15,8.6
15.4,8.95
20.41,9.48
20.84,12.29
22.9,10.05
21.16,5.46
20.85,7.53
27.15,9.93
19.47,4.89
19.31,6.3
22.68,1.95
12.14,2.1
24.74,6.94
24.3,12.95
23.29,6.29
8.37,2.76
6.56,2.5
20.3,4.49
24.77,9.87
24.67,9.47
20.03,10.09
20.29,9.23
17.86,4.95
16.54,5.74
12.45,5.55
25.01,7.84
25.63,12.66
26.75,14.1
23.02,15.47
21.83,14.38
15.92,10.19
21.57,7.65
24.79,9.38
25.95,11.59
28.16,13.62
23.64,11.97
14.48,6.57
18.5,7.26
11.01,8.12
13.42,4.8
20.23,6.87
21.24,8.7
25.36,12.62
29.21,15.79
30.23,19.03
23.85,13.93
21.43,8.9
20.0,9.85
25.14,17.46
29.01,18.15
31.06,18.18
30.24,20.05
29.45,16.5
28.5,19.12
30.1,21.97
26.25,17.47
24.49,16.61
25.72,14.13
27.3,16.36
25.88,8.27
23.98,11.11
26.68,15.76
29.54,17.64
28.39,18.62
25.73,18.86
23.8,19.09
25.7,19.49
23.15,9.24
24.12,10.64
24.64,13.33
19.43,7.7
23.94,11.94
24.19,17.25
26.13,18.49
26.7,18.81
26.57,18.74
27.7,19.45
22.66,15.49
25.59,16.51
24.24,16.33
28.46,18.4
24.71,16.79
28.36,17.41
31.29,19.24
30.82,18.78
31.73,19.71
32.24,21.08
32.44,18.87
31.71,20.31
32.71,20.55
30.17,19.98
31.22,20.61
32.39,21.5
30.5,20.96
31.25,20.0
29.57,17.89
31.64,19.33
32.94,21.41
31.1,17.29
29.36,14.27
31.73,16.96
32.19,20.38
31.42,21.92
30.52,22.04
30.54,21.14
32.79,23.12
32.83,22.54
33.29,22.72
32.71,21.6
25.5,14.71
26.17,13.39
26.15,13.01
27.43,14.37
29.06,15.65
30.36,17.86
30.8,18.85
30.79,19.52
29.51,17.95
28.42,16.14
30.05,17.64
29.58,15.92
29.99,14.95
30.79,16.12
31.66,17.45
30.26,18.42
29.58,17.22
30.96,18.21
30.0,14.66
28.75,14.09
30.01,17.44
28.31,20.64
29.95,19.01
31.07,16.32
28.9,15.66
30.21,17.73
30.06,19.92
33.12,19.62
33.24,20.48
31.75,18.95
29.81,19.68
26.11,18.62
23.82,12.47
25.44,13.25
27.5,15.4
21.67,19.99
26.17,14.83
25.8,11.71
27.89,14.23
29.35,18.92
24.19,17.26
29.35,17.75
27.89,15.37
29.65,17.58
28.39,13.55
25.22,12.19
27.64,14.0
23.87,12.05
25.12,14.59
29.94,16.05
34.11,18.56
32.52,18.91
32.75,19.62
32.94,15.68
27.48,13.1
30.47,15.93
31.95,17.13
28.84,14.79
30.33,15.08
30.57,15.67
30.3,17.86
30.94,15.97
30.92,18.23
27.63,9.19
25.98,10.14
29.38,13.19
25.73,9.37
32.17,12.94
32.32,18.42
32.82,17.95
33.95,17.53
33.55,17.97
33.5,17.66
31.8,11.32
21.86,8.4
26.64,9.36
22.57,12.49
19.83,5.59
22.72,6.1
24.08,7.93
26.84,11.9
22.45,1.44
13.67,0.46
20.37,1.55
20.05,2.7
23.64,4.85
10.38,1.75
15.37,0.9
17.7,1.61
22.21,4.28
24.19,10.15
21.73,10.52
16.38,2.68
18.81,3.22
19.59,7.37
14.9,9.24
18.16,10.27
18.28,3.67
20.17,4.52
16.17,9.3
13.15,10.22
10.69,-2.41
8.47,-2.89
10.79,-2.45
11.95,-1.6
15.56,2.63
10.88,-1.66
12.53,-0.77
5.97,-6.7
2.37,-6.94
8.46,-2.9
17.55,3.85
12.52,-9.18
-5.15,-13.3
-0.4,-11.88
5.75,-5.62
6.47,-5.53
7.78,-4.48
8.89,-3.77
5.48,-0.87
8.0,-1.21
8.55,3.11
12.36,4.45
7.16,-1.62
3.74,-0.3
9.66,0.19
14.42,1.88
14.56,4.7
13.32,1.53
3.36,1.35
5.95,2.32
13.59,2.94
9.27,0.86
2.63,-0.79
3.72,-0.76
10.01,-2.86
10.76,-3.26
9.39,-5.02
7.21,-4.86
13.12,-1.5
13.5,-2.12
-1.81,-8.22
2.55,-7.53
6.37,-5.32
8.03,1.03
6.28,-1.2
1.7,-1.46
0.86,-1.22
1.97,-6.08
-1.19,-10.77
3.79,-9.27
7.58,-6.33
11.56,-4.12
12.48,-3.79
14.68,-2.59
15.61,-2.28
18.47,-1.04
17.47,7.68
14.65,6.12
15.55,6.47
16.24,5.2
5.28,1.2
2.7,0.07
8.97,-0.3
10.45,5.63
10.64,3.63
3.66,-2.16
8.8,-2.47
8.51,-2.73
8.8,-2.28
4.1,-3.13
13.95,-2.58
17.16,9.44
18.31,2.22
5.44,1.16
7.73,1.36
9.53,-0.47
12.79,0.56
4.39,-5.31
2.15,-4.97
10.5,-8.37
-7.75,-10.32
-2.93,-8.86
-0.01,-9.38
3.7,-8.68
8.38,-0.17
7.68,1.2
1.67,-0.61
6.81,-3.31
3.02,-2.87
1.55,-0.11
1.98,-0.18
3.69,-0.16
3.31,-0.19
5.5,-0.09
17.63,1.13
19.69,4.07
13.93,-0.16
2.65,-0.39
0.52,-3.0
1.13,-3.12
1.93,-4.9
9.69,-3.54
6.85,0.1
5.14,-1.88
2.4,-1.25
2.71,-12.37
-4.55,-13.09
6.96,-9.53
9.93,-2.14
11.66,-0.4
10.12,-3.96
6.23,-4.17
0.79,-9.87
3.22,-9.68
9.58,-6.8
13.23,0.59
6.75,4.24
7.39,1.65
2.85,-3.96
1.75,-4.27
2.31,-7.36
3.49,-7.06
16.68,-3.32
12.12,8.54
14.36,0.04
15.97,-1.31
15.32,-0.64
2.45,-4.44
10.25,-4.5
18.1,-0.32
17.87,8.67
13.4,5.55
10.67,3.61
16.65,4.35
11.04,1.57
5.77,0.94
7.07,1.0
8.9,3.32
11.9,2.89
15.41,4.52
19.8,11.51
21.62,0.28
3.17,-1.83
5.82,-1.5
11.02,2.25
11.68,2.97
17.09,3.51
20.31,6.59
23.23,12.53
25.75,15.98
18.28,7.97
16.29,4.77
7.99,4.21
11.52,0.21
16.32,2.45
20.57,6.33
21.55,7.53
14.33,7.1
21.07,8.5
26.19,13.94
27.27,7.35
12.78,0.36
10.81,0.9
16.87,5.35
17.03,9.55
9.58,0.67
8.67,-3.2
10.73,-4.1
10.1,-0.34
10.86,1.14
12.63,1.73
14.48,3.09
18.64,5.02
14.01,-0.2
21.74,3.62
13.02,9.85
19.4,7.4
19.62,6.68
15.64,1.79
19.25,5.7
24.39,14.01
18.25,7.08
9.57,6.18
19.88,6.98
27.79,13.01
22.14,6.33
20.75,7.45
9.21,4.42
15.32,2.63
19.51,7.14
12.22,-2.25
12.93,0.68
17.85,3.1
10.01,1.48
15.84,4.53
14.31,8.14
27.31,13.8
23.33,15.83
26.4,17.21
25.77,16.04
19.92,14.24
18.18,11.67
14.32,11.34
17.89,12.8
24.83,14.29
27.85,16.95
30.06,17.42
30.77,17.69
30.01,19.03
25.91,18.78
27.22,17.5
24.37,12.93
22.9,10.54
22.02,7.34
24.89,12.22
30.89,18.29
31.34,20.19
29.13,18.12
30.57,18.33
32.5,16.03
28.92,15.75
30.54,18.78
28.94,22.58
31.42,15.01
26.99,12.7
29.18,12.5
25.64,12.87
23.85,10.94
25.1,12.81
27.3,13.71
28.28,14.27
28.56,16.08
31.41,17.13
32.38,17.95
29.46,19.05
29.54,19.61
25.97,15.8
26.86,14.08
28.72,16.82
30.67,21.16
25.57,19.85
27.15,20.94
30.3,20.22
29.44,20.03
31.72,19.56
31.71,18.28
32.35,19.45
33.61,19.82
33.68,20.39
32.52,20.17
32.75,20.69
32.85,20.48
33.26,21.19
29.72,18.56
31.08,17.36
28.05,15.81
28.42,15.51
30.53,16.57
31.65,20.11
27.2,17.7
30.9,19.45
32.62,22.35
33.32,20.87
31.67,20.81
32.13,20.35
28.76,20.85
29.52,18.42
30.18,17.42
30.83,18.51
32.93,21.44
31.79,20.29
29.91,17.49
31.09,19.83
22.85,19.49
26.02,19.65
27.43,17.45
26.6,17.53
27.15,16.76
24.72,12.13
23.89,13.41
25.58,14.26
26.62,13.18
28.38,15.66
30.89,18.2
29.13,19.23
28.63,19.36
28.62,19.89
29.93,20.07
27.0,18.85
30.02,18.58
28.16,15.92
29.29,17.11
23.75,13.65
25.32,12.56
26.58,14.22
27.56,16.73
27.45,17.98
28.69,18.53
30.72,19.72
31.93,19.88
31.05,21.27
27.99,22.42
28.28,20.61
28.99,13.58
26.08,15.74
26.5,17.52
27.64,19.86
27.49,20.19
28.86,15.44
25.84,9.52
26.98,11.6
26.86,15.78
29.45,16.96
30.48,16.26
30.81,16.62
29.74,18.22
23.11,17.06
28.69,17.53
27.36,13.95
25.87,10.95
22.9,8.54
25.85,9.07
27.18,10.59
19.77,5.89
20.46,4.5
22.87,5.54
23.59,6.22
24.21,8.14
22.8,10.05
24.61,10.44
26.07,11.66
24.81,13.6
26.28,13.9
18.78,6.27
17.88,6.52
23.95,5.22
19.74,2.57
16.95,4.0
18.61,7.0
16.97,0.38
17.5,1.63
22.77,5.07
28.92,6.71
25.77,7.48
27.7,9.14
23.5,16.14
25.41,16.31
24.55,4.68
20.85,4.73
25.38,6.46
16.84,0.01
14.37,-1.17
16.96,0.66
15.88,9.27
12.08,7.86
16.65,8.69
20.49,12.14
27.25,13.04
25.25,6.63
12.41,5.76
11.03,6.24
9.43,7.11
10.86,7.19
12.01,8.63
10.72,4.51
9.93,-1.02
14.51,0.29
10.74,-3.01
9.78,-2.41
18.4,0.61
22.04,4.98
19.55,3.52
21.46,3.27
23.35,3.71
26.64,8.4
26.14,10.19
25.53,11.63
12.75,0.04
12.81,-0.12
13.24,-2.34
16.97,-0.32
13.69,1.66
13.13,0.88
6.18,-2.36
9.83,-1.78
18.46,5.32
17.67,8.78
9.91,6.52
9.53,1.49
9.26,1.75
10.37,4.15
14.59,7.7
10.6,7.36
12.6,-0.13
9.72,-2.66
11.95,-2.45
2.69,-1.96
0.75,-6.22
6.56,-5.9
6.71,-3.84
7.19,-2.64
6.84,-4.24
3.33,-3.99
0.81,-1.87
2.43,-1.06
13.32,-2.03
16.02,-1.96
17.73,3.96
16.36,3.67
5.64,2.04
2.21,-6.49
1.65,-5.99
1.05,-1.71
0.19,-5.62
3.69,-5.62
5.27,-0.07
6.69,0.14
8.92,0.34
7.47,-0.87
13.29,-1.53
-1.65,-11.06
-7.62,-11.76
3.45,-9.81
11.62,-2.11
2.27,-3.49
5.33,-4.26
11.07,-2.36
0.17,-2.46
9.99,0.36
3.57,1.27
2.51,-1.84
7.65,-1.71
1.78,-0.22
2.8,-0.56
3.71,-0.63
0.38,-1.9
0.46,-7.53
0.39,-7.4
-1.49,-4.6
2.88,-4.04
8.2,-2.15
9.05,-0.34
6.22,-1.47
1.52,-1.24
1.38,-1.5
1.96,-2.14
6.74,-2.64
3.05,-2.55
10.49,-2.16
2.73,-10.02
1.79,-9.83
1.05,-1.58
3.15,-0.57
7.13,-0.68
0.52,-8.39
-0.76,-10.87
1.41,-10.6
3.19,-3.86
5.09,-2.6
-1.11,-6.43
0.94,-6.79
2.45,-5.84
3.75,-4.15
2.88,-6.3
1.8,-11.34
-5.32,-12.18
1.36,-8.8
-1.2,-6.17
-4.64,-7.5
-3.41,-7.56
-1.27,-6.54
-2.25,-8.99
-3.58,-9.66
-6.74,-11.66
-6.61,-17.14
-4.27,-16.01
-1.28,-10.99
-2.21,-14.68
0.67,-11.31
7.92,-8.8
4.65,0.88
12.63,-0.19
16.8,-2.5
8.38,-2.35
8.0,-0.61
13.61,6.39
16.51,2.12
8.02,-4.78
7.32,-4.7
17.18,-2.38
11.68,-4.27
8.71,-4.6
9.03,-4.17
11.01,-3.7
18.62,-1.28
19.28,0.96
20.95,8.8
18.28,6.97
15.93,4.54
12.51,-0.51
11.05,0.9
5.01,0.96
14.22,2.95
17.05,5.69
15.29,-0.17
10.67,-2.04
16.17,-1.83
19.36,1.47
19.92,4.35
20.11,9.1
22.72,6.62
17.76,7.96
13.79,4.13
23.31,6.26
10.97,-1.81
15.14,-0.09
23.02,5.41
11.24,-1.73
4.35,-5.38
9.3,-3.87
18.01,0.68
23.71,5.31
25.04,7.36
25.73,9.02
27.49,12.63
21.17,10.71
26.97,11.48
18.38,8.97
11.69,8.18
20.4,7.66
19.46,8.88
17.22,3.11
13.25,0.21
16.85,2.57
14.02,1.12
17.95,2.97
20.1,2.72
17.52,-1.24
7.99,-1.39
12.66,-0.37
16.22,3.5
12.07,6.36
17.43,3.11
24.2,7.06
27.99,16.57
26.55,17.32
20.58,9.6
21.5,1.52
22.65,4.81
25.15,13.44
22.55,15.35
21.01,9.08
16.66,3.16
17.4,4.22
17.41,1.97
15.21,4.73
16.6,1.93
16.28,4.67
15.88,3.75
17.11,2.86
19.45,3.82
21.39,5.02
22.4,10.61
21.23,12.71
20.63,13.71
25.59,14.18
27.04,15.04
28.9,14.7
28.72,13.41
29.44,14.64
29.8,15.92
30.99,16.04
30.94,18.22
25.44,16.96
27.41,17.77
21.91,7.94
14.64,4.56
19.06,6.88
23.2,10.27
23.71,14.41
18.57,16.08
22.49,14.07
29.4,14.48
29.16,16.64
27.86,19.32
27.43,20.24
25.38,20.59
25.26,20.74
27.08,20.27
30.46,19.42
32.86,19.89
31.22,14.81
30.89,13.56
27.09,13.07
26.84,12.99
29.36,15.53
32.14,18.46
28.08,18.14
30.51,22.29
27.59,12.42
21.93,10.36
24.97,12.48
27.8,18.73
27.33,21.94
29.66,21.69
31.32,20.74
32.35,21.03
33.77,21.32
28.69,20.3
25.97,15.23
24.17,13.35
25.77,14.85
30.03,18.67
31.24,19.7
31.69,19.49
30.79,20.84
27.29,16.25
23.8,16.02
25.68,17.46
26.03,20.07
27.96,20.82
27.25,18.98
28.87,20.15
30.81,20.5
28.24,20.48
27.02,19.21
27.37,17.1
28.08,17.31
28.68,17.26
27.12,16.18
27.51,16.1
28.8,16.94
30.17,19.08
30.59,20.88
31.52,17.06
30.89,18.05
30.73,19.94
30.88,20.31
27.85,17.6
22.96,13.83
27.01,12.43
25.75,13.31
27.05,13.38
27.61,14.95
29.1,16.35
28.42,18.45
29.94,18.55
30.78,19.54
25.83,21.49
31.95,22.74
32.38,23.66
33.58,21.13
30.36,20.49
28.2,18.59
24.89,18.19
27.45,19.14
29.03,19.31
30.72,20.4
29.86,18.95
30.8,18.98
31.16,18.85
32.39,19.59
32.83,20.13
33.29,21.07
30.38,20.01
33.21,20.17
33.14,20.24
32.78,21.33
32.11,21.03
25.45,20.13
25.84,18.46
26.51,13.09
26.23,13.07
26.0,14.5
25.98,17.56
26.47,12.66
28.6,13.96
28.87,16.89
27.36,11.94
25.06,11.21
26.09,12.18
27.59,15.09
29.58,17.99
29.97,18.48
30.59,19.36
24.92,14.77
27.8,15.72
30.94,16.97
31.9,17.76
30.06,19.05
22.7,18.43
23.96,13.91
15.18,9.91
19.0,6.45
23.14,8.18
21.29,7.0
24.17,8.98
28.95,14.7
28.92,14.51
29.15,13.75
27.06,12.12
26.62,12.11
24.44,14.61
23.53,16.48
23.0,14.58
26.09,15.47
24.83,16.86
24.89,15.82
25.98,14.62
28.18,14.87
28.73,17.71
27.63,17.89
20.88,11.57
25.26,12.4
27.8,18.51
24.36,9.92
16.75,4.65
20.04,4.26
21.75,4.82
21.87,6.12
22.86,6.98
21.47,9.69
12.38,7.33
15.5,7.74
22.78,12.33
16.58,8.32
14.41,1.28
15.07,1.49
12.75,8.54
15.96,10.6
13.14,9.18
17.1,2.29
12.55,2.07
9.63,-3.01
9.89,-2.86
10.76,-2.98
11.93,-2.81
14.45,-1.92
17.67,-0.96
21.08,1.85
17.64,2.97
20.6,5.88
17.28,3.01
10.77,1.36
4.3,0.59
4.97,-2.63
5.05,-2.18
16.27,-0.52
19.16,4.19
8.37,-3.8
5.8,-4.23
11.72,-1.43
7.85,-1.62
4.72,-6.83
5.86,-6.92
12.85,-1.1
8.9,-3.64
1.66,-4.03
9.07,-0.29
8.03,-6.06
7.13,-6.41
12.66,-1.15
11.16,2.74
18.12,1.25
16.81,1.49
12.76,-0.03
16.7,1.51
6.22,-6.1
-1.84,-5.76
5.24,-5.45
14.25,-1.67
18.77,8.98
17.1,-2.61
9.22,-3.19
12.05,-2.1
14.41,-1.77
18.02,11.79
16.36,-1.4
8.07,-1.26
11.54,-1.71
1.96,-5.65
6.65,-5.72
7.32,-5.35
2.67,-5.91
11.38,-4.16
17.5,8.87
20.31,6.82
15.24,5.74
20.43,5.31
11.25,4.32
9.29,5.58
9.01,5.53
17.39,8.49
14.15,2.38
1.84,-5.8
1.08,-7.06
6.09,-6.53
6.4,-9.0
-6.9,-12.69
-7.01,-13.06
6.1,-11.09
6.47,-8.58
-0.04,-10.99
1.6,-10.73
9.92,-1.47
8.13,-2.02
1.71,-3.31
0.18,-6.61
0.89,-6.81
-2.11,-4.21
5.93,-4.43
9.71,-6.8
-3.51,-8.53
-2.93,-13.65
0.39,-13.52
2.56,-8.81
4.62,-7.25
-1.7,-15.17
-4.35,-15.7
1.74,-10.0
-1.17,-17.64
-3.18,-17.53
5.13,-7.9
5.31,-6.86
15.98,-0.64
7.69,-1.08
-1.09,-7.17
-4.46,-11.66
-4.91,-12.63
3.39,-10.37
2.12,-10.19
8.21,-8.61
10.99,-1.17
6.45,-2.82
12.29,-1.96
-1.26,-8.0
-2.23,-9.88
0.32,-9.55
12.04,-7.38
16.82,7.72
12.78,-5.02
1.69,-5.77
0.36,-6.82
14.86,-4.58
17.66,3.69
16.52,-2.12
-1.2,-2.8
2.44,-1.77
-0.25,-3.87
3.08,-5.84
9.55,-5.62
11.51,-3.9
19.14,1.61
20.62,1.94
8.01,-1.25
12.9,-1.1
23.9,7.06
21.23,11.56
14.79,0.45
4.98,0.41
9.55,-1.7
11.4,-1.35
7.88,-8.26
-2.28,-8.55
11.31,-3.84
17.97,2.83
19.84,2.37
21.94,2.83
22.6,4.79
17.59,8.27
9.25,2.2
17.43,1.8
21.58,3.49
18.7,9.31
19.97,6.57
11.96,4.75
7.26,2.26
4.6,-2.32
6.02,-6.35
6.53,-5.05
8.87,0.23
26.48,7.96
9.04,1.09
6.67,-3.12
12.44,-1.13
15.47,2.02
16.1,5.08
13.46,6.05
13.91,5.62
11.7,1.87
8.87,1.12
7.07,-2.09
17.96,0.33
17.76,10.59
21.82,11.22
20.66,4.19
16.49,4.1
21.74,7.83
17.5,1.34
10.89,1.74
6.91,0.81
11.55,1.79
19.29,6.62
18.57,7.18
26.16,10.71
29.1,15.86
28.27,18.16
20.22,3.26
14.77,1.72
18.42,4.24
18.71,7.39
22.72,11.65
25.75,13.38
22.97,6.19
22.32,9.96
25.94,10.16
15.33,10.3
16.64,11.98
22.12,9.65
17.2,7.72
21.53,9.66
25.93,12.43
29.01,16.83
30.44,11.73
29.92,14.26
29.32,14.76
29.56,13.58
30.32,12.94
25.3,10.59
27.75,13.0
22.7,14.77
27.66,15.94
30.55,20.37
28.91,16.97
20.02,10.59
18.64,9.75
23.99,11.67
28.62,18.2
22.39,14.09
19.84,11.14
22.81,12.19
27.52,14.97
30.76,17.48
30.83,18.1
30.73,19.03
24.12,12.4
26.73,11.27
28.02,12.51
28.15,15.38
26.98,18.27
27.05,16.06
27.97,13.97
24.95,13.7
22.24,14.39
25.42,15.18
28.97,19.71
33.18,23.52
34.15,23.01
33.6,23.07
33.08,24.01
30.23,15.39
25.87,10.72
26.21,11.74
30.11,13.04
33.25,17.56
34.09,15.63
29.82,14.23
30.6,14.9
30.51,17.52
28.67,14.37
26.32,10.09
25.86,9.73
29.23,13.5
32.58,20.34
32.58,20.74
30.21,19.21
30.54,17.12
32.35,21.3
35.22,23.44
34.09,22.38
27.76,21.65
25.03,20.23
26.33,15.86
29.43,16.63
30.33,19.76
30.34,16.64
29.94,17.75
29.11,15.76
28.89,19.9
31.31,21.3
24.17,20.83
28.49,18.9
30.58,20.78
33.12,20.02
31.2,19.3
32.56,20.34
31.04,22.5
31.83,22.18
26.96,19.97
25.37,19.29
28.35,20.85
30.22,20.76
26.97,14.65
27.36,17.29
26.47,18.55
29.32,19.65
27.99,18.63
32.35,21.15
28.24,21.04
28.4,21.56
30.64,20.52
31.57,21.27
31.7,21.69
29.3,21.41
27.45,15.83
28.61,15.12
25.2,12.96
27.01,15.53
25.91,18.14
26.53,15.34
27.4,15.35
27.48,14.73
28.72,14.66
29.6,16.62
28.92,18.15
26.74,17.45
26.3,15.46
27.49,13.76
28.84,14.43
29.17,16.4
29.34,17.2
29.64,18.33
32.41,20.71
31.5,20.05
28.49,13.64
27.27,13.59
29.38,15.15
29.76,17.92
24.58,18.81
26.91,19.57
27.58,20.12
25.99,15.99
26.39,13.08
26.05,13.39
28.85,15.93
28.32,18.36
25.92,13.87
21.82,12.43
21.14,12.62
26.57,12.91
27.83,12.75
28.16,13.61
28.52,13.7
28.92,16.23
28.12,15.4
30.68,16.33
34.13,16.69
21.4,6.3
19.83,7.81
24.75,12.32
23.31,10.29
20.37,5.11
19.05,3.91
16.19,4.72
19.76,5.5
21.77,6.48
23.22,7.3
21.74,6.56
21.17,3.09
22.22,3.34
24.63,5.33
23.83,7.87
16.2,0.38
14.72,-0.35
17.91,1.98
22.92,4.83
23.77,7.12
24.21,6.51
17.84,1.11
19.55,2.24
17.28,2.89
22.15,4.64
9.61,1.19
6.59,0.14
12.14,-2.11
14.62,-0.34
22.3,5.41
24.84,10.08
25.21,8.81
25.04,9.89
23.19,8.05
11.9,-0.15
14.62,1.09
19.39,2.91
20.79,4.13
16.38,9.04
17.69,12.53
19.96,7.03
17.67,6.08
22.65,6.02
24.26,10.85
22.04,8.08
21.68,5.1
19.27,5.85
17.03,4.13
23.27,4.4
22.27,7.22
16.8,-0.44
0.1,-1.88
3.65,-1.88
6.49,-1.82
5.37,1.47
2.74,-1.96
-0.04,-3.3
1.29,-7.98
2.07,-8.4
1.52,-8.25
9.14,-5.59
13.74,-4.78
15.39,-3.73
17.32,-2.07
12.28,-3.66
12.73,-3.49
12.37,5.37
7.75,4.69
15.8,1.08
3.3,-6.65
4.09,-7.11
13.64,1.4
11.61,-6.7
5.62,-6.97
8.05,-4.35
10.94,6.24
10.14,5.05
7.23,4.38
9.19,4.49
7.85,4.22
7.62,2.45
7.17,-0.96
7.65,-0.99
12.58,4.85
7.08,1.05
4.63,-0.89
0.8,-4.59
0.96,-8.16
0.71,-7.99
7.42,-6.32
6.25,-5.84
6.72,-22.34
-16.76,-22.63
-9.15,-17.01
-7.03,-14.39
-3.34,-9.12
-0.33,-4.86
9.64,-3.68
14.3,8.37
16.05,8.65
