20170101
7.82,-2.56
11.65,6.12
13.17,-4.23
-1.12,-6.75
-5.2,-13.87
-8.98,-15.81
-7.01,-16.02
-4.91,-14.54
5.25,-6.58
12.99,-1.64
18.42,-0.63
18.94,-1.5
1.3,-1.51
3.12,0.6
4.02,0.59
15.18,4.28
14.97,3.15
4.95,0.47
10.1,2.63
14.24,7.29
18.69,5.21
15.78,6.97
7.89,2.77
7.69,2.71
15.7,2.06
2.45,-1.03
2.52,-4.28
1.69,-3.55
0.95,-6.58
7.38,-7.52
8.42,3.01
6.06,-2.38
2.55,-5.21
-0.18,-10.78
4.25,-10.76
11.26,-2.07
16.18,-1.53
16.07,1.88
4.87,-4.64
-1.63,-8.05
12.55,-3.77
18.61,9.4
14.97,-2.5
9.78,-2.59
12.21,1.45
7.6,-1.43
10.23,0.33
19.9,4.42
18.12,6.35
16.46,2.81
19.9,3.76
17.11,9.4
20.23,11.44
20.99,13.09
24.61,1.2
1.86,-5.95
8.94,-4.32
10.47,4.92
18.2,8.41
14.95,0.65
7.94,-2.14
4.85,-2.57
11.7,-1.3
20.04,-0.07
17.43,9.4
14.44,5.19
16.76,2.25
21.88,0.61
7.31,-3.88
3.31,-6.09
3.73,-5.28
2.17,-4.4
0.55,-6.95
2.62,-7.45
7.52,-6.91
9.23,1.51
5.97,0.36
11.13,2.06
19.01,4.93
17.32,-0.85
7.09,-1.88
14.96,-1.42
24.09,12.69
24.65,13.69
18.4,6.58
19.81,7.01
15.49,9.25
17.38,8.4
24.82,11.04
12.72,4.47
11.83,2.64
19.08,4.73
21.52,11.23
19.87,8.33
21.67,4.45
9.61,1.63
13.83,-0.45
19.09,1.45
25.66,9.83
25.91,15.17
19.97,5.12
20.27,5.77
26.43,7.4
28.22,11.53
28.63,16.76
27.58,11.68
21.22,7.69
25.71,9.28
28.1,16.85
27.77,9.4
15.7,7.35
13.55,5.03
21.31,6.21
24.63,7.97
24.75,11.62
29.03,15.14
17.55,7.38
19.41,9.3
26.27,14.52
24.24,13.16
16.26,7.7
18.71,4.46
12.14,6.03
12.23,7.4
12.73,4.9
17.66,3.36
17.88,1.65
18.77,3.91
21.47,11.33
29.43,13.28
19.83,11.52
20.17,7.7
24.23,11.54
27.22,13.36
28.24,14.01
29.8,15.93
28.98,20.47
28.75,18.9
28.02,15.05
26.06,14.01
26.0,8.84
23.07,9.9
23.52,13.32
17.88,13.11
18.65,10.6
26.58,13.46
28.72,16.85
24.83,14.95
28.45,13.99
26.9,13.03
27.09,10.41
26.69,10.83
29.28,12.01
30.92,15.57
31.27,18.19
30.98,15.18
25.62,13.03
21.45,9.79
24.89,12.48
28.87,14.19
29.99,15.52
31.55,18.69
33.27,20.48
30.91,19.32
32.04,19.25
28.39,18.34
31.0,19.0
30.91,20.64
27.9,16.25
27.68,14.94
29.74,16.55
32.2,19.48
28.09,21.45
24.15,16.26
25.85,12.08
25.55,11.54
24.19,10.85
23.89,11.12
27.47,14.07
30.93,20.2
28.89,19.35
29.02,16.86
30.08,17.27
30.61,18.51
30.54,19.32
29.45,20.55
26.25,19.14
31.28,17.1
27.93,14.16
29.26,16.32
29.55,22.0
26.41,19.94
32.11,21.48
29.99,21.95
29.26,15.12
28.54,15.75
30.4,17.27
30.76,19.2
31.47,18.56
31.15,19.75
32.22,22.18
33.34,22.9
33.63,21.41
29.58,19.72
29.28,16.4
27.46,15.89
29.73,17.54
28.69,22.51
28.2,15.72
25.85,13.4
28.6,15.5
30.13,17.16
29.34,18.26
29.54,17.33
30.46,18.44
23.94,11.14
25.72,12.6
22.31,17.24
25.84,14.18
26.86,11.67
27.47,13.07
29.57,15.35
27.82,16.48
27.34,13.55
27.93,15.89
28.61,17.15
31.03,18.64
32.05,20.28
31.13,19.47
30.02,18.68
31.69,18.43
32.61,19.1
32.79,20.39
28.2,14.78
26.8,11.63
26.37,11.96
25.93,11.23
26.21,11.84
27.88,13.56
27.47,16.47
26.05,15.16
27.92,15.86
27.6,15.47
16.45,12.54
22.89,12.36
28.24,13.31
30.99,15.83
23.39,8.69
20.3,7.71
21.68,7.82
25.57,9.52
23.49,8.57
23.34,8.5
22.93,9.08
21.25,14.34
18.63,15.99
23.14,12.65
28.24,12.93
29.87,15.26
30.7,16.73
27.85,19.64
27.31,17.89
31.12,18.46
33.07,19.25
33.01,17.68
32.69,16.88
32.84,15.33
32.47,15.44
32.52,17.12
29.24,12.18
23.44,8.09
24.9,7.07
25.0,5.47
24.85,5.75
27.22,10.3
29.52,14.65
26.72,17.89
23.22,17.7
27.39,18.0
28.76,12.54
19.32,13.73
21.3,14.08
21.16,15.81
18.37,13.66
17.58,13.74
23.34,10.97
29.0,15.64
22.57,7.25
17.68,3.36
20.38,3.17
21.89,4.32
24.86,7.31
25.56,7.55
23.62,9.42
25.85,14.14
17.5,8.01
10.88,4.78
11.57,-0.37
17.34,-0.33
12.94,2.13
4.59,1.75
4.36,-1.24
7.62,-0.31
7.87,-0.45
15.34,1.73
20.04,12.26
16.1,5.84
19.59,8.86
23.17,9.03
12.53,6.37
9.6,4.03
11.76,-0.91
14.25,-2.48
3.09,-3.86
7.11,-3.43
7.74,1.98
7.32,0.25
12.03,0.17
10.01,0.74
5.46,-1.75
16.11,0.63
18.24,2.08
4.37,-3.6
10.33,-3.21
14.12,-3.41
5.4,-5.4
8.45,-2.35
14.43,-1.47
15.85,-2.29
13.28,-2.91
18.05,0.84
18.01,4.59
15.36,2.95
13.47,-2.47
12.28,-2.89
13.44,-1.72
15.21,-1.0
18.67,2.42
8.93,-2.04
8.08,-1.99
-0.26,-8.89
0.58,-9.39
0.29,-6.39
3.93,-6.1
9.66,-3.96
0.29,-7.91
8.1,-5.73
0.27,-5.89
0.96,-4.22
11.09,-0.73
7.71,3.05
7.68,5.57
9.56,1.75
8.88,-2.27
13.15,-2.31
12.06,2.47
3.17,-1.13
1.75,-6.32
-1.35,-7.72
-5.93,-16.66
-8.66,-16.75
-4.31,-12.34
-3.29,-6.97
-4.62,-14.89
-8.26,-18.15
-10.94,-20.43
-6.66,-20.45
-3.05,-15.67
-6.48,-17.23
-7.24,-18.74
-5.6,-18.84
3.39,-9.37
3.6,0.19
5.66,-0.19
14.41,4.39
14.55,-2.76
-1.7,-9.67
-2.6,-16.31
-4.57,-15.7
-2.47,-16.42
-11.76,-17.41
-5.86,-13.51
0.3,-11.98
5.72,-6.23
9.56,0.32
12.47,6.57
13.21,2.29
3.52,-0.95
0.26,-5.2
8.82,-4.24
14.21,0.57
9.12,-3.86
11.36,-4.05
1.99,-5.05
1.5,-5.79
11.72,-0.88
6.01,-11.35
-3.29,-11.69
4.3,-6.12
2.69,-11.38
-2.31,-11.68
-0.28,-4.28
0.77,-8.93
1.35,-8.55
10.24,-0.55
3.95,-0.93
0.94,-7.07
4.18,-7.71
6.83,-5.26
15.0,5.31
19.86,7.4
6.7,-1.56
2.64,-1.53
12.27,-0.94
23.11,12.8
25.47,9.73
9.54,3.68
11.27,4.51
15.63,7.41
14.95,6.37
10.0,-1.11
13.32,-1.14
16.78,-0.19
13.28,9.79
14.19,-0.12
9.47,-2.63
10.77,-1.99
11.23,-1.31
8.81,0.07
14.05,-0.7
4.7,-2.87
0.28,-4.39
7.41,-3.77
10.87,-1.07
6.44,-2.07
5.24,-3.94
5.98,-5.37
6.18,-5.53
15.43,-2.59
8.96,-2.86
6.85,-2.6
14.71,0.15
17.14,-0.36
1.6,-1.79
6.01,-3.43
9.51,-3.19
11.02,-1.64
1.58,-2.39
7.58,-2.5
15.07,2.29
13.13,9.24
13.91,9.35
13.83,4.91
9.88,0.62
15.43,1.22
9.0,-1.22
9.91,-1.01
22.27,1.06
2.94,-3.17
10.84,-2.44
15.03,-1.96
6.29,-4.6
6.32,-2.49
6.02,-1.84
6.71,-1.63
18.66,-0.28
26.82,12.83
27.16,15.5
21.05,10.65
11.59,0.57
2.66,-0.68
10.72,0.2
21.65,1.64
13.35,-0.65
16.34,0.95
17.65,5.72
19.54,8.16
14.47,9.7
13.55,10.37
19.2,4.4
19.87,4.46
21.52,5.64
14.54,0.45
17.24,1.0
23.7,5.7
27.89,15.08
29.19,18.48
25.36,17.6
26.72,12.91
20.87,12.11
28.07,8.38
23.09,8.5
25.95,9.9
28.7,15.38
28.94,15.36
30.53,18.76
29.64,16.42
31.71,18.62
32.83,19.93
31.48,18.02
25.53,16.43
28.75,17.05
23.25,18.0
25.4,17.31
30.94,17.91
29.74,18.42
30.03,15.14
27.65,14.41
28.4,14.55
30.96,17.03
30.7,17.47
33.08,17.39
33.91,20.33
31.18,21.81
26.65,20.49
29.66,19.85
30.08,18.37
30.43,20.12
27.27,13.13
25.08,12.94
29.16,13.23
26.39,15.74
31.43,18.65
32.5,18.57
32.97,18.1
24.87,18.4
25.87,18.72
27.42,19.75
29.44,13.76
28.92,14.69
30.97,18.68
33.72,21.47
33.83,22.67
33.4,23.14
32.97,20.91
30.52,21.46
26.36,18.66
24.96,18.11
23.62,16.54
26.78,19.84
23.8,19.96
24.47,19.35
28.89,17.43
30.13,20.24
31.89,20.58
32.69,22.93
33.21,22.36
31.84,22.1
31.91,22.15
34.11,22.52
33.5,21.04
27.37,12.38
27.2,12.79
30.98,18.14
33.05,20.0
33.25,20.33
29.51,16.05
29.22,16.23
31.81,17.03
33.09,21.48
30.03,21.25
30.97,17.87
31.04,14.79
30.26,15.24
29.83,17.12
29.87,19.05
25.11,19.08
26.33,16.35
25.88,16.4
29.19,17.8
30.37,17.11
29.84,16.11
26.91,14.53
27.15,15.09
27.14,17.43
23.25,18.48
23.81,17.43
27.17,15.76
29.36,16.96
30.14,19.55
31.86,19.97
32.65,20.36
32.44,20.38
30.16,20.48
30.1,18.36
29.84,19.13
30.3,19.71
30.04,17.02
30.07,17.06
29.56,16.35
31.01,19.89
25.2,19.83
27.12,20.16
27.81,19.85
28.79,18.74
30.19,19.25
28.69,19.9
27.59,17.56
25.26,11.86
26.7,12.36
24.03,13.83
28.72,20.14
32.72,21.89
32.53,21.4
33.22,21.61
31.25,18.32
28.72,17.2
30.8,18.25
29.48,20.01
32.07,20.92
33.45,20.97
33.71,20.69
33.66,20.9
31.36,20.7
26.9,17.73
18.75,14.72
15.7,13.43
20.07,12.27
23.38,12.69
23.05,15.29
30.28,16.3
30.95,17.22
31.24,19.16
30.64,20.09
31.03,18.86
32.83,18.91
32.94,19.59
33.58,20.62
31.11,14.71
16.56,12.54
25.44,12.83
21.84,16.65
25.46,18.37
22.03,11.04
16.82,7.46
23.44,7.96
22.41,9.33
27.5,10.96
29.89,13.11
30.35,18.82
31.02,18.97
26.14,16.67
31.14,18.5
31.55,18.39
31.89,18.55
31.73,19.42
30.64,19.36
24.55,11.48
16.1,2.6
11.94,2.66
12.7,3.04
12.56,7.31
11.9,1.22
12.34,0.95
16.11,-0.24
14.59,-0.47
13.02,0.93
17.42,-1.67
12.53,-1.79
19.63,1.2
17.26,1.0
13.93,1.19
14.64,2.79
9.05,5.87
12.96,3.98
18.77,3.59
17.08,2.66
21.13,5.06
18.19,7.52
8.56,4.94
9.23,0.7
14.46,0.49
16.46,7.67
16.0,8.34
15.58,3.46
13.26,-1.06
6.59,0.11
7.44,-6.55
2.82,-6.72
6.15,-5.29
7.52,-0.08
1.84,-6.3
0.68,-6.2
1.51,-1.19
4.36,-1.08
7.95,0.85
9.96,1.09
5.31,1.84
3.93,-3.0
9.45,-4.24
12.2,-3.85
11.19,-2.25
13.77,0.54
15.19,0.43
2.53,-5.84
-3.66,-6.94
1.63,-7.42
6.52,-0.44
12.34,5.28
14.58,7.88
16.91,3.78
4.63,0.58
1.68,-1.6
-0.09,-3.27
4.87,-6.53
3.98,-7.14
-1.97,-6.48
4.6,-7.42
-0.26,-9.16
8.24,-7.09
11.53,0.52
9.01,4.41
9.77,5.72
8.28,3.57
11.43,-1.0
11.22,-3.23
7.63,-3.63
12.78,-1.86
8.39,5.8
6.38,-0.24
5.3,-1.94
2.56,-3.11
7.98,-3.07
8.51,-4.27
9.19,-4.1
13.61,5.19
13.43,-0.28
2.22,-3.27
6.78,-3.48
17.05,4.33
5.35,3.01
4.43,0.0
4.85,-1.69
10.64,-1.19
12.73,-0.59
12.5,-0.39
13.91,7.74
16.36,-1.57
-0.38,-6.49
-1.03,-6.82
1.14,-9.07
1.45,-1.73
0.46,-3.7
0.9,-8.19
1.16,-4.44
2.25,0.36
4.67,0.58
2.71,0.27
3.18,-10.34
-6.86,-17.19
-6.82,-16.81
7.29,-7.9
10.42,-4.49
0.32,-11.92
-3.12,-12.37
1.96,-3.28
-0.7,-6.08
8.7,-9.64
-5.2,-16.81
-14.5,-19.91
-7.46,-19.3
0.88,-7.83
9.11,-3.15
18.21,2.43
13.15,2.76
10.18,2.02
13.97,8.29
16.28,-7.28
-2.48,-10.08
-0.71,-9.94
2.12,-4.08
8.95,1.58
10.69,-5.15
3.58,-4.32
13.53,0.65
1.17,-4.32
2.68,-4.94
0.48,-2.57
0.39,-4.28
1.99,-5.37
7.54,-1.54
7.66,-3.35
5.97,0.1
14.91,4.06
6.91,-5.35
5.04,-5.89
10.26,-3.43
13.83,-2.09
1.34,-1.38
4.35,-1.25
5.15,-0.43
-0.03,-12.02
-5.97,-13.28
-3.53,-12.58
-0.18,-11.18
2.26,-3.45
3.65,-0.78
15.57,1.77
9.16,-0.06
11.12,-2.48
10.53,-2.72
21.28,6.36
22.14,7.05
7.16,-0.95
9.75,-2.53
12.42,-2.77
10.21,-3.27
10.89,-3.03
12.7,2.17
7.51,1.95
11.13,-3.11
13.94,-3.07
13.18,5.42
9.0,-1.85
9.46,-2.34
15.31,-2.0
22.2,5.49
16.85,10.87
14.68,-1.95
3.62,-4.47
8.43,-3.74
15.44,-0.67
16.62,2.72
21.29,8.49
16.56,8.45
20.82,9.02
20.7,11.95
23.51,9.65
21.22,6.34
20.91,7.82
27.25,9.33
19.16,4.88
18.43,5.65
19.63,1.78
12.89,2.13
24.9,6.95
24.96,12.52
22.02,5.74
7.89,3.77
7.12,2.03
21.07,4.71
25.45,9.98
24.46,9.46
17.9,9.78
19.37,7.83
18.51,5.61
16.03,4.75
12.68,5.2
24.67,8.13
25.48,12.47
26.64,13.95
22.12,15.21
21.13,13.86
15.11,8.87
22.06,7.88
24.94,8.86
26.18,11.13
28.61,12.81
23.39,10.87
13.62,5.75
17.53,6.36
10.68,7.49
14.82,4.56
20.75,6.02
21.71,9.49
26.03,11.71
29.67,16.27
30.77,17.98
24.04,13.08
21.17,9.04
18.44,9.56
25.51,16.23
29.75,18.2
31.35,19.13
30.33,20.14
29.33,16.76
29.01,18.08
30.38,21.72
26.82,17.16
25.54,16.62
26.47,15.11
28.01,16.32
26.07,9.37
24.82,11.08
26.98,15.17
30.16,18.36
28.8,18.74
26.77,19.07
24.72,18.92
25.5,19.39
23.25,10.09
24.79,10.97
25.51,12.65
20.25,8.39
24.28,10.56
23.93,16.65
26.61,18.54
26.44,19.25
27.1,19.52
27.29,19.8
23.38,14.55
25.6,15.56
24.52,17.28
28.7,18.54
25.2,16.65
28.7,17.36
31.54,19.36
30.96,19.45
31.9,20.05
32.69,21.09
33.35,18.93
31.75,19.81
33.29,20.76
31.16,19.42
31.83,20.06
32.95,21.78
31.08,21.67
31.41,20.23
29.75,17.85
32.1,18.66
33.83,21.34
31.85,16.83
29.75,15.27
32.42,17.24
33.0,20.61
31.62,21.47
30.64,21.55
31.72,21.35
33.93,23.35
33.36,23.11
33.69,23.34
33.6,21.93
25.48,14.26
27.37,13.79
26.98,13.26
28.19,14.4
29.61,15.33
30.91,18.14
31.33,19.43
30.99,19.82
29.95,18.21
28.58,16.05
29.94,16.98
29.82,15.94
30.26,15.59
31.52,16.66
32.42,17.59
30.31,18.47
29.61,17.91
31.32,17.51
30.63,15.32
29.73,14.9
30.11,16.8
28.34,20.69
29.66,19.51
31.61,16.88
29.14,16.12
30.1,17.87
29.07,19.64
32.9,19.33
33.41,19.91
31.98,19.16
29.82,19.8
26.12,18.94
24.38,12.76
25.41,13.04
27.08,14.18
21.72,20.13
26.76,15.14
26.35,12.51
28.49,13.78
29.45,18.74
23.71,17.18
29.09,17.64
28.48,15.68
29.71,16.86
28.29,13.75
25.24,13.01
27.74,13.82
23.82,12.6
24.88,15.17
30.05,15.95
34.14,17.96
32.7,19.5
32.46,19.85
32.41,15.27
27.77,13.59
29.7,15.25
31.45,16.39
28.39,15.0
29.76,15.03
30.84,15.35
31.16,17.9
31.24,16.9
31.11,17.71
27.61,9.92
26.27,9.83
29.35,13.4
25.86,9.43
32.48,11.15
31.76,17.31
32.58,17.99
33.68,15.9
33.5,17.74
32.63,17.4
30.8,9.95
21.81,8.21
26.66,8.19
20.67,12.44
21.39,5.54
23.21,6.14
24.74,5.76
27.22,10.83
21.08,1.52
13.69,1.22
21.07,2.22
20.34,2.57
23.88,4.27
11.0,1.75
15.79,1.3
17.88,1.22
21.98,3.28
24.17,9.1
20.92,9.57
16.24,2.93
19.08,2.8
17.99,7.72
14.23,8.6
18.31,9.7
18.57,3.44
19.3,3.68
15.99,9.16
12.54,8.92
9.6,-2.7
8.64,-2.65
11.06,-2.28
12.34,-1.36
15.6,3.17
11.56,-1.23
12.13,-0.67
5.48,-7.09
2.65,-7.14
8.76,-2.41
17.72,4.53
10.54,-10.59
-4.85,-13.4
-0.47,-11.89
6.55,-5.48
7.01,-5.15
8.1,-4.09
8.68,-3.77
5.57,-1.19
7.04,-1.47
7.96,3.64
12.01,4.38
7.61,-2.04
3.4,-1.23
10.22,0.3
14.51,2.3
14.69,5.63
13.02,1.27
3.45,1.2
6.19,2.44
13.19,3.33
9.12,1.02
2.43,-0.81
4.5,-0.62
10.5,-2.61
11.28,-3.0
9.75,-4.91
7.48,-5.01
13.28,-1.29
13.61,-3.13
-2.1,-7.59
2.89,-7.19
6.46,-5.23
7.79,-0.19
6.45,-1.46
1.29,-2.04
0.85,-1.74
2.61,-6.36
-0.31,-10.42
3.9,-9.12
7.61,-6.21
11.24,-3.95
12.83,-3.77
14.87,-2.27
16.9,-2.1
18.37,-1.24
17.83,8.99
15.43,4.72
15.89,5.93
16.58,4.77
5.15,0.96
2.24,-0.39
9.19,-0.76
10.33,6.45
10.28,2.87
3.45,-2.44
9.44,-2.52
9.17,-2.55
9.43,-2.69
4.18,-3.51
13.94,-3.13
17.19,9.64
17.85,1.76
5.39,1.4
6.91,0.58
9.34,-0.57
12.09,0.82
4.56,-4.76
3.05,-4.75
10.75,-9.16
-8.0,-10.09
-2.98,-9.37
0.26,-8.92
3.41,-8.03
8.21,0.67
7.31,1.27
1.65,-0.43
6.98,-3.31
2.91,-2.02
1.52,0.16
2.21,0.17
4.03,0.19
3.38,-0.13
5.83,-0.11
17.95,1.46
20.3,3.54
14.18,0.4
3.11,-0.72
-0.05,-2.84
1.76,-2.92
2.06,-3.97
10.01,-2.92
5.19,0.44
5.49,-1.8
2.5,-1.27
2.82,-12.83
-4.4,-13.32
7.47,-9.25
10.31,-1.95
11.58,-0.31
9.83,-3.41
6.14,-3.9
0.94,-9.44
3.42,-9.18
9.49,-5.44
13.21,1.53
6.75,4.86
6.88,1.76
2.41,-3.57
2.47,-4.45
2.54,-6.9
4.23,-6.94
17.36,-2.25
11.74,8.58
14.81,0.82
16.02,-1.35
15.88,-0.86
2.85,-5.06
10.28,-4.93
18.53,0.56
17.65,9.69
13.23,4.47
10.22,3.96
16.13,3.62
11.19,1.94
5.47,0.89
7.81,0.91
10.33,3.54
12.56,3.81
14.87,4.85
19.83,11.26
21.28,-0.13
3.56,-1.51
5.28,-1.07
10.9,2.4
11.35,3.0
16.95,3.36
19.36,6.37
23.61,12.31
25.36,16.07
18.34,7.32
16.43,5.08
7.47,3.93
11.43,0.3
16.6,1.57
20.91,6.99
19.07,6.84
13.72,6.36
21.24,7.76
26.17,14.61
27.1,6.83
12.06,0.02
10.69,0.43
16.85,5.84
16.41,7.39
8.67,0.23
8.47,-3.14
9.93,-4.27
9.58,-0.24
10.03,0.65
12.92,1.34
14.9,2.88
18.66,4.37
13.88,0.26
22.27,3.25
13.21,9.41
19.88,7.91
19.12,6.48
16.62,1.74
19.49,4.85
24.48,13.67
17.51,6.69
9.81,5.56
20.31,6.09
28.18,13.19
21.64,6.36
20.53,7.39
9.39,4.66
16.12,3.74
19.99,6.53
13.11,-1.95
13.72,-0.42
18.26,3.39
10.57,2.29
16.52,3.7
14.26,8.27
27.3,13.19
24.28,15.65
26.91,16.91
24.79,15.31
19.72,14.24
19.1,12.25
14.2,11.77
17.56,12.59
25.18,13.86
28.26,16.97
30.46,17.93
30.99,18.2
30.36,19.25
26.31,18.83
27.35,17.91
24.85,12.36
23.38,11.7
22.31,8.29
25.0,11.87
31.27,18.23
31.76,19.9
29.54,18.26
30.98,18.47
32.9,15.96
29.52,16.09
31.22,18.35
28.91,22.12
31.24,15.26
27.6,13.52
29.94,13.43
26.42,12.93
24.68,10.59
25.54,12.19
28.08,14.4
29.02,14.8
29.53,15.64
31.6,18.11
33.05,18.56
28.36,18.44
30.44,19.13
26.64,17.28
27.49,15.11
29.38,16.72
31.8,20.69
25.51,20.05
27.45,20.72
30.27,20.47
30.53,19.95
31.64,20.18
31.32,18.82
32.53,19.72
33.71,20.4
33.82,21.26
32.94,20.82
33.26,21.31
32.18,20.73
33.81,21.2
30.53,19.33
32.35,17.22
28.53,15.92
28.49,15.83
30.44,16.63
31.76,18.72
25.87,17.85
31.05,18.8
32.87,22.91
33.74,20.94
31.5,20.67
32.02,20.41
29.22,20.97
30.48,18.0
30.16,17.57
31.03,18.09
33.26,21.84
32.36,18.99
30.46,17.93
30.95,19.61
22.79,19.28
26.17,18.95
25.95,17.24
27.15,17.4
27.5,16.97
25.05,12.53
24.39,12.71
25.45,13.65
26.64,13.25
28.65,16.18
30.84,19.17
30.21,19.51
29.14,19.65
28.79,19.71
29.95,19.99
28.79,18.78
30.71,18.93
28.67,16.73
30.13,17.16
23.87,13.55
25.63,13.22
26.77,12.05
27.86,16.02
28.99,18.57
29.32,19.5
31.9,20.56
33.01,20.58
31.6,21.66
28.45,22.3
29.33,20.63
29.97,13.89
26.56,14.99
27.01,17.8
27.15,19.37
27.27,18.58
29.23,13.52
26.2,7.8
27.49,9.62
26.37,16.44
29.94,17.33
31.24,16.5
31.21,16.59
28.99,18.0
23.45,17.8
28.5,17.76
27.92,13.84
25.75,11.48
23.6,8.54
26.1,8.78
27.62,10.09
19.81,5.91
20.51,4.4
23.19,4.8
24.44,6.39
24.78,8.61
23.38,9.72
25.06,10.43
26.26,11.16
24.72,13.66
26.47,14.07
17.43,6.4
18.35,6.46
25.15,4.81
20.36,2.26
17.66,3.15
18.85,7.27
14.86,-0.18
17.82,0.74
23.69,5.05
30.03,6.5
26.77,7.23
28.71,8.93
24.63,14.67
26.99,14.98
25.44,4.33
21.18,4.23
26.28,5.99
16.87,-0.79
15.21,-1.82
17.37,1.36
17.04,8.68
10.75,7.13
17.41,7.73
18.58,11.94
27.64,12.82
25.78,5.97
12.6,5.95
11.24,6.43
9.12,6.55
10.35,6.62
11.24,7.72
9.9,2.8
10.34,-1.45
15.04,-0.62
10.58,-3.22
9.64,-2.85
19.05,-0.49
22.57,5.38
20.6,4.05
21.45,3.39
23.44,3.87
26.73,9.83
26.05,10.66
24.94,10.89
12.82,-0.81
13.48,-0.74
13.07,-2.78
16.86,-1.17
13.79,1.54
13.98,1.47
6.65,-2.13
10.47,-2.05
18.7,6.17
17.6,7.99
8.87,5.68
8.11,1.4
10.48,0.84
10.87,4.53
14.59,7.98
10.41,7.34
12.54,-1.05
9.65,-2.82
12.02,-2.03
2.57,-2.39
2.01,-6.11
7.79,-6.06
7.51,-4.18
8.0,-3.13
7.14,-4.36
3.13,-3.96
1.66,-1.01
3.02,-0.61
14.15,-2.16
16.47,-1.88
17.97,4.36
15.97,3.63
5.55,1.68
1.8,-6.74
1.54,-6.53
0.8,-1.64
0.28,-5.87
3.54,-6.3
5.34,0.7
6.95,0.7
9.98,0.14
7.84,-0.77
13.18,-2.31
-2.42,-11.61
-7.43,-11.86
4.11,-9.55
12.05,-1.65
2.99,-3.63
4.91,-4.61
10.35,-2.86
0.17,-3.1
8.75,0.09
3.24,1.05
2.33,-3.26
7.83,-2.78
1.88,-0.5
2.95,-0.21
3.56,-0.67
0.58,-2.39
0.02,-7.11
0.01,-5.84
-1.69,-4.45
3.98,-4.16
8.49,-1.98
9.29,-0.38
5.7,-1.87
1.7,-2.09
1.39,-1.97
2.75,-1.87
7.45,-2.99
3.44,-3.56
11.37,-2.13
2.67,-9.89
1.95,-9.98
1.55,-1.37
3.37,-0.51
7.06,-0.57
0.19,-8.95
-0.48,-10.96
1.47,-10.93
3.4,-3.12
4.8,-2.47
-0.71,-5.57
1.31,-5.86
3.46,-5.37
4.01,-4.1
3.59,-6.85
2.5,-12.3
-4.12,-13.68
0.26,-8.57
-0.8,-6.11
-4.32,-7.65
-3.44,-7.58
-2.09,-6.63
-2.59,-10.99
-4.2,-11.93
-7.35,-11.96
-6.0,-16.88
-4.24,-16.27
-1.43,-13.47
-2.2,-15.2
0.9,-11.18
8.07,-9.4
5.17,1.22
13.6,0.77
17.23,-2.54
8.5,-2.71
7.8,-0.66
12.51,6.11
16.82,1.48
8.69,-4.48
7.44,-4.67
17.97,-1.43
11.93,-4.19
8.88,-5.51
9.44,-4.33
11.74,-4.01
19.14,-1.56
19.52,1.48
20.79,9.81
18.64,5.89
15.52,4.56
13.87,-0.33
10.55,0.96
4.65,0.82
13.78,3.19
17.27,5.74
14.65,-0.51
10.14,-2.61
16.17,-2.51
19.19,0.05
19.59,4.05
20.0,8.43
22.71,6.46
17.41,7.79
13.3,4.07
23.48,5.27
10.68,-1.66
15.19,-0.89
23.0,5.5
11.36,-1.97
5.14,-6.01
9.29,-4.81
18.48,0.25
24.54,5.32
25.31,7.73
26.17,9.54
27.27,11.67
21.16,10.15
26.84,9.95
18.32,8.8
11.71,8.57
20.62,8.39
19.93,8.43
18.4,2.7
13.9,1.13
16.87,2.13
14.8,1.84
18.2,2.62
20.42,3.03
14.9,-2.24
8.85,-2.03
13.01,0.78
16.1,4.14
11.97,5.68
17.22,3.42
24.2,5.33
28.3,16.02
25.64,16.84
21.1,9.92
22.0,2.27
23.57,5.48
25.7,13.66
22.3,15.26
19.51,8.59
17.15,3.6
17.43,3.75
17.71,1.78
14.96,4.7
15.45,1.74
16.25,4.44
16.32,3.41
17.44,3.45
19.98,4.64
21.73,5.73
22.76,10.52
21.8,12.85
21.11,14.13
25.24,14.81
27.1,15.84
29.08,15.49
29.09,13.86
29.97,15.18
30.57,16.21
31.45,16.44
31.42,18.81
25.34,17.05
27.65,17.61
22.09,7.4
15.11,4.53
20.29,7.04
23.61,10.66
24.44,14.03
19.3,15.87
22.53,14.5
29.89,14.99
29.55,16.83
28.36,18.88
27.99,20.47
25.22,20.66
25.84,20.69
27.66,19.86
31.07,19.58
33.6,20.08
31.88,15.28
31.71,14.33
27.87,13.94
27.55,14.08
29.91,15.65
32.9,18.98
28.35,18.49
30.68,21.03
27.28,12.5
22.58,11.64
25.33,12.97
27.69,20.01
27.48,22.37
29.89,22.29
31.46,21.08
32.46,21.18
34.04,21.26
28.73,20.17
27.17,14.13
24.5,13.55
26.43,14.44
30.56,18.16
31.55,19.51
32.18,19.69
31.2,20.86
27.65,15.96
23.6,16.23
24.78,17.47
25.56,19.99
28.6,20.88
27.66,18.94
29.22,20.13
31.35,20.47
28.31,20.5
27.28,19.08
28.1,17.49
28.42,17.57
29.45,17.7
27.51,17.26
27.8,16.95
29.28,17.93
30.53,19.33
31.0,21.18
31.78,17.49
31.7,18.56
31.46,19.82
31.45,20.37
27.91,17.51
22.83,13.64
27.43,12.8
25.98,13.37
27.13,14.09
28.06,14.92
29.49,16.53
28.56,18.78
30.67,19.12
31.03,19.24
26.31,21.59
32.88,23.32
32.68,24.03
34.25,21.06
30.44,20.42
28.56,18.75
24.93,18.39
28.04,19.42
29.19,19.66
31.27,20.67
30.65,19.41
31.47,19.56
31.75,19.25
33.24,20.14
33.54,20.3
33.95,21.2
30.78,20.41
34.13,20.36
34.17,20.0
33.42,21.06
33.13,20.95
26.31,19.73
26.9,18.64
26.9,13.6
26.36,13.4
26.08,13.75
25.51,17.71
26.71,12.87
29.27,13.6
29.31,16.84
27.76,12.96
25.6,11.96
26.24,12.45
28.14,15.54
30.1,18.05
30.41,18.34
30.97,19.86
24.87,14.71
28.03,15.11
31.25,16.69
32.12,18.18
29.97,18.91
23.14,18.54
24.77,14.12
14.69,10.15
19.77,7.09
23.44,7.81
21.88,7.49
24.53,8.7
29.62,14.87
29.59,14.96
29.92,14.67
27.95,13.0
26.86,13.1
23.83,15.49
24.45,16.43
22.89,14.76
25.72,15.86
24.56,17.15
24.41,15.95
26.16,14.27
28.98,14.45
28.77,18.29
27.67,17.8
19.54,11.27
25.18,11.63
28.0,18.86
25.3,9.53
17.36,4.75
20.64,4.39
21.99,4.76
21.97,6.03
23.12,6.9
20.8,10.28
12.41,7.15
15.68,7.53
22.98,12.38
16.18,8.33
14.24,1.55
15.49,1.55
12.62,8.65
16.38,10.51
13.3,8.96
17.85,2.67
12.42,2.19
9.84,-2.55
10.13,-2.59
10.87,-2.62
11.91,-2.7
14.69,-1.58
17.95,-0.97
21.49,2.02
17.0,3.79
20.6,5.39
16.6,2.74
11.06,1.71
4.42,0.4
5.18,-2.89
4.76,-2.35
16.43,-0.47
18.69,4.16
8.72,-3.87
5.94,-4.6
12.08,-2.23
8.13,-1.75
5.16,-6.38
5.91,-6.43
13.18,-0.35
9.33,-4.39
1.71,-5.0
9.47,-0.27
8.24,-5.67
7.47,-5.93
13.32,0.53
11.09,3.28
18.46,2.11
17.47,1.17
13.61,0.64
16.96,1.42
6.19,-6.09
-2.1,-5.77
5.8,-6.31
14.41,-1.15
19.21,9.23
17.2,-2.36
9.42,-2.69
12.32,-1.88
14.09,-1.69
18.35,11.7
16.49,-1.71
7.29,-1.72
10.52,-1.77
2.22,-5.32
6.86,-5.35
7.64,-5.13
3.44,-5.55
11.4,-3.33
17.8,8.66
20.74,6.82
15.51,5.04
20.35,5.18
10.9,4.16
9.51,5.34
8.82,5.52
17.45,8.52
14.05,1.69
1.54,-5.84
1.27,-6.45
5.93,-5.89
5.89,-9.32
-6.62,-13.28
-6.54,-13.45
6.29,-10.38
6.24,-8.68
0.43,-10.55
1.73,-10.12
10.4,-1.95
8.39,-1.49
1.84,-3.41
-0.01,-7.19
1.96,-7.28
-2.01,-4.49
6.57,-5.01
9.78,-7.48
-3.45,-8.72
-2.84,-12.9
0.81,-12.87
2.72,-7.04
4.75,-8.13
-1.43,-14.94
-4.57,-15.31
2.07,-9.23
-1.08,-16.25
-2.58,-16.32
5.65,-7.43
5.78,-7.17
16.48,-0.12
7.42,-1.95
-1.79,-7.38
-4.27,-12.21
-5.56,-13.01
2.99,-10.84
1.76,-10.19
8.43,-8.54
11.22,-1.65
6.32,-2.58
11.62,-1.88
-1.95,-8.48
-2.34,-9.99
0.69,-10.26
12.32,-7.81
16.96,8.22
12.35,-5.87
2.32,-6.46
0.94,-6.37
15.13,-4.2
17.79,4.6
16.75,-2.5
-1.69,-3.33
2.41,-1.98
-0.37,-4.44
3.51,-5.85
10.38,-5.71
12.0,-3.97
19.67,1.98
21.54,2.0
7.58,-1.4
13.2,-1.48
23.9,6.53
22.8,9.23
13.26,0.02
4.23,0.07
10.36,-0.85
11.48,-0.65
6.01,-9.01
-1.89,-9.13
11.75,-3.05
18.62,2.33
20.08,2.95
22.04,3.01
22.96,4.77
17.37,7.93
8.74,2.45
18.46,1.89
21.92,3.78
17.57,9.17
19.61,6.4
11.03,4.33
7.61,2.63
5.1,-2.71
6.77,-5.58
6.96,-5.13
8.8,0.71
26.31,7.55
7.77,1.32
6.91,-3.06
13.32,-2.42
16.02,0.67
16.72,5.76
14.23,6.35
14.62,5.79
11.63,2.6
9.35,1.31
8.05,-1.86
18.26,-0.83
18.2,10.47
21.84,10.49
20.59,3.7
16.44,3.55
22.42,7.48
17.4,1.43
11.27,1.56
7.37,0.68
12.05,1.12
19.2,6.63
19.29,8.39
25.99,9.86
29.11,14.93
28.44,17.28
18.41,3.62
14.71,2.3
18.95,3.36
18.81,7.4
23.03,11.65
26.38,13.37
22.44,6.51
22.51,8.73
26.03,9.93
15.58,10.08
16.16,12.17
22.2,9.5
18.54,8.23
22.06,9.68
26.34,12.73
29.74,17.61
31.49,14.03
30.66,14.85
29.96,15.19
29.93,13.82
30.56,12.79
26.03,11.85
28.4,13.48
21.55,14.65
28.12,15.4
30.72,19.81
29.15,16.34
20.45,10.73
19.54,10.46
24.4,11.86
29.08,18.01
22.52,14.25
20.54,10.79
22.88,12.33
27.88,14.66
30.83,18.2
31.47,19.55
30.75,19.14
24.78,12.73
27.43,12.15
28.76,13.09
28.92,15.43
28.09,18.54
27.62,16.08
27.95,14.17
25.93,14.06
22.24,14.42
26.08,15.29
29.44,19.76
33.71,23.66
34.77,23.86
34.06,24.03
33.01,24.56
31.26,16.0
26.47,12.03
26.84,12.9
30.86,14.11
33.83,18.66
34.75,17.24
30.64,15.63
31.32,16.24
30.99,17.98
28.88,15.41
27.09,10.74
26.92,10.6
29.7,14.46
33.34,20.67
33.6,21.07
30.81,19.39
31.26,18.34
32.96,20.92
36.66,24.34
34.83,22.79
27.62,22.06
25.78,20.4
27.22,15.86
29.86,16.74
30.83,19.39
30.86,17.39
30.84,18.04
30.01,16.52
28.92,20.36
31.88,21.21
25.11,20.56
28.94,19.85
31.18,21.12
33.74,20.39
32.05,20.2
33.07,21.14
31.14,22.85
32.11,21.97
26.8,19.6
25.02,18.99
28.99,20.92
30.74,20.39
27.59,15.41
27.71,17.31
27.24,19.29
29.95,19.71
27.82,19.39
32.73,20.89
27.71,20.59
28.57,21.19
31.82,21.37
32.19,21.51
32.4,21.86
29.06,21.1
28.15,16.35
29.36,15.6
25.37,13.38
26.9,15.43
26.25,18.57
26.88,15.73
28.13,15.63
28.2,15.27
29.47,15.31
30.47,16.68
29.74,18.78
27.24,17.64
27.8,15.75
28.68,14.47
29.95,14.93
30.04,16.08
30.11,17.73
30.08,18.78
32.86,20.98
32.31,20.08
29.39,14.25
27.77,14.04
29.73,15.54
30.25,17.75
23.44,18.66
26.93,19.61
27.54,19.87
26.07,16.0
26.66,13.47
26.21,13.46
28.86,15.47
29.39,18.67
25.54,13.32
21.9,12.32
21.12,12.39
26.85,12.99
28.29,13.21
28.3,14.3
28.95,14.93
29.58,16.76
28.53,15.47
31.42,16.11
34.58,16.13
21.73,6.36
19.75,7.56
25.53,11.99
23.83,10.43
20.76,5.76
19.58,4.79
16.9,5.03
19.97,5.37
21.59,5.59
23.36,6.38
22.0,5.82
21.51,2.61
22.75,3.26
25.21,5.02
24.3,7.97
16.3,0.27
14.97,-0.1
18.64,1.89
23.73,4.32
24.4,8.57
22.83,5.45
17.61,0.61
19.86,1.33
17.24,3.16
22.63,3.16
9.4,0.73
7.2,-1.08
12.47,-2.16
15.48,-0.51
22.94,5.09
25.39,10.95
25.69,10.13
25.31,10.83
21.84,7.92
12.62,-0.54
14.19,0.26
19.06,2.46
21.4,3.19
16.11,8.55
17.28,12.43
20.73,7.28
18.28,6.23
22.76,6.35
24.35,12.15
20.31,6.76
21.56,5.61
18.83,5.96
17.07,5.17
22.91,5.36
22.91,8.24
17.77,-0.96
-0.24,-1.87
4.24,-2.75
5.84,-2.25
5.13,1.15
3.28,-1.99
0.11,-2.95
1.72,-7.69
2.46,-8.83
2.58,-8.66
9.88,-4.85
14.39,-3.8
15.41,-3.21
16.81,-1.49
12.36,-3.6
12.88,-3.21
12.23,5.23
7.81,4.96
15.89,0.0
4.11,-6.09
4.22,-6.97
13.65,1.93
11.85,-6.72
5.85,-7.07
7.71,-3.71
9.88,5.73
9.52,4.07
6.98,3.99
8.55,4.92
8.13,4.62
8.65,2.66
7.83,-0.64
8.36,-0.41
12.43,4.9
6.82,1.22
4.3,-0.84
2.4,-4.62
2.59,-7.98
0.78,-7.66
7.46,-5.41
6.6,-5.2
6.58,-22.12
-16.5,-22.27
-8.26,-16.58
-6.1,-15.05
-3.49,-8.81
-0.3,-4.42
10.06,-3.47
14.21,8.52
14.31,7.71
