20170101
7.62,-2.05
12.36,5.78
12.82,-3.81
-1.77,-7.29
-5.99,-14.63
-9.82,-16.29
-8.65,-16.93
-5.69,-15.47
4.3,-6.56
12.57,-1.72
17.89,-0.15
18.49,-1.4
1.42,-1.17
2.51,0.13
3.46,0.13
14.85,3.36
15.35,2.81
4.76,1.6
10.35,2.27
14.87,7.42
18.1,5.69
16.01,6.25
8.89,3.74
6.92,1.65
14.73,1.55
2.42,-1.28
1.66,-4.04
1.39,-3.85
-0.4,-6.94
6.71,-7.6
7.75,2.9
5.92,-2.39
1.85,-5.57
-0.79,-11.78
4.44,-11.73
10.72,-2.66
15.81,-1.45
15.83,2.46
5.4,-4.61
-2.79,-9.62
12.03,-4.91
18.41,8.98
15.46,-2.9
9.37,-3.02
11.43,1.44
6.91,-2.46
8.7,-0.41
19.6,3.63
17.54,5.63
15.97,1.6
19.61,3.39
18.25,8.66
19.98,11.78
20.58,13.18
24.65,2.55
1.82,-6.56
8.39,-5.71
10.33,4.42
17.89,7.97
15.45,0.88
7.04,-1.89
3.7,-3.04
9.53,-1.61
19.28,-0.37
17.02,9.23
13.44,5.0
15.9,1.81
21.1,0.58
6.11,-4.14
2.52,-6.46
3.57,-5.58
3.14,-4.71
0.17,-7.09
1.4,-8.19
6.13,-6.63
8.68,0.68
5.88,-0.94
10.3,0.63
16.34,4.2
16.66,-0.95
6.35,-2.01
15.25,-1.23
23.93,12.98
24.97,13.43
18.6,6.64
20.25,7.7
15.24,8.43
16.42,7.9
24.82,11.17
12.88,4.53
10.15,2.37
18.69,4.51
20.73,12.23
19.57,8.23
23.62,5.19
8.45,1.43
13.21,-0.61
18.35,2.85
25.38,9.95
26.05,14.86
19.35,5.34
20.65,7.07
26.0,8.65
28.12,12.55
27.97,16.75
26.8,12.8
21.39,9.57
25.27,12.69
27.54,16.72
27.49,9.93
15.93,7.42
12.98,5.29
19.2,6.49
23.99,9.51
24.46,12.35
28.63,15.46
18.33,7.22
21.06,9.53
26.65,15.44
25.82,13.14
17.3,7.74
18.7,4.33
12.97,7.49
14.11,7.32
10.24,4.34
16.45,3.36
17.25,0.52
18.41,5.5
19.08,10.9
28.78,13.47
20.39,11.71
18.93,6.86
23.47,10.53
27.65,13.04
28.28,13.94
29.39,17.59
28.56,20.89
28.48,18.14
28.06,15.46
27.21,15.28
25.11,8.66
21.95,9.46
23.64,13.43
18.27,13.21
17.66,10.35
26.24,14.77
28.27,16.8
23.57,14.93
27.59,13.43
26.4,12.26
26.82,10.31
26.54,10.13
28.71,12.1
30.75,14.15
30.73,18.88
29.63,14.87
25.01,11.52
19.93,10.14
24.26,10.53
28.15,14.21
29.4,16.41
30.97,18.39
32.5,21.18
29.47,19.09
29.72,19.08
27.67,18.19
30.65,18.47
30.84,20.91
27.99,16.6
27.0,14.86
28.82,17.45
31.57,20.49
27.8,20.89
24.74,16.47
25.41,11.34
25.38,11.02
23.49,10.2
23.5,10.7
27.1,16.43
30.75,20.84
29.0,19.69
28.71,16.71
29.72,16.59
30.77,19.01
29.63,18.98
29.1,20.58
25.85,18.42
30.78,16.72
27.59,13.64
28.7,17.71
29.49,21.66
26.63,19.75
32.0,22.06
30.51,21.68
29.3,15.01
28.08,15.83
29.73,17.42
30.7,19.54
31.56,17.96
31.13,19.77
32.3,22.18
33.03,22.72
32.84,21.21
29.37,19.29
29.29,16.24
27.54,15.74
29.99,18.29
28.69,22.27
28.08,15.45
25.93,12.87
28.28,15.28
29.79,17.57
28.7,17.57
29.0,16.77
29.73,19.18
24.1,10.79
25.18,13.8
22.2,16.84
24.71,14.09
26.54,11.07
27.49,13.55
28.95,15.49
27.52,17.07
26.93,13.36
27.97,15.69
27.59,17.27
30.42,18.32
31.75,20.91
30.71,20.67
29.05,18.25
30.92,18.36
31.77,19.16
31.72,21.08
28.36,14.91
26.22,11.04
25.78,11.62
25.15,10.85
25.65,11.77
27.58,14.15
26.22,16.36
25.99,14.33
27.53,15.5
27.24,14.87
15.82,12.56
20.15,12.44
27.14,13.31
30.17,15.82
22.8,8.71
19.6,8.02
20.67,8.14
24.57,9.53
23.01,8.52
22.8,8.54
22.39,9.23
20.8,14.32
18.03,15.84
22.41,12.58
27.11,12.93
28.54,15.22
29.64,16.89
27.8,19.29
26.55,17.7
29.99,18.23
32.13,19.01
32.2,17.61
32.03,16.65
32.36,15.09
31.48,15.33
31.79,17.05
29.46,12.05
23.0,8.02
24.99,7.63
22.92,6.0
23.5,6.99
26.39,10.84
28.63,13.82
26.34,17.1
22.88,17.01
26.72,17.55
28.16,13.75
20.08,14.6
22.27,15.33
22.2,16.09
19.14,14.03
17.88,12.18
23.08,11.71
28.19,14.33
23.11,7.35
16.98,3.24
19.85,3.54
20.93,4.89
23.85,7.1
25.11,7.6
24.07,9.89
25.46,13.3
17.3,7.85
11.06,5.28
11.01,-0.08
16.94,0.19
14.28,2.01
4.4,1.48
4.01,-1.02
7.68,-0.17
7.53,-0.01
15.28,2.33
19.91,12.75
15.95,6.5
18.9,8.63
23.44,9.17
12.28,6.51
9.23,4.29
11.51,-0.68
13.32,-1.94
2.68,-4.26
6.48,-3.66
8.78,1.93
7.05,1.07
11.38,0.52
9.87,0.68
4.05,-0.36
15.34,1.08
18.14,2.33
3.49,-3.84
9.63,-3.5
13.38,-2.73
4.84,-4.76
8.15,-2.86
13.99,-1.58
15.05,-2.43
12.07,-2.72
17.32,0.3
17.6,4.17
14.83,2.84
12.19,-2.67
12.02,-2.76
13.0,-2.03
14.77,-1.61
18.08,3.43
9.18,-2.49
7.05,-2.52
-0.34,-8.41
0.07,-8.96
-0.65,-6.83
2.84,-6.84
8.24,-4.8
-0.31,-8.29
7.23,-6.11
-0.7,-6.94
1.08,-5.18
10.56,-0.76
7.09,2.56
7.83,4.87
9.45,1.42
8.96,-2.25
12.63,-1.98
12.26,2.71
3.32,-1.22
1.14,-6.43
-2.36,-8.35
-5.83,-16.61
-9.2,-17.05
-5.76,-12.9
-4.05,-7.65
-6.45,-15.32
-9.61,-19.08
-12.62,-22.11
-8.4,-22.07
-4.2,-17.29
-7.49,-18.44
-8.73,-20.25
-7.08,-20.25
2.83,-10.32
3.01,-0.29
5.13,-0.59
14.65,4.0
14.48,-1.21
-0.22,-10.35
-5.25,-15.91
-5.81,-16.03
-2.32,-16.12
-11.97,-17.6
-5.93,-14.1
0.45,-12.28
4.17,-7.17
8.84,0.24
12.39,6.05
13.32,2.48
3.64,-0.98
-0.23,-6.06
7.75,-5.47
14.12,0.13
9.83,-2.41
11.4,-3.14
1.29,-5.15
0.7,-5.73
11.42,-0.96
6.29,-11.19
-4.26,-11.9
4.36,-6.6
3.28,-10.4
-2.37,-10.58
-0.2,-4.0
-0.66,-8.76
0.03,-8.27
10.3,-1.48
5.1,-0.8
1.45,-6.45
4.09,-6.89
6.88,-4.99
14.87,5.52
19.77,8.42
7.33,-1.92
2.36,-1.46
12.19,-1.34
22.88,12.61
25.25,11.51
11.44,3.42
10.93,3.79
16.08,7.64
14.97,6.87
9.15,-1.13
13.0,-1.23
16.34,0.33
13.23,9.4
14.15,-0.16
9.18,-3.28
10.11,-2.63
10.66,-1.3
8.72,-0.35
13.76,-0.61
3.84,-2.38
-0.36,-4.93
6.5,-4.09
10.22,-1.27
6.79,-2.14
5.18,-4.38
4.6,-5.39
5.14,-4.78
14.04,-3.35
8.11,-2.67
6.46,-2.11
14.47,-0.72
16.75,-0.23
2.54,-2.22
4.26,-4.76
7.76,-4.16
10.33,-1.97
1.97,-2.52
8.08,-2.0
14.53,3.28
13.09,9.92
14.12,10.44
14.65,5.11
9.25,-0.17
15.49,1.53
9.24,-0.55
9.45,-0.25
23.15,1.22
2.78,-3.78
10.55,-1.86
14.69,-2.31
5.91,-4.86
6.23,-1.98
5.66,-1.54
7.01,-2.08
18.08,0.55
26.49,13.72
26.75,15.89
20.28,11.68
12.16,0.75
2.04,-0.52
10.19,0.7
22.08,1.8
12.78,-0.69
16.26,1.52
17.8,5.76
19.26,8.81
14.54,9.73
13.44,10.74
19.14,4.26
20.1,4.17
21.36,6.23
13.85,-0.04
16.83,0.69
22.96,4.7
27.37,13.93
28.62,18.69
25.67,17.57
26.3,13.52
19.26,11.55
26.91,10.04
22.79,7.32
25.66,9.47
28.27,15.55
28.3,14.23
29.99,17.65
29.19,16.73
30.88,17.71
32.11,20.24
31.15,18.75
25.29,16.13
27.86,17.34
23.36,18.16
25.37,16.83
30.21,17.83
29.46,18.4
29.22,14.46
27.15,13.26
28.1,13.09
30.3,17.93
29.63,18.4
32.2,18.68
32.69,19.89
30.75,21.58
26.92,20.34
28.84,19.41
28.99,17.76
30.13,19.32
26.85,12.18
24.65,11.42
28.39,13.46
25.93,14.37
30.56,17.99
31.58,17.48
32.26,17.42
25.61,18.03
25.58,18.49
27.2,19.7
28.73,13.8
28.6,14.76
30.89,17.9
33.47,20.49
33.83,21.4
33.09,22.32
32.64,20.83
30.43,21.54
26.18,18.63
24.79,18.26
24.68,17.59
27.96,19.72
23.7,19.66
25.14,19.33
28.49,18.26
30.38,19.29
31.93,19.7
32.59,22.09
32.4,22.31
31.9,21.56
30.71,21.74
33.99,22.44
33.51,21.31
28.0,13.47
27.33,14.37
30.93,17.21
32.29,19.34
32.53,20.47
29.46,15.21
29.18,15.31
31.61,17.13
32.85,20.14
28.93,21.16
29.82,19.92
30.37,14.56
29.66,15.07
29.84,17.79
27.33,18.05
24.46,19.08
26.49,16.63
25.56,16.45
27.93,16.69
29.86,16.76
29.27,16.42
26.48,13.94
26.92,14.77
27.17,17.83
24.56,18.78
24.35,17.44
26.33,16.05
28.54,16.6
29.86,19.34
31.52,19.76
32.14,20.15
31.8,20.22
29.78,20.55
29.41,17.88
29.16,18.82
30.03,19.72
29.48,16.66
29.44,16.72
29.13,16.7
30.09,18.94
25.55,19.77
26.63,20.56
27.12,19.98
28.51,18.38
29.56,19.1
28.39,19.8
26.96,17.41
24.62,11.46
26.05,12.44
24.66,14.07
27.46,20.33
32.04,21.83
31.92,21.7
32.24,21.71
30.71,19.26
28.19,17.24
30.5,18.25
29.05,19.53
31.66,20.83
32.82,20.92
33.34,20.58
32.59,20.93
30.94,20.48
26.9,18.22
18.94,14.48
16.08,13.32
19.03,12.86
22.37,13.65
23.27,15.28
29.48,16.49
30.88,17.47
31.0,19.33
29.61,20.29
29.4,18.48
32.28,18.66
32.27,19.48
32.77,20.57
30.69,14.82
16.77,12.95
24.19,13.3
21.3,16.84
25.22,19.12
21.54,11.18
16.15,7.41
22.78,8.34
22.1,9.78
26.98,12.03
29.13,15.2
29.62,19.32
30.4,19.86
26.52,17.79
30.6,18.38
31.1,17.82
31.34,18.55
31.0,19.75
30.41,19.1
24.69,11.99
16.15,2.16
12.14,2.83
12.12,3.9
13.11,7.26
12.34,1.42
12.01,1.57
16.23,-0.4
14.35,-0.27
13.95,1.13
16.81,-1.72
11.59,-1.26
18.96,1.82
17.03,0.99
13.99,1.52
13.76,3.69
9.16,6.25
11.28,3.97
18.14,3.34
16.3,2.46
20.56,5.01
18.28,8.72
10.9,5.08
7.83,0.42
13.42,0.43
16.17,6.96
15.79,9.63
15.4,3.33
12.1,-1.23
6.13,-0.49
6.54,-6.1
2.44,-6.92
6.78,-5.89
6.94,-0.29
2.27,-5.78
0.52,-5.75
1.19,-1.55
3.64,-0.85
7.21,1.17
10.63,0.95
5.25,2.08
3.31,-2.41
8.02,-3.14
9.45,-2.65
10.91,-1.16
12.65,0.55
14.42,0.48
2.26,-5.0
-3.98,-7.11
0.03,-7.67
5.17,-0.88
10.02,4.73
14.25,7.27
17.33,3.83
4.39,0.28
1.12,-2.15
-0.45,-3.75
4.8,-6.64
2.89,-7.36
-2.53,-6.2
4.09,-8.17
0.86,-9.59
7.16,-7.8
10.26,0.58
9.35,3.24
10.65,5.51
8.21,3.14
9.11,-0.55
8.85,-3.64
7.39,-3.98
11.77,-1.92
8.5,4.97
6.24,-0.52
4.18,-1.66
2.49,-3.02
6.5,-3.14
7.88,-4.35
8.89,-3.87
13.37,3.98
14.06,-0.12
1.97,-2.78
6.19,-2.98
16.7,4.52
5.5,2.93
4.79,0.23
4.28,-1.76
10.33,-0.43
11.82,-0.77
11.5,-0.69
14.24,6.72
16.09,-2.09
-1.43,-6.4
-1.98,-6.77
0.82,-6.29
0.79,-2.15
0.08,-3.57
-0.4,-9.42
0.7,-5.74
1.73,-0.02
4.24,0.75
2.0,0.13
2.88,-10.88
-7.93,-18.41
-7.36,-18.39
6.86,-8.77
10.33,-4.35
-0.63,-12.31
-3.37,-12.49
1.92,-3.9
-0.93,-6.93
8.7,-9.77
-6.19,-17.52
-15.73,-21.7
-7.86,-20.27
0.33,-7.99
9.19,-3.06
18.05,2.47
13.48,3.58
11.54,3.51
14.29,9.49
16.93,-6.84
-2.94,-10.29
-0.71,-10.03
2.07,-4.04
9.03,1.57
11.28,-3.82
3.21,-3.94
13.05,1.3
1.84,-4.43
2.31,-4.91
0.22,-2.33
0.18,-6.11
1.98,-6.13
8.17,-1.28
7.55,-1.62
5.84,0.62
14.88,3.98
7.44,-5.37
4.32,-5.7
10.11,-3.12
14.0,-1.72
1.64,-1.09
4.16,-1.01
5.05,-0.18
0.04,-10.69
-6.69,-13.48
-4.41,-12.75
-1.12,-10.79
2.19,-4.44
3.22,-0.73
15.13,1.23
9.12,-0.03
10.55,-3.21
10.56,-2.86
21.15,6.08
21.53,6.5
6.98,-0.96
8.55,-3.48
11.1,-3.79
9.03,-3.77
10.42,-2.47
13.11,1.0
7.83,1.75
10.36,-3.54
13.68,-2.43
14.9,5.28
8.92,-2.36
9.15,-2.88
15.24,-1.24
21.89,5.1
16.09,11.03
15.11,-1.88
2.94,-4.99
8.02,-3.36
14.74,-0.31
16.29,3.5
20.99,8.61
15.29,8.96
20.34,9.59
20.76,12.41
22.8,10.06
21.03,5.35
20.76,7.58
27.01,9.98
19.34,4.84
19.24,6.37
22.59,1.92
12.06,2.08
24.64,7.07
24.18,13.09
23.19,6.27
8.36,2.71
6.43,2.53
20.2,4.47
24.67,10.03
24.5,9.46
19.97,10.09
20.12,9.28
17.7,4.85
16.45,5.76
12.4,5.55
24.91,7.88
25.56,12.64
26.66,13.93
22.98,15.44
21.77,14.41
15.95,10.23
21.46,7.56
24.69,9.36
25.84,11.6
28.05,13.65
23.55,12.0
14.55,6.59
18.48,7.29
10.95,8.15
13.26,4.66
20.15,6.89
21.12,8.51
25.22,12.83
29.11,15.6
30.08,19.25
23.7,14.01
21.4,8.82
20.06,9.81
24.99,17.61
28.9,18.09
30.97,18.01
30.14,20.02
29.34,16.33
28.41,19.26
30.0,22.02
26.14,17.43
24.34,16.56
25.63,13.93
27.21,16.36
25.83,8.08
23.91,11.08
26.62,15.95
29.46,17.5
28.32,18.6
25.65,18.85
23.66,19.07
25.63,19.47
23.05,9.06
24.03,10.56
24.54,13.42
19.31,7.52
23.88,12.27
24.15,17.3
26.09,18.45
26.67,18.74
26.53,18.55
27.66,19.4
22.58,15.52
25.56,16.58
24.08,16.23
28.38,18.44
24.62,16.77
28.27,17.35
31.21,19.2
30.74,18.64
31.65,19.6
32.16,21.0
32.33,18.82
31.67,20.33
32.65,20.5
30.1,20.01
31.15,20.59
32.35,21.41
30.41,20.81
31.2,19.96
29.51,17.81
31.58,19.32
32.86,21.37
31.02,17.22
29.3,14.07
31.66,16.91
32.09,20.35
31.39,21.95
30.43,22.06
30.46,21.05
32.74,23.09
32.75,22.42
33.22,22.61
32.6,21.54
25.52,14.65
26.05,13.26
26.07,12.91
27.35,14.25
29.0,15.57
30.3,17.74
30.75,18.77
30.71,19.47
29.46,17.93
28.38,16.03
30.05,17.69
29.52,15.83
29.96,14.82
30.73,16.02
31.59,17.37
30.24,18.38
29.52,17.08
30.91,18.19
29.91,14.51
28.67,13.9
30.0,17.52
28.28,20.64
29.92,18.87
30.97,16.14
28.85,15.5
30.16,17.68
30.09,19.9
33.08,19.59
33.2,20.5
31.67,18.94
29.75,19.64
26.11,18.52
23.72,12.39
25.42,13.23
27.49,15.56
21.65,19.93
26.11,14.67
25.73,11.54
27.82,14.35
29.3,18.94
24.13,17.21
29.29,17.74
27.79,15.27
29.61,17.68
28.32,13.46
25.17,12.07
27.59,14.04
23.85,11.88
25.08,14.57
29.95,16.05
34.05,18.65
32.47,18.77
32.71,19.52
32.92,15.58
27.42,12.98
30.49,16.03
31.94,17.09
28.82,14.69
30.34,15.04
30.51,15.67
30.21,17.74
30.87,15.83
30.88,18.42
27.58,8.97
25.92,10.14
29.32,13.11
25.67,9.23
32.1,13.17
32.3,18.44
32.8,17.86
33.92,17.53
33.44,17.9
33.42,17.57
31.74,11.33
21.77,8.39
26.53,9.47
22.56,12.45
19.72,5.4
22.64,6.02
24.06,8.13
26.74,12.0
22.47,1.38
13.6,0.32
20.25,1.45
19.93,2.63
23.54,4.92
10.29,1.66
15.26,0.73
17.65,1.65
22.16,4.4
24.14,10.15
21.7,10.58
16.3,2.58
18.79,3.26
19.61,7.44
14.91,9.26
18.09,10.3
18.22,3.61
20.26,4.55
16.17,9.31
13.14,10.3
10.62,-2.49
8.4,-2.94
10.75,-2.54
11.86,-1.59
15.5,2.77
10.8,-1.76
12.47,-0.81
5.84,-6.76
2.35,-7.01
8.37,-2.86
17.48,3.9
12.46,-9.24
-5.27,-13.42
-0.44,-11.82
5.58,-5.7
6.44,-5.6
7.7,-4.51
8.94,-3.75
5.39,-0.87
8.06,-1.27
8.52,3.08
12.29,4.39
7.09,-1.73
3.73,-0.24
9.55,0.17
14.29,1.89
14.48,4.75
13.2,1.41
3.29,1.31
5.88,2.24
13.5,2.91
9.15,0.83
2.63,-0.81
3.59,-0.79
9.94,-2.96
10.68,-3.38
9.33,-5.09
7.15,-4.81
13.03,-1.54
13.42,-2.1
-1.98,-8.31
2.38,-7.54
6.25,-5.36
8.02,1.13
6.22,-1.24
1.68,-1.46
0.79,-1.22
1.85,-6.1
-1.3,-10.84
3.69,-9.24
7.52,-6.39
11.56,-4.18
12.43,-3.78
14.61,-2.64
15.54,-2.34
18.45,-1.07
17.47,7.78
14.61,6.19
15.45,6.5
16.2,5.21
5.21,1.21
2.67,0.09
8.88,-0.19
10.42,5.57
10.64,3.64
3.59,-2.25
8.72,-2.49
8.43,-2.73
8.7,-2.26
3.92,-3.14
13.89,-2.63
17.12,9.4
18.3,2.2
5.43,1.22
7.68,1.38
9.33,-0.5
12.76,0.57
4.23,-5.35
2.0,-5.06
10.43,-8.54
-7.82,-10.41
-2.99,-8.87
-0.1,-9.45
3.65,-8.66
8.31,-0.22
7.61,1.13
1.63,-0.67
6.72,-3.34
2.95,-2.96
1.47,-0.19
1.9,-0.24
3.57,-0.23
3.3,-0.26
5.45,-0.11
17.56,1.14
19.63,4.21
13.85,-0.22
2.63,-0.42
0.48,-3.08
1.07,-3.19
1.85,-4.96
9.68,-3.55
7.02,-0.02
5.09,-1.93
2.36,-1.28
2.64,-12.45
-4.59,-13.17
6.91,-9.51
9.94,-2.09
11.55,-0.33
10.06,-4.02
6.14,-4.18
0.68,-10.01
3.2,-9.75
9.53,-6.86
13.21,0.57
6.68,4.17
7.43,1.61
2.8,-4.03
1.68,-4.32
2.25,-7.47
3.45,-7.13
16.54,-3.36
12.04,8.51
14.29,-0.1
15.84,-1.34
15.26,-0.57
2.34,-4.61
10.24,-4.48
18.04,-0.17
17.81,8.74
13.29,5.54
10.49,3.68
16.53,4.51
10.89,1.4
5.7,0.85
6.99,0.93
8.86,3.26
11.8,2.87
15.32,4.48
19.75,11.48
21.5,0.22
3.09,-1.89
5.69,-1.5
10.78,2.15
11.58,2.94
17.02,3.51
20.18,6.78
23.04,12.45
25.62,15.95
18.2,7.91
16.19,4.63
7.93,4.21
11.38,0.11
16.2,2.53
20.44,6.34
21.48,7.58
14.12,7.15
20.95,8.54
26.06,13.98
27.13,7.38
12.69,0.34
10.74,0.93
16.79,5.42
16.98,9.72
9.45,0.65
8.57,-3.3
10.61,-4.2
10.02,-0.2
10.77,1.16
12.57,1.81
14.41,3.13
18.47,5.18
13.86,-0.29
21.56,3.79
12.89,9.84
19.32,7.31
19.58,6.66
15.53,1.71
19.12,5.96
24.27,14.07
18.11,7.07
9.47,6.16
19.78,6.99
27.73,13.0
22.05,6.16
20.7,7.35
9.11,4.35
15.19,2.38
19.42,7.29
12.04,-2.37
12.81,0.9
17.7,3.01
9.9,1.27
15.74,4.62
14.29,8.1
27.26,13.89
23.15,15.69
26.3,17.2
25.74,15.96
19.75,14.26
18.01,11.55
14.26,11.22
17.88,12.76
24.73,14.27
27.74,16.87
29.98,17.31
30.73,17.52
29.88,18.99
25.82,18.72
27.09,17.44
24.19,12.92
22.81,10.39
21.91,7.18
24.84,12.28
30.83,18.38
31.26,20.33
29.09,17.95
30.51,18.22
32.47,16.0
28.83,15.76
30.43,18.94
28.88,22.7
31.36,14.94
26.91,12.55
29.09,12.31
25.52,12.84
23.75,11.0
25.01,12.82
27.18,13.56
28.17,14.1
28.43,16.0
31.3,16.9
32.28,17.75
29.46,19.08
29.42,19.67
25.89,15.53
26.78,13.81
28.64,16.75
30.53,21.24
25.55,19.78
27.05,20.98
30.26,20.19
29.35,19.99
31.66,19.43
31.66,18.03
32.27,19.28
33.55,19.65
33.6,20.2
32.43,20.0
32.67,20.55
32.81,20.33
33.19,21.1
29.59,18.3
30.9,17.23
27.96,15.73
28.36,15.37
30.49,16.48
31.59,20.49
27.23,17.53
30.83,19.49
32.53,22.3
33.25,20.81
31.61,20.82
32.07,20.26
28.71,20.81
29.43,18.44
30.11,17.33
30.74,18.57
32.85,21.5
31.71,20.43
29.81,17.32
31.04,19.92
22.86,19.55
26.0,19.67
27.52,17.39
26.59,17.48
27.14,16.69
24.69,12.05
23.84,13.41
25.54,14.22
26.59,13.1
28.38,15.62
30.89,18.12
29.06,19.2
28.59,19.3
28.63,19.85
30.0,20.0
26.79,18.82
29.99,18.51
28.11,15.84
29.21,17.1
23.54,13.55
25.24,12.4
26.55,14.32
27.56,16.7
27.37,17.88
28.66,18.42
30.64,19.67
31.86,19.75
30.98,21.22
27.92,22.43
28.2,20.53
28.9,13.5
26.06,15.83
26.49,17.44
27.6,19.86
27.49,20.28
28.87,15.43
25.82,9.57
26.95,11.72
26.85,15.8
29.42,16.93
30.47,16.24
30.83,16.59
29.8,18.25
23.09,17.0
28.74,17.53
27.37,13.91
25.86,10.87
22.88,8.46
25.85,8.99
27.19,10.6
19.75,5.89
20.47,4.48
22.89,5.58
23.55,6.18
24.24,8.13
22.82,10.05
24.63,10.34
26.09,11.65
24.78,13.58
26.25,13.85
18.82,6.16
17.83,6.49
23.7,5.34
19.55,2.61
16.78,4.15
18.56,7.0
17.04,0.43
17.41,1.76
22.63,5.12
28.77,6.78
25.62,7.52
27.53,9.1
23.37,16.27
25.14,16.47
24.39,4.76
20.79,4.85
25.25,6.54
16.78,0.1
14.2,-1.12
16.85,0.69
15.73,9.35
12.08,7.99
16.64,8.82
20.5,12.12
27.17,13.1
25.14,6.64
12.28,5.7
11.01,6.2
9.42,7.16
10.88,7.26
12.01,8.75
10.68,4.69
9.81,-0.95
14.43,0.5
10.69,-3.0
9.79,-2.37
18.42,0.67
22.05,5.12
19.55,3.66
21.48,3.35
23.36,3.83
26.62,8.62
26.14,10.44
25.54,11.64
12.67,0.09
12.75,-0.01
13.21,-2.35
16.9,-0.28
13.63,1.74
13.06,0.95
6.07,-2.27
9.79,-1.69
18.44,5.55
17.68,8.8
9.73,6.5
9.57,1.5
9.25,2.0
10.26,4.09
14.51,7.66
10.56,7.32
12.56,-0.14
9.75,-2.56
11.98,-2.46
2.66,-1.98
0.67,-6.27
6.52,-5.88
6.71,-3.81
7.18,-2.57
6.72,-4.25
3.26,-3.96
0.73,-1.93
2.36,-1.09
13.25,-1.98
16.0,-1.95
17.68,4.09
16.32,3.67
5.58,2.09
2.17,-6.51
1.56,-5.97
0.99,-1.72
0.14,-5.53
3.69,-5.56
5.21,-0.08
6.67,0.18
8.83,0.36
7.49,-0.77
13.25,-1.47
-1.72,-11.06
-7.58,-11.8
3.41,-9.83
11.54,-2.11
2.13,-3.45
5.32,-4.22
11.02,-2.38
0.15,-2.58
9.84,0.36
3.5,1.23
2.47,-1.64
7.61,-1.5
1.77,-0.23
2.78,-0.45
3.67,-0.63
0.33,-1.91
0.53,-7.62
0.4,-7.46
-1.52,-4.65
2.85,-4.07
8.13,-2.14
8.97,-0.34
6.17,-1.49
1.5,-1.25
1.36,-1.49
1.8,-2.19
6.64,-2.64
2.99,-2.47
10.47,-2.14
2.65,-10.12
1.76,-9.9
0.98,-1.64
3.03,-0.62
7.01,-0.72
0.41,-8.33
-0.78,-10.93
1.4,-10.59
3.09,-3.9
5.03,-2.71
-1.22,-6.43
0.91,-6.84
2.34,-5.88
3.74,-4.15
2.77,-6.46
1.73,-11.51
-5.38,-12.25
1.4,-8.85
-1.24,-6.31
-4.77,-7.6
-3.43,-7.61
-1.17,-6.55
-2.25,-8.98
-3.49,-9.62
-6.73,-11.67
-6.5,-17.23
-4.27,-16.0
-1.4,-10.86
-2.16,-14.76
0.67,-11.4
7.96,-8.81
4.58,0.9
12.52,-0.17
16.77,-2.48
8.36,-2.24
8.09,-0.63
13.71,6.39
16.37,2.08
7.97,-4.8
7.33,-4.67
17.07,-2.36
11.51,-4.38
8.74,-4.55
8.99,-4.17
10.95,-3.63
18.63,-1.25
19.25,0.94
20.91,8.74
18.18,7.05
15.9,4.41
12.38,-0.56
11.22,0.9
4.87,0.91
13.8,2.93
17.03,5.74
14.95,-0.22
10.55,-1.91
16.2,-1.67
19.38,1.86
19.96,4.47
20.23,9.25
22.75,6.68
17.7,8.06
13.63,4.17
23.32,6.57
10.92,-1.77
15.13,0.09
23.01,5.41
11.13,-1.72
4.15,-5.38
9.3,-3.84
17.94,0.84
23.63,5.38
25.0,7.49
25.67,9.09
27.44,12.8
21.08,10.67
26.95,11.46
18.32,8.91
11.59,8.27
20.34,7.66
19.41,8.89
17.35,3.11
13.09,0.21
16.65,2.53
13.95,1.06
17.98,3.01
20.06,2.73
17.38,-1.26
7.88,-1.39
12.59,-0.41
16.2,3.53
12.02,6.36
17.36,3.15
24.17,7.3
27.96,16.67
26.56,17.37
20.48,9.59
21.48,1.45
22.61,4.77
25.27,13.4
22.51,15.32
20.99,9.1
16.61,3.14
17.39,4.2
17.39,1.92
15.26,4.7
16.56,1.89
16.3,4.69
15.86,3.69
17.13,2.83
19.51,3.79
21.45,5.04
22.41,10.78
21.19,12.71
20.47,13.63
25.58,14.08
27.08,14.97
28.96,14.7
28.76,13.4
29.44,14.57
29.78,15.91
31.06,16.02
30.97,18.21
25.5,16.91
27.42,17.77
21.83,8.01
14.72,4.59
18.98,6.91
23.17,10.34
23.69,14.48
18.53,16.13
22.49,13.97
29.41,14.34
29.05,16.65
27.81,19.33
27.43,20.22
25.38,20.59
25.23,20.73
26.96,20.23
30.47,19.39
32.84,19.78
31.12,14.68
30.84,13.39
27.02,12.94
26.81,12.85
29.33,15.5
32.07,18.48
28.02,18.09
30.46,22.43
27.55,12.36
21.88,10.14
24.92,12.32
27.76,18.76
27.28,21.9
29.6,21.68
31.31,20.62
32.37,20.95
33.81,21.24
28.69,20.26
26.06,15.24
24.08,13.27
25.7,14.78
30.04,18.66
31.22,19.62
31.68,19.45
30.8,20.84
27.14,16.11
23.69,15.96
25.56,17.38
26.04,20.02
27.94,20.74
27.21,18.9
28.83,20.09
30.76,20.45
28.15,20.43
26.98,19.17
27.35,17.02
28.07,17.24
28.66,17.14
27.04,16.05
27.46,15.97
28.81,16.77
30.15,19.19
30.56,20.73
31.52,16.98
30.86,17.94
30.7,19.92
30.79,20.24
27.81,17.59
23.03,13.8
27.03,12.39
25.72,13.3
27.1,13.31
27.57,14.93
29.16,16.33
28.43,18.51
29.93,18.51
30.8,19.51
25.86,21.48
31.84,22.7
32.38,23.64
33.56,21.15
30.37,20.48
28.23,18.53
24.95,18.14
27.47,19.07
29.05,19.23
30.72,20.36
29.91,18.87
30.85,18.93
31.18,18.81
32.4,19.52
32.79,20.07
33.27,21.01
30.32,19.95
33.19,20.13
33.17,20.26
32.75,21.33
32.04,20.98
25.34,20.14
25.71,18.4
26.42,12.98
26.17,13.01
25.96,14.55
25.94,17.55
26.38,12.55
28.53,14.02
28.77,16.96
27.26,11.79
24.91,11.02
26.07,12.08
27.52,15.13
29.49,17.94
29.88,18.44
30.5,19.32
24.81,14.59
27.75,15.64
30.89,16.87
31.83,17.64
30.02,19.09
22.59,18.38
23.88,13.9
15.15,9.87
18.84,6.28
23.09,8.25
21.2,6.86
24.13,9.12
28.89,14.87
28.83,14.4
29.08,13.57
26.9,12.06
26.5,12.05
24.3,14.53
23.4,16.47
22.87,14.54
26.07,15.41
24.73,16.86
24.79,15.78
25.83,14.64
28.03,14.89
28.61,17.69
27.53,17.86
20.84,11.58
25.26,12.39
27.69,18.49
24.29,9.91
16.57,4.65
19.87,4.23
21.64,4.79
21.76,6.11
22.76,6.96
21.31,9.69
12.26,7.34
15.36,7.79
22.53,12.3
16.49,8.28
14.39,1.25
15.01,1.47
12.72,8.54
15.81,10.62
13.05,9.15
17.04,2.26
12.56,2.14
9.63,-3.08
9.93,-2.86
10.76,-2.94
11.93,-2.76
14.47,-1.84
17.74,-0.91
21.07,1.88
17.62,2.92
20.58,5.8
17.32,3.01
10.72,1.3
4.29,0.63
4.87,-2.64
5.03,-2.17
16.2,-0.46
19.12,4.15
8.31,-3.74
5.81,-4.15
11.62,-1.32
7.78,-1.64
4.7,-6.81
5.88,-6.96
12.76,-1.2
8.88,-3.57
1.68,-3.97
8.97,-0.26
7.99,-6.09
7.1,-6.45
12.54,-1.3
11.06,2.85
18.07,1.16
16.69,1.53
12.65,-0.06
16.63,1.49
6.08,-6.26
-1.9,-5.89
5.13,-5.38
14.16,-1.58
18.77,8.91
17.1,-2.6
9.18,-3.21
12.02,-2.07
14.39,-1.74
17.96,11.81
16.31,-1.52
8.07,-1.35
11.56,-1.7
1.94,-5.75
6.64,-5.83
7.29,-5.49
2.62,-5.95
11.35,-4.13
17.45,8.94
20.23,6.68
15.19,5.62
20.37,5.27
11.11,4.28
9.24,5.56
8.96,5.51
17.32,8.53
14.15,2.27
1.68,-6.01
0.99,-7.12
6.05,-6.54
6.35,-9.16
-6.96,-12.68
-7.09,-13.01
6.03,-11.13
6.46,-8.63
-0.23,-11.15
1.55,-10.78
9.85,-1.59
8.1,-2.05
1.54,-3.49
0.06,-6.75
0.8,-6.95
-2.23,-4.14
5.82,-4.36
9.67,-6.82
-3.59,-8.49
-2.99,-13.71
0.38,-13.61
2.46,-9.15
4.42,-7.29
-1.8,-15.35
-4.34,-15.85
1.66,-9.99
-1.27,-17.86
-3.27,-17.82
5.07,-8.04
5.26,-7.11
15.93,-0.54
7.66,-1.2
-1.16,-7.29
-4.56,-11.89
-4.89,-12.72
3.39,-10.25
2.02,-10.46
8.14,-8.67
10.92,-1.11
6.32,-2.96
12.15,-1.96
-1.33,-8.13
-2.38,-10.13
0.25,-9.62
11.86,-7.34
16.74,7.8
12.7,-5.16
1.62,-5.93
0.2,-6.96
14.76,-4.45
17.58,3.88
16.47,-2.28
-1.25,-2.91
2.35,-1.87
-0.37,-3.94
2.97,-5.97
9.47,-5.72
11.39,-3.91
19.08,1.5
20.46,2.01
7.69,-1.37
12.71,-1.18
23.89,7.09
21.14,11.53
14.38,0.33
4.84,0.34
9.42,-1.74
11.23,-1.41
7.43,-8.35
-2.35,-8.6
11.24,-3.79
17.9,3.01
19.74,2.35
21.93,2.87
22.59,4.84
17.53,8.26
9.06,2.2
17.34,1.85
21.56,3.63
18.38,9.27
19.84,6.54
11.84,4.71
7.15,2.11
4.28,-2.35
5.65,-6.57
6.38,-5.02
8.82,0.15
26.42,7.93
8.96,1.06
6.56,-3.23
12.21,-1.07
15.28,2.19
15.91,4.9
13.23,6.09
13.76,5.59
11.47,1.73
8.7,1.09
6.87,-2.21
17.82,0.39
17.55,10.62
21.66,11.21
20.48,4.22
16.28,4.22
21.55,7.88
17.38,1.28
10.72,1.67
6.67,0.82
11.41,1.87
19.17,6.62
18.37,6.97
26.01,10.69
28.91,15.84
28.15,18.29
20.28,3.25
14.61,1.65
18.14,4.29
18.48,7.35
22.55,11.58
25.65,13.39
22.97,6.19
22.28,10.15
25.92,10.14
15.26,10.27
16.61,11.95
22.14,9.67
17.13,7.73
21.47,9.69
25.87,12.48
29.01,16.91
30.33,11.7
29.84,14.42
29.26,14.81
29.52,13.57
30.32,12.93
25.25,10.58
27.66,13.03
22.71,14.88
27.6,15.96
30.51,20.46
28.83,16.99
19.98,10.57
18.57,9.76
23.91,11.61
28.52,18.19
22.31,14.07
19.68,11.13
22.78,12.21
27.47,15.12
30.75,17.55
30.78,17.96
30.67,19.04
24.1,12.33
26.73,11.12
28.0,12.44
28.08,15.43
26.83,18.26
26.99,16.05
27.92,13.92
24.83,13.61
22.28,14.39
25.3,15.16
28.92,19.77
33.08,23.52
34.08,22.99
33.52,22.96
33.05,23.95
30.17,15.31
25.8,10.54
26.18,11.59
30.0,13.08
33.16,17.54
33.96,15.43
29.76,14.05
30.57,14.71
30.4,17.48
28.61,14.23
26.26,9.96
25.87,9.57
29.22,13.36
32.54,20.56
32.45,20.68
30.15,19.19
30.57,16.93
32.34,21.38
35.14,23.34
33.97,22.32
27.75,21.65
24.96,20.17
26.37,15.83
29.43,16.56
30.27,19.85
30.29,16.51
29.88,17.7
29.03,15.64
28.93,19.96
31.24,21.33
23.99,20.84
28.51,18.74
30.53,20.74
33.07,19.95
31.14,19.18
32.5,20.18
30.98,22.44
31.76,22.19
26.95,20.01
25.45,19.31
28.22,20.81
30.13,20.8
26.9,14.44
27.42,17.3
26.43,18.52
29.28,19.6
28.02,18.54
32.31,21.23
28.29,21.05
28.4,21.58
30.58,20.49
31.54,21.29
31.63,21.67
29.36,21.42
27.39,15.72
28.55,15.06
25.18,12.94
27.02,15.55
25.89,18.09
26.53,15.27
27.35,15.31
27.43,14.69
28.71,14.59
29.54,16.57
28.8,18.1
26.67,17.37
26.24,15.37
27.4,13.68
28.75,14.39
29.1,16.49
29.27,17.15
29.6,18.3
32.37,20.78
31.4,20.02
28.41,13.56
27.15,13.52
29.33,15.09
29.63,17.91
24.58,18.79
26.91,19.54
27.57,20.16
25.94,15.99
26.32,13.01
25.99,13.32
28.82,15.97
28.24,18.42
25.98,13.86
21.75,12.36
21.09,12.56
26.53,12.85
27.77,12.68
28.07,13.58
28.45,13.6
28.85,16.27
28.02,15.27
30.58,16.3
34.05,16.63
21.29,6.22
19.85,7.85
24.64,12.31
23.2,10.2
20.26,5.02
18.91,3.84
16.08,4.69
19.66,5.47
21.67,6.52
23.08,7.32
21.6,6.54
20.99,3.0
22.07,3.29
24.45,5.37
23.63,7.8
15.99,0.32
14.61,-0.48
17.76,1.98
22.73,4.76
23.62,7.0
24.19,6.48
17.69,0.99
19.39,2.25
17.17,2.75
22.01,4.69
9.51,1.18
6.4,0.08
12.0,-2.17
14.44,-0.3
22.1,5.51
24.61,10.12
25.06,8.62
24.88,9.86
23.18,8.08
11.79,-0.27
14.57,1.14
19.34,2.96
20.69,4.2
16.36,9.03
17.7,12.55
19.98,6.97
17.66,6.04
22.63,5.98
24.23,10.9
21.97,7.96
21.68,4.93
19.22,5.83
16.94,4.2
23.31,4.51
22.23,7.29
16.76,-0.48
0.06,-1.91
3.64,-1.85
6.49,-1.78
5.37,1.46
2.64,-1.95
-0.09,-3.28
1.26,-7.97
2.03,-8.42
1.47,-8.21
9.11,-5.59
13.71,-4.95
15.4,-3.82
17.38,-2.11
12.22,-3.74
12.73,-3.54
12.31,5.33
7.72,4.71
15.78,1.07
3.23,-6.78
4.05,-7.21
13.54,1.34
11.62,-6.82
5.63,-7.03
8.13,-4.44
11.01,6.27
10.09,5.01
7.17,4.3
9.16,4.41
7.77,4.14
7.53,2.47
7.08,-1.04
7.57,-1.08
12.6,4.84
7.12,1.03
4.61,-0.92
0.67,-4.72
0.81,-8.25
0.65,-8.08
7.35,-6.48
6.16,-5.86
6.69,-22.42
-16.88,-22.75
-9.24,-17.08
-7.17,-14.43
-3.41,-9.17
-0.36,-4.72
9.54,-3.6
14.25,8.3
16.03,8.63
