20170101
8.61,-1.79
12.24,5.81
12.98,-4.49
-2.09,-6.93
-5.39,-13.81
-9.03,-16.1
-7.03,-16.4
-5.04,-14.97
5.22,-6.38
13.24,-1.74
18.27,-0.31
18.74,-1.39
1.61,-1.42
3.2,0.53
4.09,0.55
15.04,4.21
14.57,3.06
5.39,0.78
10.66,2.66
14.43,7.7
18.66,5.76
15.51,6.72
8.24,2.9
8.0,2.56
15.46,1.73
2.45,-1.26
2.15,-4.21
2.41,-4.04
0.79,-6.8
7.12,-7.78
7.6,2.47
6.12,-2.6
2.4,-5.37
-0.42,-10.99
4.31,-11.0
11.08,-1.91
16.23,-0.76
16.0,1.88
5.91,-5.21
-1.61,-8.45
13.36,-3.99
18.5,8.78
15.38,-2.93
9.81,-2.8
11.95,1.31
8.0,-1.96
10.9,-0.44
19.53,4.72
17.99,6.66
16.77,2.8
20.31,3.67
17.34,9.8
20.57,11.57
20.84,13.02
24.48,1.21
2.05,-6.31
8.97,-5.24
10.78,5.19
18.48,8.54
15.07,0.26
8.2,-2.28
4.74,-2.71
12.41,-1.38
19.79,-0.08
17.69,9.36
14.17,5.34
16.57,2.4
21.23,0.58
6.62,-3.72
3.22,-6.16
4.24,-5.74
2.65,-4.8
0.68,-7.14
2.41,-7.76
7.49,-6.76
9.33,1.54
6.17,0.49
11.32,1.64
19.34,5.04
17.53,-0.84
7.23,-1.88
14.64,-1.42
23.89,12.69
24.6,13.57
18.14,6.38
19.68,6.97
15.5,8.98
17.33,8.49
24.75,10.84
12.44,4.32
11.81,2.47
19.26,4.42
21.58,11.16
19.88,8.35
21.72,4.44
9.75,1.38
14.17,-0.65
19.51,1.78
25.63,9.96
25.84,15.06
19.47,4.84
20.79,5.54
26.61,7.32
28.14,11.53
28.41,16.63
27.09,11.89
21.29,7.84
25.58,9.52
27.89,16.83
27.51,9.44
15.51,7.36
13.77,5.14
21.17,5.98
24.55,8.15
24.73,11.38
28.8,15.12
17.34,6.99
20.01,9.13
26.5,14.4
24.17,12.71
16.6,7.57
18.86,4.36
12.19,6.27
12.42,7.39
12.9,4.68
17.59,3.26
17.89,1.55
18.69,4.27
22.37,11.25
29.46,13.59
20.49,11.69
20.04,7.43
24.39,11.24
27.46,13.16
28.41,14.02
29.67,16.55
28.83,20.36
28.75,18.44
28.04,15.23
26.34,14.74
25.51,8.61
22.71,9.68
23.53,13.22
17.48,12.92
18.73,10.3
26.57,13.88
28.67,16.66
24.9,14.77
28.27,13.51
26.9,12.64
27.01,10.27
26.65,10.53
29.01,12.27
30.82,15.03
30.98,18.27
30.82,14.92
25.46,12.03
21.39,9.78
24.67,11.66
28.76,13.97
29.91,15.53
31.35,18.6
32.95,20.64
31.04,19.19
31.97,19.17
28.41,18.26
31.04,18.89
30.82,20.74
27.74,16.16
27.57,14.66
29.6,16.56
32.1,19.56
27.84,21.25
24.33,16.14
25.72,11.87
25.54,11.15
24.16,10.5
23.96,10.97
27.4,14.52
30.83,20.34
28.88,19.15
28.88,16.63
29.93,16.9
30.55,18.44
30.29,19.24
29.25,20.52
26.22,18.77
31.07,17.14
28.16,14.16
29.32,16.7
29.71,22.24
26.99,19.71
32.11,21.61
30.15,21.72
29.3,14.99
28.39,15.66
30.11,17.17
30.81,19.01
31.33,17.98
31.07,19.45
32.3,22.17
33.54,23.06
33.83,21.07
29.58,19.43
29.38,16.42
27.6,16.06
30.13,17.98
28.83,22.09
28.21,15.55
25.9,13.08
28.32,15.09
29.85,17.22
29.25,17.93
29.26,17.06
30.14,18.49
23.81,10.75
25.38,12.42
22.35,16.79
25.59,13.8
26.75,11.28
27.31,12.89
29.34,15.16
27.53,16.11
27.31,13.01
27.79,15.27
28.32,16.88
30.72,18.15
31.68,19.92
30.95,19.35
29.64,18.31
31.4,18.05
32.36,18.63
32.35,20.25
28.32,14.46
26.57,11.17
26.21,11.69
25.78,11.12
26.04,11.69
27.8,13.47
27.18,16.2
26.12,14.77
27.86,15.56
27.58,15.57
16.31,12.53
23.12,11.92
28.15,12.96
30.97,15.64
23.3,8.34
20.19,7.26
21.62,7.42
25.44,9.21
23.58,8.31
23.37,8.15
22.78,8.79
21.17,14.3
18.59,16.03
23.24,12.66
28.3,12.95
29.92,15.14
30.63,16.64
27.92,19.41
27.24,17.68
31.07,18.26
32.93,19.0
32.84,17.43
32.46,16.7
32.64,14.99
32.25,15.27
32.33,16.96
29.15,12.09
23.31,7.81
24.99,6.97
24.3,5.15
24.48,5.09
27.01,9.99
29.05,14.31
26.47,17.75
23.47,17.31
27.38,17.62
28.3,12.39
19.43,13.42
22.0,14.14
21.5,15.71
18.0,13.52
17.72,13.13
23.7,11.14
28.85,15.05
22.91,6.84
17.54,2.87
20.34,2.77
21.74,3.94
24.67,6.59
25.39,6.9
24.03,8.91
25.77,14.3
17.58,7.84
10.88,4.1
11.21,-0.72
17.46,-0.58
12.77,1.82
4.51,1.37
4.39,-1.62
7.7,-0.71
7.62,-0.75
15.52,1.61
20.14,12.31
16.72,6.28
20.19,9.06
23.28,9.35
12.42,6.32
9.73,4.0
11.75,-1.03
13.67,-2.56
3.35,-3.88
7.33,-3.55
8.0,1.85
8.13,-0.24
11.94,-0.08
9.69,0.63
6.12,-1.84
16.12,0.57
18.4,2.05
3.96,-3.85
10.19,-3.4
13.83,-3.46
5.86,-4.95
9.46,-2.57
14.61,-1.61
15.6,-2.51
12.92,-3.06
17.58,0.33
17.88,4.47
14.88,2.72
12.92,-2.28
12.27,-2.68
13.83,-1.47
15.54,-1.19
18.68,4.03
8.41,-2.25
7.58,-2.28
-0.39,-9.02
0.42,-9.5
0.56,-6.64
4.01,-6.42
9.72,-3.89
0.17,-7.97
7.87,-5.92
0.81,-5.72
1.24,-4.16
10.67,-1.06
7.5,3.27
7.7,5.33
9.69,1.79
9.54,-1.65
12.85,-1.68
12.08,2.27
3.0,-1.36
1.42,-6.43
-1.9,-7.93
-6.09,-16.86
-8.97,-17.01
-5.07,-12.67
-4.0,-7.45
-5.48,-15.27
-8.37,-18.64
-11.02,-20.94
-7.15,-20.91
-3.15,-16.37
-6.48,-17.5
-7.47,-19.08
-5.91,-19.17
3.57,-9.53
3.63,-0.29
6.02,-0.28
14.53,4.55
15.01,-2.7
-1.65,-9.87
-3.44,-16.51
-4.81,-16.5
-2.47,-16.6
-12.03,-18.02
-6.27,-14.47
0.24,-12.02
5.96,-6.52
9.68,0.54
12.82,6.91
13.56,2.26
3.55,-1.15
0.54,-5.31
9.15,-4.45
14.03,1.2
9.88,-3.57
11.59,-3.89
1.85,-5.75
1.44,-6.25
11.59,-0.95
6.08,-11.52
-3.73,-12.02
4.37,-6.45
3.51,-11.65
-1.9,-11.97
-0.17,-4.85
0.66,-9.17
1.26,-8.86
10.81,-0.81
4.29,-1.12
0.84,-7.37
4.28,-7.89
7.01,-5.23
14.99,5.2
19.95,7.02
6.79,-1.9
2.63,-2.14
12.39,-1.81
22.79,12.95
25.44,9.21
9.53,3.51
11.86,4.2
15.59,7.04
15.18,6.07
10.07,-1.21
13.34,-1.24
16.82,0.1
13.46,9.84
13.99,-0.27
9.62,-2.45
10.96,-2.34
11.24,-1.16
8.93,-0.16
13.78,-0.88
4.1,-3.04
0.86,-4.73
7.57,-4.15
10.68,-1.14
6.29,-2.25
4.91,-4.16
6.04,-5.69
6.06,-5.58
15.31,-2.6
9.7,-3.02
8.28,-2.55
14.76,-0.52
16.88,-0.51
2.52,-1.98
6.64,-3.75
9.21,-3.52
11.07,-1.53
2.41,-2.26
8.05,-2.25
14.85,2.24
13.07,9.3
14.03,9.41
13.66,4.73
10.78,0.5
15.39,1.17
9.34,-1.22
9.71,-1.02
22.37,0.9
3.06,-3.42
10.94,-2.55
14.86,-2.12
6.18,-4.85
6.36,-2.52
6.27,-1.93
6.76,-2.02
18.42,-0.55
26.48,13.05
26.61,15.54
20.85,10.43
11.51,0.4
2.58,-0.84
10.92,0.11
22.04,1.37
12.92,-1.02
16.56,0.84
18.03,5.46
19.51,8.29
14.51,9.51
13.54,9.84
19.08,4.2
19.85,3.99
21.21,5.31
14.61,-0.12
17.27,0.57
23.62,5.36
27.63,14.58
28.96,18.4
25.12,17.25
26.19,12.9
20.52,11.59
27.94,8.96
23.23,7.95
25.93,9.66
28.51,15.16
28.99,15.06
30.26,18.42
29.68,16.69
31.56,18.33
32.63,19.72
31.47,18.33
25.91,16.3
28.68,17.22
23.24,18.12
25.68,17.0
30.87,17.66
29.65,18.11
29.9,14.86
27.94,14.04
28.54,13.95
30.78,17.62
30.61,17.99
32.91,17.98
33.61,19.99
31.02,21.6
26.59,20.33
29.36,19.61
29.82,18.19
30.56,19.54
27.27,12.54
24.9,12.27
28.88,13.33
26.58,15.3
31.27,18.03
32.16,18.44
32.72,17.52
25.11,17.99
25.88,18.6
27.57,19.55
29.25,13.91
28.69,15.01
31.07,18.47
33.59,20.86
33.71,22.17
33.1,22.74
32.69,20.79
30.36,21.19
26.75,18.59
24.97,18.03
24.13,17.1
27.18,19.63
23.83,19.84
25.01,19.3
28.72,17.93
30.18,19.92
31.76,20.25
32.51,22.59
32.88,22.37
31.84,21.84
31.74,22.03
34.08,22.55
33.56,21.2
27.77,12.83
27.15,13.67
31.03,17.32
32.8,19.85
33.0,19.96
29.57,15.84
29.11,15.81
31.64,17.0
32.86,20.8
29.7,20.96
30.61,18.87
30.75,14.64
29.86,15.11
29.91,17.55
29.9,18.65
24.86,18.97
26.28,16.3
25.8,16.39
29.05,17.39
30.22,16.69
29.64,15.76
26.78,14.24
27.16,14.89
27.14,17.64
23.21,18.27
23.89,17.02
26.86,15.55
29.27,16.7
30.03,19.19
31.71,19.65
32.45,20.1
32.23,20.24
29.66,20.44
29.75,18.24
29.37,18.72
30.13,19.6
29.84,16.87
30.02,16.76
29.55,16.19
30.8,19.31
25.16,19.68
27.14,20.31
27.83,19.66
28.65,18.34
30.05,19.01
28.43,19.83
27.28,17.29
25.18,11.66
26.6,12.23
23.88,13.77
28.97,20.15
32.3,21.86
32.36,21.48
32.91,21.5
31.04,18.37
28.7,17.09
30.54,18.22
29.72,19.76
32.03,20.61
33.28,20.64
33.6,20.4
33.32,20.71
31.25,20.51
26.98,17.9
18.82,14.85
16.42,13.6
20.36,12.25
23.26,12.7
23.15,15.04
29.85,15.91
30.79,16.84
31.17,18.95
30.15,19.82
30.79,18.6
32.77,18.67
32.87,19.21
33.32,20.39
30.48,14.83
16.72,12.95
25.15,13.1
21.92,16.76
25.12,18.57
21.78,10.81
16.79,6.94
22.99,7.8
22.31,9.18
27.01,11.1
29.32,12.82
29.95,18.54
30.56,18.7
26.45,16.34
30.91,18.4
31.19,18.05
31.37,18.33
31.13,19.27
30.19,19.3
24.28,11.23
15.5,1.79
12.02,2.14
12.49,2.67
12.6,6.98
12.08,0.65
12.09,0.66
15.94,-0.52
14.54,-0.86
13.36,0.43
17.03,-2.54
12.46,-2.44
19.12,0.56
17.32,0.19
14.26,0.76
14.34,2.17
9.49,5.3
12.93,3.44
18.28,3.05
16.8,2.26
20.85,5.64
18.31,7.4
9.56,4.97
9.88,0.57
14.29,0.31
16.34,7.58
15.86,8.16
15.32,3.12
12.78,-1.29
6.65,-0.09
6.88,-6.85
2.87,-6.89
6.53,-5.66
7.05,-0.33
1.84,-6.71
0.84,-6.48
1.39,-1.5
4.47,-1.57
8.05,0.65
10.01,0.9
5.63,1.43
3.93,-3.28
9.33,-4.12
11.68,-3.73
11.61,-1.81
13.74,0.29
15.74,0.24
2.4,-5.91
-3.6,-7.36
1.32,-7.87
7.22,-0.51
12.42,5.43
14.8,7.85
15.85,3.66
4.59,0.31
1.59,-1.91
0.43,-3.32
4.31,-6.39
3.81,-7.17
-2.06,-6.62
4.62,-7.65
0.84,-9.18
7.77,-6.99
11.38,0.88
9.43,4.78
9.81,5.93
8.27,3.33
11.45,-0.8
10.48,-3.35
7.74,-3.67
12.78,-1.45
8.4,5.55
6.33,-0.38
5.13,-1.83
2.64,-3.05
7.7,-3.23
8.68,-4.02
9.28,-3.84
13.8,5.08
13.13,-0.51
2.05,-3.28
6.92,-3.52
17.13,4.07
5.53,2.8
4.4,-0.2
5.09,-1.6
10.37,-0.9
12.45,-0.51
12.45,-0.16
13.95,8.05
15.75,-1.55
-0.65,-6.97
-0.85,-7.37
1.06,-8.95
1.59,-1.67
0.78,-3.88
1.08,-7.51
1.11,-3.96
2.51,0.37
4.86,0.57
3.01,0.37
3.47,-10.25
-6.43,-17.19
-6.47,-16.89
7.59,-8.27
10.38,-4.91
-0.04,-12.19
-2.69,-12.52
1.72,-3.95
-0.33,-6.38
8.69,-10.01
-5.59,-17.29
-14.89,-20.3
-7.38,-19.19
1.32,-7.78
10.01,-3.69
18.09,2.77
13.42,2.79
11.36,2.18
14.03,8.38
16.41,-7.45
-2.63,-10.31
-0.5,-10.08
2.32,-4.0
9.06,1.39
10.74,-4.76
4.01,-4.34
13.41,0.3
1.31,-4.5
2.78,-4.9
0.6,-2.53
0.26,-4.92
2.21,-5.51
7.79,-1.53
7.57,-2.72
6.08,0.09
14.86,4.08
7.0,-5.55
5.26,-6.02
10.52,-3.6
13.79,-2.16
1.35,-1.51
4.33,-1.29
4.93,-0.81
0.19,-12.55
-6.67,-13.68
-3.96,-12.92
-0.51,-11.25
2.07,-3.7
3.7,-0.88
15.64,1.52
9.34,-0.4
11.08,-2.77
10.63,-2.95
21.12,6.4
22.11,6.73
7.05,-1.2
9.49,-2.85
11.91,-3.2
9.82,-3.66
10.82,-3.33
12.58,1.98
7.53,1.59
11.5,-3.16
13.79,-2.91
12.82,5.3
9.37,-2.04
9.5,-2.71
15.35,-2.14
21.79,5.55
17.0,10.96
14.98,-1.82
3.8,-4.53
8.45,-3.73
15.12,-0.77
16.62,2.48
21.19,8.69
15.87,8.16
20.63,8.98
20.47,12.1
23.23,9.44
21.13,6.24
21.14,7.95
27.04,9.45
18.86,4.65
18.56,5.48
19.63,1.75
12.68,2.04
24.74,7.24
24.9,12.44
21.82,5.66
7.9,3.61
6.99,2.03
21.1,4.68
25.31,10.07
24.41,9.48
18.66,9.78
19.5,8.01
18.17,5.4
16.1,4.84
12.74,5.29
24.59,8.34
25.96,12.84
26.56,13.98
22.38,15.42
21.33,14.05
15.52,9.01
22.0,7.68
24.76,9.14
26.03,11.28
28.52,13.47
23.22,10.8
13.81,6.0
17.74,6.88
10.94,7.6
14.74,4.96
20.66,6.51
21.63,9.33
26.03,11.69
29.65,16.07
30.55,18.22
24.03,12.98
21.39,9.08
19.15,9.74
25.52,16.8
29.5,18.0
31.21,18.98
30.22,19.81
29.39,16.66
29.0,18.72
30.28,21.23
26.68,17.06
25.23,16.61
26.09,14.62
27.57,16.29
26.07,8.83
24.52,11.11
26.83,15.47
30.09,17.92
28.58,18.71
26.29,19.01
24.65,18.99
25.48,19.36
23.42,9.69
24.55,10.71
25.06,12.9
20.2,7.76
24.17,11.2
24.24,16.79
26.65,18.16
26.46,19.12
26.88,19.07
27.53,19.64
23.37,14.58
25.6,15.79
24.75,17.12
28.6,18.55
25.08,16.67
28.42,17.44
31.34,19.17
30.74,18.88
31.7,19.72
32.39,21.03
33.02,18.68
31.35,19.78
32.9,20.49
30.84,19.5
31.5,20.17
32.63,21.48
30.8,21.25
31.34,20.09
29.71,17.64
31.86,18.86
33.38,21.19
31.47,16.77
29.56,14.88
31.96,16.97
32.53,20.65
30.99,21.88
30.27,21.92
31.31,21.51
33.37,23.3
32.98,22.84
33.38,22.91
33.15,21.72
25.29,14.18
26.9,13.51
26.61,12.98
27.83,14.37
29.27,15.36
30.5,18.08
30.96,19.25
30.54,19.44
29.63,17.65
28.38,15.69
29.68,16.65
29.71,15.77
30.12,15.29
31.06,16.36
31.89,17.51
30.23,18.18
29.49,17.42
31.03,17.58
30.47,15.06
29.3,14.61
29.95,16.93
28.5,20.55
29.85,19.36
31.4,16.6
28.84,15.81
30.02,17.45
29.35,19.56
32.81,19.13
33.32,19.87
31.87,19.02
29.87,19.63
26.03,18.87
24.25,12.75
25.27,12.93
27.2,14.48
21.83,20.28
26.52,14.93
26.13,12.18
28.18,13.83
29.43,18.72
24.23,17.22
29.24,17.55
28.11,15.53
29.84,16.99
28.45,13.52
25.31,12.78
27.98,13.81
23.87,12.57
24.9,14.91
30.08,15.96
34.06,18.16
32.54,19.27
32.52,19.72
32.54,14.98
27.75,13.38
30.05,15.26
31.64,16.63
28.67,14.86
29.86,14.89
30.74,15.28
30.79,17.74
31.03,16.7
31.09,17.82
27.51,9.69
25.99,9.88
29.17,13.43
25.73,9.44
32.4,11.71
31.78,17.99
32.63,18.04
33.68,16.15
33.47,17.75
33.05,17.46
30.87,9.92
21.9,8.14
26.65,8.13
21.21,12.2
20.84,5.2
22.95,5.85
24.08,5.91
27.07,11.06
21.38,1.25
13.81,1.11
20.66,1.97
20.11,2.44
23.66,4.22
10.91,1.48
15.48,0.96
17.8,1.25
22.02,3.26
23.95,9.13
21.14,9.4
16.13,3.07
18.91,2.71
18.18,8.23
14.42,8.74
18.39,9.6
18.34,3.26
18.65,3.67
15.73,8.99
12.76,8.84
9.5,-2.9
8.6,-2.84
11.0,-2.49
12.28,-1.88
15.61,3.2
11.31,-1.47
12.22,-0.83
5.76,-7.12
2.45,-7.26
8.83,-2.48
17.63,4.34
10.99,-10.58
-5.05,-13.56
-0.28,-12.27
6.42,-5.7
6.75,-5.55
8.02,-4.23
8.57,-3.85
5.52,-1.13
7.03,-1.53
8.01,3.57
12.28,4.36
7.55,-2.02
3.57,-1.0
10.07,0.12
14.69,2.19
14.88,5.42
13.32,1.22
3.58,1.14
6.26,2.3
13.31,3.22
9.18,0.86
2.35,-0.82
4.55,-0.69
10.36,-2.67
11.49,-3.05
9.75,-4.87
7.52,-4.98
13.45,-1.43
13.7,-3.1
-2.05,-7.67
3.01,-7.34
6.73,-5.12
7.88,0.16
6.4,-1.42
1.26,-2.14
0.98,-1.42
2.4,-6.3
-0.76,-10.41
4.06,-9.11
7.66,-6.1
11.04,-3.94
12.68,-3.74
15.01,-2.2
16.5,-2.01
18.47,-1.11
17.75,8.81
14.94,5.03
15.97,6.07
16.59,4.66
5.18,0.88
2.64,-0.35
9.13,-0.84
10.48,6.37
10.44,2.96
3.67,-2.67
9.4,-2.74
8.9,-2.76
9.15,-2.68
4.55,-3.23
14.01,-2.58
17.33,9.86
18.04,1.74
5.41,1.04
7.27,0.74
9.87,-0.7
12.66,0.69
4.45,-4.88
2.95,-4.82
10.74,-9.15
-7.8,-10.44
-3.11,-9.06
0.06,-8.92
3.43,-8.12
8.35,0.46
7.36,1.1
1.59,-0.76
6.89,-3.19
2.98,-2.26
1.51,-0.1
2.36,-0.14
4.17,-0.09
3.57,-0.08
5.99,-0.07
17.72,1.38
20.57,4.02
14.29,0.28
3.34,-0.74
0.06,-2.98
1.64,-3.07
1.96,-4.19
10.25,-2.95
5.65,0.4
5.48,-1.69
2.57,-1.18
2.59,-12.88
-4.42,-13.38
7.49,-9.27
10.43,-1.83
11.71,0.0
10.01,-3.58
6.26,-3.95
1.16,-9.29
3.33,-9.14
9.6,-5.84
13.22,1.56
6.95,4.75
7.24,1.64
2.61,-3.65
2.57,-4.33
2.51,-6.69
4.08,-6.99
17.43,-2.41
11.94,8.48
14.51,0.58
15.82,-1.38
15.63,-0.87
2.88,-5.25
10.17,-5.17
18.43,0.37
17.63,9.91
13.29,4.81
10.41,3.86
16.17,3.76
10.9,1.8
5.57,0.88
7.58,0.88
9.55,3.48
12.42,3.68
15.1,4.91
20.01,11.41
21.19,-0.16
3.43,-1.57
5.48,-1.2
11.1,2.29
11.49,2.97
16.99,3.42
19.89,6.55
23.68,12.37
25.31,16.09
18.29,7.28
16.32,5.09
7.67,3.96
11.53,0.1
16.71,1.43
21.04,6.7
19.36,6.92
14.29,6.42
21.35,7.82
26.1,14.45
27.09,6.86
12.16,-0.06
10.79,0.36
16.86,5.78
16.43,7.63
8.87,0.21
8.43,-3.25
10.1,-4.4
9.63,-0.1
10.28,0.64
12.91,1.23
14.74,2.8
18.62,4.02
14.1,0.02
21.91,2.95
13.24,9.42
19.8,7.75
18.85,6.45
16.36,1.54
19.44,4.59
24.29,13.65
17.58,6.65
9.87,5.41
20.27,6.11
27.96,13.49
21.97,6.41
20.9,7.55
9.28,4.58
15.86,3.6
19.72,6.9
12.94,-2.1
13.59,-0.03
18.09,3.17
10.57,1.87
16.18,3.86
14.01,8.22
27.29,13.35
24.15,15.61
26.85,16.84
24.9,15.31
19.93,14.15
19.07,12.05
14.27,11.57
17.8,12.43
25.09,13.79
28.21,16.99
30.26,17.68
30.86,18.03
30.0,19.15
26.15,18.74
27.35,17.68
24.84,12.54
23.26,11.32
22.37,8.0
25.01,12.49
30.99,18.19
31.46,20.0
29.23,17.98
30.53,18.36
32.63,15.87
29.41,15.96
30.88,18.53
28.65,22.64
30.99,14.97
27.36,13.07
29.68,12.86
26.56,12.81
24.38,10.71
25.41,12.57
27.7,13.96
28.69,14.45
29.17,15.87
31.31,17.46
32.65,18.4
28.07,18.54
30.27,19.25
26.34,16.62
27.26,14.63
29.14,16.78
31.47,20.99
25.51,20.01
27.51,20.82
30.46,20.33
29.75,19.78
31.35,19.86
31.5,18.57
32.38,19.8
33.57,20.17
33.65,20.78
32.83,20.54
33.04,20.95
32.22,20.41
33.46,21.06
30.26,18.74
32.0,17.07
28.26,15.82
28.36,15.61
30.41,16.6
31.65,19.43
26.19,17.79
30.81,19.16
32.66,22.62
33.29,20.97
31.27,20.75
31.86,20.26
29.22,20.88
29.98,18.32
30.09,17.44
31.0,18.52
32.88,21.72
32.01,19.99
30.32,17.69
30.89,19.63
23.21,19.26
25.66,18.8
25.84,16.92
26.73,16.93
27.08,16.84
24.81,12.28
24.16,12.89
25.44,13.59
26.58,13.02
28.47,16.16
30.39,18.79
29.98,19.39
28.92,19.58
28.5,19.85
29.73,20.05
28.35,18.7
30.26,18.87
28.27,16.69
29.67,17.07
24.08,13.39
25.43,12.85
26.58,12.76
27.66,15.67
28.38,17.68
29.0,18.79
31.31,20.03
32.42,20.1
31.11,21.24
28.31,22.18
28.97,20.46
29.45,13.63
26.3,14.9
26.66,17.81
27.22,19.31
27.2,19.13
28.99,14.04
26.13,8.45
27.32,10.32
26.63,15.6
29.85,17.31
30.94,16.21
30.94,16.44
29.23,17.95
23.1,17.7
28.42,17.8
27.64,13.76
25.89,11.37
23.3,8.34
25.88,8.59
27.49,10.16
19.94,5.75
20.45,4.23
23.09,4.79
24.22,6.41
24.37,8.24
22.86,9.56
24.76,9.87
26.23,11.11
24.58,13.34
26.37,14.06
17.95,6.24
18.18,6.36
24.88,4.66
19.99,1.94
17.15,2.83
18.42,7.02
14.96,-0.67
17.54,0.32
23.33,4.6
29.56,6.48
26.51,6.91
28.22,8.94
24.23,14.93
26.67,14.83
25.01,4.15
21.06,4.05
25.97,5.88
16.63,-1.1
14.81,-1.75
17.18,0.76
16.89,8.52
11.42,7.04
17.37,7.57
19.17,11.7
27.37,12.5
25.45,6.01
12.56,5.88
11.0,6.22
9.18,6.54
10.29,6.55
11.44,7.63
10.15,2.7
10.23,-1.43
14.96,-0.68
10.43,-3.49
9.54,-3.04
18.61,-0.24
22.29,5.38
20.1,3.79
21.36,3.08
23.22,3.33
26.53,9.58
25.82,10.51
24.83,10.84
12.71,-0.8
13.02,-0.71
12.8,-2.8
17.06,-1.13
13.43,1.26
13.55,1.15
6.63,-2.26
10.23,-2.37
18.51,6.54
17.51,8.22
9.52,5.87
8.47,1.24
9.61,1.04
10.9,4.44
14.82,7.84
10.36,7.16
12.48,-1.21
9.49,-2.82
11.73,-2.31
2.55,-2.57
1.61,-6.18
7.22,-6.19
7.05,-3.84
7.64,-3.06
6.92,-4.33
3.33,-3.82
1.5,-1.05
3.06,-0.79
13.86,-1.75
16.43,-1.43
17.94,4.86
15.7,3.39
5.58,1.19
1.89,-6.54
1.75,-6.31
0.99,-1.63
0.23,-5.98
3.37,-6.33
5.58,0.77
6.73,0.6
9.71,0.14
7.67,-0.89
13.2,-2.2
-2.35,-11.5
-7.96,-11.86
3.81,-9.57
12.06,-1.29
2.54,-3.63
5.43,-4.39
10.69,-2.85
0.36,-2.97
9.78,0.08
3.27,1.04
2.29,-3.39
7.8,-3.06
1.86,-0.52
2.9,-0.83
3.55,-0.77
0.5,-2.42
-0.16,-6.77
-0.37,-5.98
-1.98,-4.58
3.63,-4.34
8.36,-1.91
9.24,-0.36
5.54,-1.81
1.33,-1.89
1.22,-2.02
2.58,-2.11
7.02,-3.28
3.22,-3.77
10.76,-1.84
2.69,-9.85
1.97,-10.04
1.37,-1.42
3.64,-0.38
6.89,-0.65
0.3,-8.73
-0.76,-10.72
1.47,-10.8
3.59,-3.04
5.05,-2.51
-0.72,-5.98
1.1,-6.18
3.34,-5.47
3.99,-4.19
3.32,-6.85
2.11,-12.32
-5.08,-13.55
0.39,-8.57
-1.21,-6.15
-4.23,-7.58
-3.35,-7.57
-2.21,-6.71
-2.67,-11.17
-4.21,-11.85
-7.29,-12.06
-6.75,-17.16
-4.3,-16.37
-1.59,-13.34
-2.42,-15.08
0.82,-11.17
8.09,-8.34
5.04,1.31
13.25,0.85
16.76,-2.51
8.68,-2.77
7.67,-0.55
12.65,6.04
16.82,1.47
7.97,-4.56
7.31,-4.72
17.39,-1.75
11.99,-4.19
8.59,-5.18
9.28,-4.12
11.46,-3.67
18.77,-1.45
19.31,1.46
20.85,9.76
18.43,6.08
15.55,4.64
13.07,-0.31
10.58,1.13
4.98,0.84
14.19,3.24
17.09,5.64
15.2,-0.43
10.43,-2.54
15.85,-2.37
19.01,0.5
19.47,4.37
19.35,8.74
22.4,6.63
17.49,7.82
13.38,4.2
23.29,5.66
10.49,-1.65
15.19,-0.71
22.94,5.46
11.29,-1.99
5.0,-5.91
9.21,-4.72
18.16,0.03
23.94,5.52
24.89,7.79
25.71,9.69
26.81,11.81
20.94,10.68
26.48,10.23
18.31,8.89
11.38,8.55
20.23,8.39
19.15,8.54
17.48,2.55
13.74,1.08
16.7,2.1
14.22,1.92
17.68,2.53
19.9,2.8
15.68,-2.09
8.51,-1.89
12.72,0.8
15.87,3.57
11.75,5.87
17.28,3.46
24.06,5.63
27.75,16.18
25.34,16.89
20.79,9.74
22.01,2.34
23.19,5.12
25.1,13.62
22.36,15.45
20.14,8.54
17.11,3.56
17.46,3.67
17.77,1.7
15.19,4.58
16.12,1.95
16.37,4.25
16.17,3.52
17.32,3.25
19.61,4.48
21.35,5.36
22.48,9.43
21.57,12.94
21.81,14.43
25.3,14.98
26.98,15.73
28.83,15.33
28.74,13.56
29.63,14.92
30.34,15.98
31.07,16.29
31.12,18.43
25.24,17.35
27.39,17.6
22.26,7.19
14.59,4.38
20.13,6.76
23.45,10.58
24.04,13.96
19.05,15.75
22.25,14.41
29.43,14.89
29.35,16.64
28.03,18.96
27.78,20.35
24.96,20.63
25.57,20.67
27.47,19.95
30.68,19.5
33.25,19.99
31.69,15.07
31.49,14.01
27.57,13.63
27.37,13.75
29.7,15.56
32.69,18.81
28.3,18.22
30.64,21.32
27.22,12.22
22.37,11.33
25.35,13.05
27.66,19.21
27.43,22.22
29.78,22.0
31.29,21.03
32.22,21.1
33.79,21.18
28.5,20.11
26.43,14.05
24.45,13.54
26.03,14.71
30.03,18.29
31.21,19.61
31.84,19.56
30.86,20.83
27.88,15.91
23.82,16.33
25.35,17.61
25.42,19.99
28.19,20.95
27.29,18.84
28.95,20.2
30.94,20.4
28.24,20.38
26.99,18.98
27.67,17.39
28.13,17.46
28.97,17.86
27.42,17.3
27.61,17.02
29.07,18.23
30.27,19.17
30.76,21.11
31.58,17.45
31.22,18.5
30.93,19.94
31.16,20.34
27.66,17.33
22.44,14.04
27.33,12.89
25.91,13.56
27.03,13.83
27.94,14.86
29.22,16.43
28.53,18.79
30.38,19.12
30.89,19.0
26.35,21.55
32.83,23.44
32.56,24.15
34.01,21.0
30.18,20.69
28.51,19.02
24.44,18.59
27.94,19.59
29.07,19.66
30.93,20.77
30.31,19.53
31.26,19.8
31.43,19.47
32.77,20.38
33.17,20.39
33.67,21.17
30.83,20.42
33.94,20.59
33.83,20.78
33.08,21.35
32.71,21.32
26.5,20.07
26.44,18.66
26.62,13.63
26.3,13.53
26.15,14.03
25.93,17.92
26.5,13.03
28.81,13.45
29.13,16.87
27.47,12.78
25.39,12.18
26.18,12.6
28.0,15.64
29.77,18.1
30.23,18.4
30.71,20.02
24.69,14.74
28.19,15.35
30.85,17.25
31.81,18.46
29.77,18.95
23.2,18.68
24.71,14.2
14.9,9.94
19.67,7.31
23.19,7.91
21.36,7.78
24.27,8.47
29.4,14.74
29.51,15.45
29.65,15.22
27.89,13.61
27.02,13.66
24.05,15.88
24.5,16.29
22.8,15.08
25.75,15.93
24.84,17.09
24.46,15.97
26.18,14.31
28.65,14.26
28.84,18.26
27.68,17.77
19.54,11.5
24.88,12.31
28.2,18.84
25.29,9.66
16.92,5.11
20.11,4.69
21.85,4.93
21.88,5.84
23.02,7.13
20.69,10.07
12.58,7.69
16.0,7.36
23.71,12.58
16.16,8.72
14.29,1.82
15.66,1.69
12.6,8.72
16.37,10.59
13.33,9.16
17.66,3.08
12.48,2.16
9.82,-2.45
9.9,-2.5
10.68,-2.5
11.98,-2.49
14.74,-1.43
17.85,-0.94
21.41,2.02
17.22,4.06
20.82,5.76
16.76,2.86
10.78,1.84
4.26,0.51
5.41,-2.82
4.92,-2.46
16.66,0.02
18.91,4.47
8.72,-3.84
6.2,-4.26
12.46,-1.17
8.15,-1.52
4.86,-6.27
5.93,-6.3
13.25,-0.22
9.14,-4.2
1.32,-4.75
9.82,0.04
8.16,-5.61
7.73,-6.02
13.2,-0.05
11.29,3.72
18.35,1.93
17.82,1.3
12.62,0.88
17.32,2.38
6.37,-5.63
-2.1,-5.58
5.65,-5.45
14.6,-0.9
19.41,9.79
17.35,-2.39
9.23,-2.84
12.37,-1.45
14.24,-1.12
18.54,11.74
16.62,-1.26
7.66,-1.25
10.87,-1.57
2.02,-5.26
6.82,-5.28
7.9,-5.02
3.15,-5.32
11.54,-3.33
17.94,8.68
20.75,7.36
15.75,5.85
20.44,5.8
11.82,4.46
9.65,5.27
9.16,5.65
17.67,8.81
14.39,2.4
2.0,-5.36
1.01,-6.17
6.03,-5.86
5.81,-8.98
-6.51,-13.32
-6.74,-13.52
6.44,-10.36
6.21,-8.59
0.43,-10.08
1.95,-9.96
10.4,-1.22
8.29,-1.26
2.17,-2.74
0.4,-6.71
2.18,-6.78
-1.83,-4.87
6.84,-5.11
9.8,-7.16
-3.43,-8.44
-2.82,-12.64
0.59,-12.55
3.04,-6.67
5.03,-7.5
-1.41,-14.45
-4.51,-14.91
2.3,-8.97
-0.81,-15.67
-2.55,-15.75
5.46,-7.12
5.48,-7.25
16.66,0.32
7.7,-1.66
-1.48,-7.24
-4.08,-11.92
-5.37,-12.95
3.07,-9.94
1.41,-9.76
8.77,-8.38
11.13,-1.92
6.26,-2.85
11.98,-1.87
-1.76,-8.43
-2.25,-9.54
0.78,-9.63
12.71,-7.67
17.21,8.44
12.7,-5.59
2.12,-6.18
1.05,-6.11
15.22,-4.1
18.02,4.73
16.87,-2.42
-1.62,-3.09
2.64,-1.89
-0.22,-4.17
3.45,-5.63
10.23,-5.52
11.97,-3.89
19.43,2.62
21.44,2.34
7.97,-1.07
13.54,-1.28
23.88,7.35
22.34,9.63
14.03,0.29
4.42,0.31
10.52,-0.43
11.31,-0.31
6.58,-8.68
-1.87,-8.98
11.64,-2.95
18.61,2.55
19.99,3.22
22.02,3.16
22.98,4.67
17.65,8.5
8.83,2.22
18.13,1.81
21.93,3.69
18.41,9.33
19.72,6.46
11.12,4.64
7.63,2.98
5.53,-2.59
6.84,-5.22
6.99,-5.01
8.84,0.81
26.44,7.83
7.86,1.42
6.78,-2.86
13.4,-2.37
15.92,0.48
16.3,6.11
14.32,6.75
14.33,5.92
11.5,2.44
9.14,1.43
8.07,-1.73
18.51,-0.95
17.98,10.94
22.4,11.07
21.08,3.92
16.43,3.7
21.58,7.7
17.42,1.99
11.36,1.92
7.44,0.84
11.98,1.12
19.49,6.74
19.05,8.31
26.22,9.64
28.96,14.89
28.46,17.44
18.44,3.65
14.66,2.49
19.05,3.46
19.26,7.86
22.49,12.16
26.59,13.58
22.51,6.73
22.25,8.24
25.91,10.23
15.52,10.33
16.62,12.63
22.09,9.58
18.14,8.58
22.2,9.55
26.41,12.43
29.69,17.67
31.37,14.26
30.64,14.8
29.78,15.04
29.48,13.95
30.07,12.59
25.61,12.1
28.2,13.19
21.66,14.45
28.04,15.04
30.78,19.55
28.92,17.16
20.27,11.11
19.46,10.86
24.47,11.97
29.13,17.98
23.03,14.67
20.52,11.13
22.7,12.27
27.91,14.35
30.78,18.38
31.37,19.73
30.55,19.28
24.65,12.94
27.09,12.41
28.57,12.92
28.87,15.27
27.98,18.66
27.51,16.36
28.46,14.23
25.77,14.24
21.96,14.37
26.21,15.09
29.58,19.57
33.61,23.47
34.39,24.09
34.04,24.09
33.13,24.76
30.87,16.29
26.39,12.35
26.64,13.01
30.67,13.87
33.49,18.37
34.46,17.67
30.44,16.06
31.04,16.63
30.88,17.55
28.59,15.6
26.93,10.67
26.56,10.57
29.73,14.57
33.09,20.67
33.23,21.07
30.52,19.51
30.9,18.73
32.92,20.35
36.32,24.34
34.68,23.08
27.61,22.07
26.08,20.53
26.69,15.99
29.71,16.68
30.77,19.06
30.51,17.46
30.46,18.16
29.76,16.49
28.9,20.48
31.4,21.19
24.96,20.59
28.8,20.13
31.09,21.14
33.55,20.45
31.59,20.4
32.96,21.21
31.26,22.85
31.93,22.1
26.89,19.41
25.4,18.88
28.59,20.86
30.47,20.63
27.45,15.62
27.52,17.07
26.99,19.32
29.76,19.84
27.65,19.61
32.56,20.59
27.92,20.44
28.23,20.81
31.65,21.65
31.81,21.33
32.14,22.07
29.59,21.14
27.9,16.71
29.16,16.06
25.42,13.59
26.91,14.81
26.33,18.74
26.78,15.85
27.77,15.77
27.82,15.56
29.37,15.59
29.98,16.51
29.4,19.03
27.08,17.69
27.45,15.87
28.47,14.64
29.57,14.92
29.75,15.73
29.9,18.05
30.12,18.9
32.88,20.84
32.23,20.32
29.38,14.51
27.89,13.88
29.7,15.37
30.29,17.81
23.7,18.6
26.73,19.53
27.6,19.81
25.96,15.88
26.77,13.63
26.11,13.39
28.98,15.37
29.42,18.58
25.56,13.17
22.14,12.21
21.38,12.26
26.89,13.18
28.39,13.33
28.25,14.27
29.0,14.9
29.6,16.57
28.8,15.88
31.61,16.48
34.6,16.15
21.88,6.45
19.65,7.73
25.69,11.9
23.93,10.26
20.81,5.69
19.67,4.34
16.75,4.85
19.97,5.4
21.46,5.83
23.33,6.43
21.92,6.06
21.43,2.76
22.46,3.36
24.81,5.23
24.21,8.83
16.32,0.41
14.8,0.09
18.36,1.56
23.37,4.62
24.16,9.39
22.97,5.39
17.46,1.04
19.75,1.64
17.19,3.43
22.17,3.56
9.3,0.82
6.95,-1.19
12.15,-2.32
15.26,-0.59
22.73,5.2
25.2,10.98
25.45,10.71
25.26,11.52
21.95,7.91
12.5,-0.12
14.37,0.61
19.07,2.78
21.12,3.54
15.9,8.66
17.09,12.35
20.11,7.22
18.25,6.12
22.67,6.17
24.38,12.2
20.69,6.86
21.38,5.47
19.03,6.1
17.4,5.29
23.24,5.46
22.66,8.15
17.7,-0.91
-0.14,-1.92
3.53,-2.9
6.33,-2.4
5.12,1.31
3.26,-2.0
0.24,-3.14
1.22,-7.76
2.2,-8.7
1.9,-8.63
9.52,-4.93
13.95,-3.86
15.2,-3.27
16.7,-1.59
12.56,-3.57
12.79,-3.57
12.45,5.27
7.9,5.05
15.91,-0.01
3.44,-6.34
4.11,-7.14
13.66,1.89
10.84,-6.86
5.54,-7.07
7.74,-3.76
10.26,5.65
9.58,4.19
7.12,4.15
8.57,4.94
7.81,4.56
7.88,2.33
7.69,-0.77
8.11,-0.6
12.21,4.6
6.38,1.04
3.99,-0.98
1.34,-4.82
1.56,-8.13
0.79,-7.77
7.4,-5.66
6.43,-5.35
6.39,-22.27
-16.57,-22.41
-8.59,-16.73
-6.54,-14.79
-3.43,-8.77
-0.5,-4.54
10.08,-3.37
14.17,9.08
14.83,7.67
