20170101
8.6,-1.46
12.52,5.84
13.16,-4.25
-1.52,-6.8
-5.17,-13.4
-9.03,-15.79
-7.36,-16.25
-5.0,-14.85
5.07,-6.18
12.87,-1.29
18.27,-0.06
18.87,-1.2
1.9,-1.23
3.25,0.6
4.15,0.55
14.8,4.18
14.84,3.16
5.64,1.14
10.69,2.98
14.35,7.49
18.46,5.65
15.57,6.41
8.43,2.85
8.09,2.33
15.35,1.5
2.93,-1.14
2.21,-4.17
2.19,-4.01
1.02,-6.69
6.86,-7.53
7.55,2.61
6.27,-2.23
2.37,-5.2
-0.6,-10.94
4.47,-11.2
11.16,-1.72
16.23,-0.63
16.0,2.1
6.32,-4.75
-1.33,-8.1
13.46,-3.56
18.52,8.59
15.87,-2.94
9.77,-2.72
11.85,1.69
8.0,-1.94
11.13,-0.45
19.55,4.65
17.87,6.81
16.66,2.75
20.28,3.62
17.49,9.61
20.73,11.78
20.67,13.34
24.55,1.44
2.04,-6.23
9.03,-5.22
10.91,5.28
18.59,8.53
15.07,0.39
8.15,-2.07
4.7,-2.58
12.23,-1.25
19.75,0.06
17.71,9.39
13.89,5.64
16.16,2.63
21.64,0.8
6.69,-3.61
3.23,-6.22
4.47,-5.71
3.05,-4.47
0.67,-7.06
2.42,-7.76
7.52,-6.41
9.56,1.7
6.56,0.5
11.29,1.77
19.68,5.34
17.42,-0.56
7.25,-1.67
14.81,-1.2
23.95,12.89
24.68,13.6
18.29,6.35
19.98,7.14
15.54,9.12
17.41,8.73
24.72,10.93
12.67,4.39
11.64,2.49
19.39,4.5
21.66,11.35
20.04,8.44
22.28,4.53
9.71,1.45
14.16,-0.53
19.6,2.2
25.63,10.08
26.0,15.12
19.41,4.98
20.82,5.8
26.7,7.76
28.29,11.78
28.43,16.86
26.86,12.08
21.34,8.38
25.73,10.21
27.88,16.92
27.37,9.59
15.63,7.4
13.6,5.24
21.05,6.18
24.45,8.34
24.68,11.59
28.88,15.17
17.75,7.17
20.23,9.22
26.69,14.58
24.53,12.71
16.74,7.59
19.02,4.39
12.72,6.37
12.81,7.4
12.63,4.76
17.52,3.32
17.9,1.51
18.78,4.42
22.23,11.23
29.4,13.61
20.53,11.73
19.93,7.45
24.15,11.28
27.48,13.14
28.43,14.07
29.73,16.66
28.89,20.42
28.89,18.52
28.22,15.3
26.88,14.8
25.37,8.7
22.77,9.73
23.62,13.18
17.72,12.97
18.7,10.37
26.59,13.97
28.77,16.72
24.65,14.88
28.44,13.65
26.96,12.77
27.1,10.32
26.69,10.51
29.07,12.31
30.89,14.92
31.1,18.37
30.72,14.84
25.51,12.11
21.32,9.9
24.66,11.69
28.8,14.03
29.98,15.63
31.42,18.7
33.03,20.69
31.03,19.19
31.9,19.18
28.4,18.33
31.04,18.89
30.89,20.78
27.83,16.24
27.6,14.75
29.63,16.67
32.14,19.67
27.88,21.24
24.4,16.21
25.77,11.9
25.59,11.23
24.17,10.52
23.98,11.02
27.45,14.82
30.92,20.4
28.99,19.17
28.94,16.7
30.0,16.93
30.63,18.54
30.28,19.26
29.28,20.47
26.17,18.72
31.11,16.99
28.2,14.19
29.36,16.86
29.75,22.19
27.03,19.73
32.16,21.68
30.25,21.73
29.4,15.04
28.45,15.73
30.16,17.23
30.87,19.09
31.43,18.03
31.14,19.52
32.32,22.19
33.52,23.1
33.79,21.11
29.59,19.44
29.47,16.47
27.69,16.08
30.19,18.04
28.89,22.13
28.27,15.61
26.01,13.14
28.41,15.16
29.9,17.26
29.3,17.98
29.33,17.14
30.18,18.6
23.9,10.85
25.43,12.58
22.41,16.79
25.59,13.87
26.83,11.38
27.38,13.07
29.35,15.2
27.59,16.23
27.37,13.14
27.85,15.42
28.34,16.99
30.77,18.26
31.75,20.12
31.01,19.51
29.68,18.43
31.44,18.16
32.41,18.75
32.36,20.4
28.42,14.58
26.6,11.26
26.25,11.76
25.82,11.19
26.09,11.77
27.88,13.57
27.19,16.31
26.21,14.83
27.91,15.6
27.69,15.6
16.33,12.52
22.82,11.9
28.03,12.99
30.82,15.8
23.18,8.42
20.08,7.31
21.53,7.44
25.31,9.29
23.63,8.41
23.39,8.27
22.77,9.15
21.12,14.39
18.58,16.0
23.17,12.85
28.26,13.2
29.88,15.3
30.53,16.68
27.93,19.44
27.2,17.72
30.93,18.3
32.85,19.06
32.76,17.51
32.4,16.78
32.53,15.11
32.12,15.42
32.23,17.05
29.32,12.25
23.31,7.89
25.11,7.19
24.42,5.35
24.46,5.6
27.04,10.32
29.1,14.46
26.65,17.7
23.56,17.25
27.38,17.64
28.38,12.63
19.49,13.74
22.03,14.48
21.61,15.81
18.14,13.58
17.74,13.07
23.72,11.2
28.81,15.03
23.03,6.99
17.57,3.08
20.36,2.99
21.73,4.2
24.69,6.83
25.43,7.2
24.11,9.24
25.8,14.19
17.66,7.9
11.06,4.39
11.35,-0.5
17.44,-0.34
13.08,1.9
4.51,1.41
4.3,-1.48
7.79,-0.62
7.66,-0.62
15.61,1.78
20.2,12.37
16.68,6.58
20.13,9.18
23.44,9.39
12.57,6.5
9.62,4.19
11.72,-0.88
13.59,-2.3
3.4,-3.87
7.27,-3.48
8.23,1.99
8.14,0.07
11.89,0.12
9.69,0.71
6.09,-1.72
16.1,0.62
18.39,2.05
4.0,-3.76
10.16,-3.39
13.72,-3.29
5.93,-4.78
9.52,-2.52
14.51,-1.49
15.6,-2.31
12.84,-2.9
17.45,0.51
17.78,4.62
14.83,2.83
12.93,-2.38
12.28,-2.69
13.75,-1.7
15.5,-1.23
18.68,3.7
8.98,-2.16
7.67,-2.4
-0.11,-8.69
0.44,-9.15
0.45,-6.6
3.99,-6.26
9.8,-4.11
0.22,-7.93
7.96,-5.77
0.94,-5.89
1.28,-4.38
10.72,-0.83
7.54,2.78
7.77,5.32
9.91,1.77
9.57,-1.79
12.99,-1.71
12.18,2.54
3.26,-1.59
1.68,-6.18
-1.58,-7.89
-5.55,-16.22
-8.65,-16.57
-4.79,-12.49
-3.45,-7.58
-5.09,-14.79
-8.46,-18.49
-11.1,-20.83
-7.21,-20.82
-3.42,-16.39
-6.72,-17.43
-7.61,-18.91
-6.03,-19.01
3.54,-9.75
3.55,-0.2
6.02,-0.16
14.57,4.43
15.06,-2.38
-1.59,-9.9
-4.01,-16.32
-4.91,-16.28
-2.41,-16.3
-12.11,-17.73
-6.29,-14.25
0.28,-11.96
5.92,-6.53
9.72,0.69
12.85,6.96
13.58,2.37
3.57,-1.15
0.55,-5.3
9.06,-4.47
14.16,0.92
9.99,-3.23
11.75,-3.7
1.72,-5.57
1.36,-6.03
11.72,-1.03
6.41,-11.0
-3.7,-11.69
4.44,-6.41
3.58,-11.11
-1.76,-11.22
0.15,-4.86
0.59,-8.8
1.18,-8.33
10.79,-1.01
4.74,-1.03
1.24,-6.9
4.5,-7.15
7.07,-4.93
15.12,5.2
20.05,7.32
7.16,-1.56
2.68,-1.78
12.45,-1.45
23.07,12.93
25.53,9.65
10.56,3.69
11.84,4.28
15.89,7.03
15.28,6.13
9.98,-1.04
13.36,-1.19
16.83,-0.05
13.52,9.84
14.22,-0.22
9.7,-2.35
10.92,-2.12
11.38,-1.02
9.49,-0.03
13.73,-0.67
4.03,-2.65
1.5,-4.57
7.71,-3.99
10.72,-0.77
6.71,-1.98
5.21,-3.97
6.25,-5.48
6.0,-5.29
15.21,-2.38
9.58,-2.83
8.47,-2.02
14.56,-0.14
16.67,-0.28
2.6,-2.0
6.19,-3.91
9.16,-3.52
10.81,-1.54
2.62,-2.01
8.26,-1.95
14.87,2.65
13.44,9.55
14.24,9.57
14.14,4.74
10.69,0.42
15.59,1.21
9.3,-1.12
9.89,-0.79
22.65,0.97
3.14,-3.3
10.99,-2.36
15.04,-2.08
6.26,-4.69
6.38,-2.39
6.32,-1.79
6.89,-1.84
18.58,-0.34
26.64,13.1
26.92,15.6
20.94,10.54
11.7,0.49
2.65,-0.69
10.94,0.2
22.21,1.49
12.96,-0.84
16.52,1.09
18.13,5.54
19.63,8.41
14.66,9.64
13.61,10.16
19.23,4.35
20.08,4.26
21.46,5.71
14.68,0.0
17.3,0.78
23.55,5.44
27.64,14.46
29.01,18.3
25.35,17.42
26.27,12.97
20.33,11.78
27.97,9.0
23.18,8.06
25.91,9.74
28.65,15.22
29.01,15.07
30.38,18.46
29.7,16.6
31.67,18.36
32.71,19.89
31.56,18.28
26.03,16.31
28.67,17.22
23.34,18.07
25.68,17.11
30.91,17.76
29.78,18.26
29.99,14.97
27.72,14.13
28.58,14.05
30.82,17.55
30.74,17.92
32.92,18.01
33.66,20.11
31.13,21.67
26.88,20.37
29.39,19.68
29.83,18.18
30.58,19.71
27.34,12.63
24.92,12.37
28.88,13.41
26.57,15.28
31.24,18.07
32.23,18.39
32.82,17.6
25.26,18.0
25.85,18.64
27.59,19.64
29.2,13.9
28.73,14.98
31.08,18.44
33.64,20.95
33.82,22.19
33.25,22.74
32.82,20.89
30.44,21.27
26.67,18.63
25.0,18.08
24.24,17.14
27.28,19.66
23.8,19.79
25.0,19.32
28.73,17.92
30.2,19.85
31.79,20.26
32.59,22.65
32.97,22.43
31.96,21.89
31.78,22.05
34.23,22.57
33.7,21.17
27.77,12.83
27.24,13.82
31.15,17.56
32.96,19.85
33.19,20.14
29.7,15.84
29.2,15.89
31.75,17.11
32.98,20.88
29.73,21.04
30.63,19.0
30.81,14.7
29.95,15.22
30.04,17.45
29.76,18.59
24.94,18.96
26.41,16.45
25.85,16.47
29.06,17.39
30.3,16.85
29.71,15.94
26.87,14.27
27.22,14.92
27.22,17.61
23.46,18.42
24.05,17.26
26.96,15.7
29.37,16.8
30.14,19.3
31.82,19.69
32.58,20.12
32.32,20.2
29.86,20.51
29.93,18.33
29.59,18.8
30.22,19.64
30.05,16.96
30.1,16.82
29.63,16.15
30.86,19.27
25.31,19.67
27.2,20.33
27.88,19.71
28.84,18.42
30.16,19.11
28.51,19.89
27.36,17.31
25.26,11.63
26.64,12.24
24.08,13.82
28.99,20.21
32.44,21.87
32.45,21.47
32.95,21.51
31.16,18.5
28.78,17.13
30.74,18.46
29.62,19.79
32.06,20.68
33.34,20.75
33.67,20.46
33.31,20.76
31.2,20.58
27.12,18.06
19.0,14.86
16.14,13.59
20.04,12.35
23.17,12.78
23.2,15.0
30.0,16.24
30.95,17.05
31.29,19.11
30.21,20.02
30.68,18.57
32.84,18.68
32.9,19.34
33.47,20.6
30.83,14.96
16.75,13.13
25.08,13.3
21.87,16.69
25.24,18.66
21.85,11.07
16.63,7.29
23.07,8.23
22.42,9.25
27.14,11.17
29.54,13.13
30.1,18.65
30.73,18.84
26.61,16.66
31.07,18.61
31.41,18.31
31.56,18.48
31.33,19.3
30.45,19.31
24.51,11.39
15.79,2.26
12.17,2.4
12.57,2.91
12.68,7.06
12.14,1.0
12.18,0.86
16.04,-0.32
14.6,-0.63
13.51,0.6
17.08,-2.37
12.48,-2.14
19.19,0.72
17.39,0.51
14.29,0.99
14.33,2.47
9.54,5.51
13.04,3.6
18.45,3.1
16.88,2.38
20.78,5.64
18.34,7.49
9.98,4.99
9.82,0.65
14.26,0.45
16.32,7.49
15.9,8.31
15.34,3.25
12.77,-1.18
6.69,-0.06
6.85,-6.69
3.05,-6.9
6.69,-5.6
7.08,-0.29
1.97,-6.57
0.85,-6.32
1.4,-1.47
4.47,-1.53
8.11,0.59
10.15,0.9
5.73,1.56
3.88,-3.13
9.17,-3.97
11.52,-3.54
11.63,-1.6
13.73,0.4
15.72,0.27
2.48,-5.87
-3.56,-7.29
1.2,-7.77
7.11,-0.51
12.51,5.49
14.82,7.86
16.29,3.68
4.38,0.45
1.66,-1.87
0.42,-3.25
4.46,-6.01
3.89,-6.95
-1.85,-6.25
4.69,-7.62
0.98,-9.19
7.67,-7.1
11.4,0.82
9.82,4.46
10.0,5.8
8.64,3.06
11.21,-1.0
10.31,-3.28
7.76,-3.58
12.73,-1.72
8.35,5.32
6.56,-0.4
4.99,-1.78
3.12,-3.14
7.72,-3.13
8.5,-4.11
9.3,-3.84
13.93,4.69
13.51,-0.24
2.24,-3.07
6.91,-3.26
17.15,4.25
5.64,3.0
4.57,-0.02
5.03,-1.42
10.4,-0.67
12.45,-0.5
12.54,-0.23
14.01,8.03
15.91,-1.8
-0.51,-6.61
-0.7,-7.01
1.1,-8.38
1.65,-1.76
0.83,-3.99
1.03,-7.48
1.19,-4.21
2.6,0.44
4.96,0.81
2.96,0.06
3.6,-10.18
-6.35,-17.1
-6.43,-16.78
7.59,-8.29
10.41,-4.86
-0.03,-11.88
-2.6,-12.07
1.85,-3.91
-0.26,-6.18
8.77,-9.72
-5.56,-17.18
-14.86,-19.92
-7.16,-18.88
1.26,-7.65
10.18,-3.36
18.12,2.77
13.52,3.0
11.67,2.67
14.37,8.61
16.65,-7.22
-2.46,-10.12
-0.37,-9.71
2.42,-3.78
9.37,1.33
11.11,-4.5
3.97,-4.06
13.47,0.48
1.68,-4.26
2.83,-4.82
0.69,-2.44
0.34,-4.94
2.31,-5.42
7.99,-1.49
7.63,-2.37
6.15,0.34
14.85,4.18
7.14,-5.44
5.36,-5.77
10.69,-3.5
14.3,-1.98
1.42,-1.29
4.28,-1.14
4.96,-0.67
0.48,-12.08
-6.51,-13.44
-3.73,-12.73
-0.43,-11.04
2.05,-3.69
3.54,-0.74
15.69,1.63
9.8,-0.3
11.27,-2.68
10.59,-2.85
21.06,6.38
22.1,6.72
7.18,-1.16
9.49,-2.79
11.97,-3.19
9.85,-3.59
10.86,-3.2
12.85,1.91
7.7,1.5
11.62,-3.1
13.87,-2.67
13.24,5.32
9.47,-2.01
9.45,-2.65
15.48,-2.06
21.74,5.38
17.03,11.02
15.21,-1.64
3.78,-4.49
8.43,-3.6
15.23,-0.65
16.68,2.73
21.48,8.67
15.99,8.45
20.7,9.22
20.59,12.15
23.31,9.59
21.22,6.16
21.18,7.95
27.18,9.58
18.98,4.78
18.72,5.72
20.32,1.81
12.59,2.08
24.83,7.14
24.87,12.56
22.19,5.79
7.98,3.49
6.94,2.07
20.99,4.64
25.28,10.11
24.67,9.56
18.98,9.88
19.77,8.25
18.28,5.43
16.25,5.05
12.67,5.31
24.79,8.13
26.01,12.82
26.6,13.95
22.44,15.41
21.37,14.05
15.6,9.07
22.0,7.72
24.78,9.22
26.03,11.37
28.53,13.48
23.23,10.88
13.86,6.04
17.79,6.88
10.91,7.65
14.7,4.87
20.66,6.53
21.63,9.35
26.03,11.85
29.67,16.11
30.56,18.4
24.02,13.03
21.42,9.04
19.24,9.73
25.51,16.84
29.49,18.0
31.22,18.97
30.24,19.93
29.43,16.64
29.0,18.69
30.29,21.35
26.67,17.09
25.2,16.59
26.2,14.59
27.65,16.37
26.09,8.78
24.44,11.19
26.87,15.51
30.09,17.91
28.59,18.72
26.24,18.98
24.54,19.02
25.55,19.34
23.38,9.64
24.49,10.79
25.1,13.01
20.15,7.8
24.16,11.38
24.3,16.9
26.55,18.22
26.58,19.04
26.86,19.02
27.59,19.63
23.32,14.7
25.58,15.86
24.65,17.05
28.68,18.55
25.06,16.7
28.43,17.47
31.4,19.22
30.81,18.9
31.77,19.78
32.44,21.12
33.12,18.7
31.53,19.88
33.06,20.52
30.83,19.57
31.6,20.25
32.7,21.52
30.86,21.27
31.43,20.1
29.78,17.75
31.91,18.98
33.4,21.31
31.59,16.95
29.57,14.86
32.01,17.13
32.65,20.64
31.28,21.84
30.51,21.86
31.3,21.42
33.35,23.31
33.05,22.8
33.51,22.93
33.23,21.76
25.53,14.32
26.93,13.55
26.67,13.08
27.89,14.42
29.33,15.44
30.68,18.08
31.15,19.22
30.79,19.54
29.77,17.87
28.51,15.89
29.86,16.91
29.82,15.9
30.21,15.36
31.18,16.41
32.08,17.52
30.32,18.27
29.58,17.54
31.17,17.75
30.5,15.13
29.29,14.64
30.09,17.07
28.52,20.61
29.92,19.37
31.54,16.63
29.0,15.89
30.16,17.66
29.48,19.66
32.94,19.26
33.39,20.02
32.01,19.0
29.95,19.68
26.17,18.84
24.22,12.7
25.36,13.02
27.25,14.64
21.93,20.16
26.56,14.95
26.22,12.23
28.26,13.93
29.51,18.78
24.28,17.27
29.32,17.63
28.28,15.56
29.86,17.09
28.54,13.65
25.34,12.78
28.02,13.88
23.85,12.48
24.98,14.89
30.12,16.02
34.16,18.2
32.63,19.28
32.6,19.79
32.63,15.29
27.76,13.41
30.11,15.37
31.71,16.69
28.73,14.9
29.94,15.03
30.82,15.45
30.86,17.87
31.15,16.67
31.15,17.77
27.68,9.73
26.05,9.91
29.38,13.4
25.83,9.53
32.49,11.8
31.96,17.98
32.81,18.11
33.75,16.42
33.52,17.85
33.15,17.58
31.05,10.17
21.93,8.24
26.71,8.36
21.46,12.25
20.72,5.33
22.96,5.94
24.04,6.27
27.06,11.25
21.57,1.32
13.85,1.1
20.69,2.06
20.17,2.56
23.7,4.36
10.85,1.62
15.49,1.09
17.79,1.33
22.07,3.51
23.99,9.33
21.27,9.57
16.24,3.0
18.92,2.89
18.4,8.11
14.51,8.84
18.39,9.72
18.36,3.36
18.85,3.84
15.89,9.05
12.85,8.95
9.59,-2.75
8.59,-2.73
11.04,-2.34
12.29,-1.71
15.67,3.07
11.29,-1.37
12.28,-0.74
5.89,-6.96
2.46,-7.07
8.83,-2.45
17.67,4.29
11.3,-10.25
-5.05,-13.33
-0.22,-12.05
6.42,-5.57
6.7,-5.39
8.05,-4.12
8.6,-3.76
5.56,-1.01
7.06,-1.43
8.08,3.54
12.36,4.44
7.55,-1.84
3.6,-0.85
10.06,0.17
14.73,2.26
14.94,5.48
13.42,1.3
3.62,1.21
6.31,2.39
13.48,3.23
9.26,0.86
2.38,-0.77
4.52,-0.67
10.37,-2.63
11.56,-3.01
9.72,-4.74
7.54,-4.88
13.52,-1.42
13.78,-2.9
-1.95,-7.67
3.11,-7.34
6.81,-5.07
7.96,0.34
6.4,-1.35
1.34,-2.06
1.0,-1.43
2.4,-6.18
-0.79,-10.26
4.11,-8.99
7.75,-5.97
11.11,-3.87
12.7,-3.64
15.16,-2.15
16.42,-1.96
18.54,-1.05
17.7,8.78
14.95,5.35
15.98,6.31
16.59,4.77
5.36,1.03
2.8,-0.26
9.16,-0.85
10.49,6.36
10.46,2.98
3.81,-2.61
9.39,-2.71
8.89,-2.7
9.18,-2.58
4.74,-3.24
14.08,-2.66
17.38,9.84
18.13,1.85
5.44,1.13
7.42,0.92
10.1,-0.47
12.86,0.82
4.54,-4.81
2.95,-4.77
10.87,-8.88
-7.68,-10.33
-3.1,-8.98
0.11,-8.94
3.53,-8.16
8.46,0.41
7.52,1.17
1.66,-0.74
6.95,-3.1
3.07,-2.23
1.63,-0.01
2.43,-0.14
4.21,-0.08
3.64,-0.01
5.98,0.02
17.72,1.36
20.6,3.87
14.32,0.28
3.4,-0.61
0.22,-2.85
1.64,-3.0
2.05,-4.34
10.39,-2.98
5.97,0.46
5.51,-1.7
2.61,-1.14
2.67,-12.71
-4.35,-13.24
7.52,-9.35
10.51,-1.72
11.85,0.06
10.19,-3.57
6.38,-3.94
1.32,-9.29
3.34,-9.22
9.65,-5.82
13.29,1.49
7.02,4.73
7.39,1.74
2.78,-3.6
2.61,-4.14
2.65,-6.76
3.99,-6.9
17.34,-2.48
12.07,8.54
14.6,0.63
16.03,-1.26
15.57,-0.77
2.84,-5.12
10.21,-5.0
18.41,0.23
17.66,9.66
13.42,4.95
10.6,3.78
16.38,3.73
10.97,1.91
5.66,0.96
7.55,0.98
9.38,3.52
12.27,3.63
15.29,4.95
20.03,11.56
21.45,-0.03
3.46,-1.53
5.7,-1.12
11.38,2.39
11.65,3.06
17.0,3.49
20.11,6.53
24.17,12.48
25.67,16.19
18.36,7.38
16.33,5.17
7.72,4.03
11.54,0.22
16.74,1.64
21.13,6.82
19.64,7.01
14.35,6.59
21.43,8.02
26.19,14.39
27.24,6.94
12.31,0.0
10.86,0.46
16.94,5.79
16.49,7.71
8.87,0.33
8.52,-3.12
10.27,-4.26
9.71,-0.14
10.38,0.67
12.9,1.29
14.77,2.89
18.76,4.34
14.22,0.18
21.92,3.2
13.24,9.53
19.86,7.85
19.02,6.56
16.42,1.71
19.51,4.88
24.39,13.67
17.73,6.74
9.87,5.52
20.24,6.18
28.01,13.37
22.05,6.44
20.92,7.52
9.27,4.57
15.87,3.56
19.82,6.92
12.95,-2.06
13.56,-0.02
18.24,3.22
10.6,1.98
16.31,4.0
14.11,8.26
27.41,13.4
24.12,15.72
26.9,16.98
25.05,15.4
19.88,14.17
19.01,12.01
14.3,11.57
17.84,12.5
25.17,13.86
28.19,17.0
30.35,17.75
30.93,18.03
30.09,19.17
26.15,18.72
27.42,17.73
24.82,12.57
23.24,11.37
22.35,7.9
25.0,12.46
31.04,18.31
31.55,20.03
29.24,17.98
30.63,18.33
32.71,15.83
29.39,15.95
30.94,18.6
28.77,22.55
31.13,14.99
27.37,13.08
29.67,12.9
26.53,12.89
24.36,10.73
25.39,12.6
27.72,14.0
28.72,14.46
29.15,15.89
31.29,17.43
32.71,18.33
28.37,18.64
30.25,19.32
26.37,16.62
27.25,14.62
29.13,16.8
31.47,21.0
25.53,20.02
27.44,20.8
30.37,20.3
29.81,19.9
31.61,19.95
31.6,18.62
32.49,19.8
33.7,20.16
33.82,20.78
32.87,20.54
33.2,20.99
32.35,20.51
33.55,21.14
30.31,18.86
32.0,17.15
28.43,15.91
28.43,15.65
30.49,16.67
31.74,19.59
26.28,17.78
30.94,19.22
32.76,22.7
33.38,21.07
31.52,20.77
32.03,20.29
29.2,20.92
30.01,18.35
30.18,17.49
31.08,18.55
33.12,21.75
32.06,19.95
30.32,17.76
31.0,19.73
23.15,19.36
25.78,19.01
26.27,17.07
26.82,17.09
27.22,16.88
24.91,12.3
24.25,12.98
25.5,13.71
26.61,13.09
28.49,16.07
30.61,18.77
29.84,19.37
28.93,19.59
28.53,19.91
29.83,20.06
28.27,18.75
30.28,18.79
28.29,16.5
29.79,17.13
24.19,13.5
25.49,12.92
26.61,12.89
27.69,15.88
28.22,17.9
29.04,18.87
31.27,20.08
32.45,20.18
31.23,21.36
28.39,22.24
28.92,20.52
29.48,13.69
26.33,15.11
26.61,17.84
27.2,19.52
27.19,19.3
28.95,14.28
26.08,8.68
27.25,10.45
26.6,15.68
29.79,17.25
30.87,16.3
30.89,16.57
29.29,18.04
23.07,17.65
28.4,17.73
27.59,13.87
25.84,11.4
23.24,8.54
25.85,8.85
27.43,10.34
19.91,5.88
20.41,4.35
23.04,4.98
24.15,6.44
24.32,8.35
22.81,9.68
24.7,10.27
26.19,11.31
24.57,13.47
26.33,14.03
17.94,6.35
18.12,6.48
24.91,4.75
20.21,2.1
17.25,3.04
18.62,7.04
15.25,-0.39
17.57,0.6
23.34,4.77
29.58,6.48
26.5,7.06
28.35,9.24
24.23,15.14
26.61,15.03
25.12,4.3
21.07,4.2
25.98,6.0
16.76,-0.85
14.94,-1.5
17.25,1.05
16.81,8.75
11.55,7.04
17.22,7.8
19.39,11.86
27.52,12.69
25.61,6.05
12.49,5.89
10.97,6.31
9.16,6.64
10.32,6.61
11.47,7.75
10.26,2.99
10.16,-1.38
14.9,-0.44
10.64,-3.34
9.56,-2.86
18.53,-0.08
22.22,5.36
20.04,3.93
21.33,3.26
23.26,3.54
26.57,9.58
25.9,10.62
25.01,11.14
12.82,-0.69
13.04,-0.62
13.1,-2.59
17.14,-0.83
13.58,1.5
13.53,1.37
6.58,-2.17
10.16,-2.2
18.55,6.3
17.54,8.32
9.69,6.01
8.75,1.28
9.58,1.16
10.93,4.44
14.86,7.89
10.44,7.29
12.62,-0.96
9.47,-2.75
11.75,-2.27
2.63,-2.36
1.54,-6.14
7.12,-6.12
7.01,-3.84
7.55,-2.91
6.99,-4.3
3.45,-3.84
1.44,-1.23
2.9,-0.82
13.81,-1.79
16.36,-1.49
17.96,4.78
16.06,3.61
5.7,1.56
2.05,-6.57
1.94,-6.31
1.09,-1.55
0.29,-5.86
3.44,-6.23
5.54,0.63
6.82,0.6
9.66,0.26
7.62,-0.88
13.33,-1.94
-2.06,-11.34
-7.83,-11.8
3.78,-9.68
12.03,-1.45
2.74,-3.46
5.46,-4.19
10.93,-2.64
0.33,-2.84
10.0,0.15
3.41,1.11
2.4,-3.17
7.82,-2.83
1.86,-0.43
2.89,-0.81
3.63,-0.76
0.53,-2.31
-0.13,-6.94
-0.16,-6.21
-1.74,-4.52
3.49,-4.26
8.39,-2.01
9.32,-0.33
5.79,-1.7
1.44,-1.76
1.28,-1.93
2.59,-2.01
7.13,-3.08
3.29,-3.55
10.77,-1.94
2.83,-9.78
1.94,-9.94
1.38,-1.4
3.78,-0.34
7.17,-0.6
0.47,-8.72
-0.79,-10.7
1.39,-10.77
3.61,-3.21
5.37,-2.44
-0.71,-5.99
1.12,-6.21
3.31,-5.42
4.06,-4.13
3.5,-6.54
2.4,-11.92
-4.89,-13.2
0.79,-8.58
-0.98,-6.0
-4.05,-7.5
-3.21,-7.51
-1.99,-6.65
-2.57,-10.73
-3.93,-11.43
-7.1,-11.94
-6.83,-16.96
-4.21,-16.16
-1.32,-13.05
-2.28,-14.82
0.84,-11.14
8.18,-8.34
4.95,1.21
13.29,0.78
16.91,-2.44
8.76,-2.64
7.69,-0.49
12.72,6.15
16.88,1.6
8.0,-4.52
7.32,-4.67
17.57,-1.76
11.97,-4.14
8.61,-5.16
9.27,-4.1
11.4,-3.69
18.7,-1.45
19.4,1.29
20.92,9.78
18.43,6.23
15.69,4.73
13.12,-0.33
10.52,1.1
5.06,0.89
14.5,3.18
17.22,5.7
15.72,-0.37
10.55,-2.47
15.95,-2.33
19.11,0.49
19.6,4.17
19.52,8.65
22.53,6.55
17.61,7.83
13.62,4.13
23.3,5.62
10.64,-1.65
15.16,-0.64
23.0,5.54
11.38,-1.89
5.01,-5.79
9.2,-4.52
18.18,0.12
24.06,5.44
25.0,7.68
25.84,9.6
27.05,11.94
21.08,10.69
26.65,10.47
18.34,8.99
11.44,8.48
20.39,8.3
19.35,8.68
17.51,2.69
13.79,0.98
16.81,2.24
14.27,1.85
17.81,2.66
20.06,2.85
16.14,-1.89
8.5,-1.77
12.79,0.68
15.99,3.63
11.78,5.98
17.34,3.47
24.07,5.92
27.84,16.39
25.69,16.99
20.89,9.77
22.04,2.22
23.2,5.33
25.24,13.72
22.46,15.37
20.23,8.53
17.11,3.52
17.55,3.71
17.74,1.66
15.18,4.73
16.17,1.9
16.39,4.32
16.24,3.54
17.35,3.22
19.67,4.44
21.43,5.47
22.55,9.96
21.61,12.86
21.71,14.19
25.39,14.94
27.05,15.69
28.85,15.28
28.82,13.6
29.74,14.93
30.41,16.07
31.17,16.26
31.2,18.56
25.29,17.29
27.49,17.63
22.32,7.48
14.57,4.38
20.08,6.71
23.46,10.59
24.03,14.14
19.03,15.89
22.29,14.44
29.45,14.89
29.32,16.7
28.04,19.12
27.79,20.4
24.99,20.66
25.58,20.68
27.47,19.97
30.7,19.51
33.26,20.01
31.69,15.05
31.49,13.96
27.57,13.56
27.37,13.68
29.71,15.7
32.71,18.71
28.32,18.16
30.66,21.49
27.28,12.25
22.36,11.3
25.36,13.14
27.7,19.24
27.45,22.18
29.81,21.98
31.33,20.99
32.25,21.11
33.83,21.22
28.67,20.25
26.49,14.26
24.48,13.49
26.16,14.72
30.21,18.31
31.37,19.67
31.98,19.54
30.97,20.88
27.84,16.01
23.85,16.32
25.38,17.58
25.61,20.02
28.26,20.97
27.42,18.85
29.03,20.16
31.09,20.52
28.3,20.41
27.09,19.14
27.74,17.36
28.24,17.43
29.11,17.73
27.41,17.17
27.66,16.86
29.17,18.03
30.41,19.21
30.94,21.11
31.65,17.35
31.33,18.39
31.08,19.91
31.27,20.35
27.74,17.37
22.57,13.98
27.39,12.76
25.99,13.49
27.13,13.8
28.02,14.85
29.35,16.4
28.6,18.6
30.48,18.99
30.99,19.22
26.33,21.59
32.87,23.34
32.63,24.09
34.1,21.01
30.35,20.62
28.53,18.98
24.54,18.53
27.96,19.54
29.15,19.57
31.04,20.69
30.38,19.4
31.33,19.59
31.54,19.3
32.86,20.17
33.28,20.32
33.76,21.18
30.91,20.31
34.02,20.49
33.9,20.55
33.21,21.27
32.85,21.22
26.46,20.03
26.48,18.67
26.72,13.55
26.33,13.44
26.15,14.08
25.96,17.85
26.58,12.94
28.91,13.55
29.21,16.88
27.59,12.72
25.51,12.04
26.24,12.56
28.03,15.63
29.82,18.07
30.29,18.41
30.81,19.91
24.83,14.81
28.21,15.43
30.98,17.17
31.93,18.35
29.86,18.98
23.22,18.65
24.72,14.16
15.04,9.86
19.75,7.19
23.28,7.93
21.56,7.65
24.36,8.56
29.44,14.69
29.53,15.29
29.75,15.04
27.92,13.34
26.98,13.43
24.15,15.71
24.5,16.33
22.91,14.97
25.79,15.87
24.82,17.07
24.5,15.95
26.23,14.32
28.73,14.37
28.86,18.22
27.67,17.77
19.76,11.48
24.92,12.22
28.18,18.82
25.23,9.65
17.09,4.99
20.24,4.61
21.89,4.89
21.92,5.93
23.05,7.1
20.76,10.07
12.61,7.58
16.0,7.42
23.65,12.53
16.24,8.56
14.33,1.72
15.6,1.68
12.61,8.68
16.42,10.6
13.41,9.13
17.62,2.9
12.48,2.16
9.78,-2.48
9.87,-2.54
10.72,-2.58
11.96,-2.54
14.68,-1.49
17.73,-0.9
21.32,2.01
17.33,3.89
20.82,5.89
16.81,2.91
10.79,1.75
4.27,0.44
5.43,-2.82
4.97,-2.39
16.67,-0.14
19.02,4.4
8.7,-3.91
6.09,-4.4
12.4,-1.41
8.1,-1.54
4.83,-6.34
5.89,-6.38
13.2,-0.28
9.04,-4.22
1.41,-4.73
9.81,-0.06
8.12,-5.6
7.55,-6.02
13.25,0.02
11.44,3.54
18.48,1.95
17.78,1.39
12.83,0.85
17.27,2.26
6.48,-5.7
-1.94,-5.58
5.68,-5.6
14.64,-1.04
19.27,9.7
17.26,-2.42
9.17,-2.85
12.35,-1.67
14.27,-1.25
18.47,11.77
16.64,-1.23
8.03,-1.16
11.21,-1.61
2.02,-5.3
6.74,-5.32
7.83,-4.95
3.12,-5.37
11.57,-3.45
17.88,8.81
20.83,7.43
15.75,5.93
20.57,5.7
12.04,4.41
9.71,5.44
9.15,5.71
17.69,8.72
14.44,2.5
2.12,-5.26
1.04,-6.3
6.09,-5.95
6.06,-8.93
-6.53,-13.21
-6.78,-13.45
6.42,-10.5
6.32,-8.54
0.49,-10.17
1.86,-10.03
10.43,-1.31
8.35,-1.35
2.2,-2.75
0.45,-6.63
1.89,-6.72
-1.82,-4.76
6.74,-5.06
9.94,-7.09
-3.41,-8.47
-2.83,-12.81
0.57,-12.72
3.03,-6.88
5.21,-7.39
-1.39,-14.5
-4.47,-14.96
2.32,-9.05
-0.77,-15.94
-2.57,-16.04
5.53,-7.17
5.49,-7.01
16.59,0.12
7.85,-1.64
-1.3,-7.12
-4.02,-11.91
-5.13,-12.82
3.26,-10.12
1.77,-9.73
8.89,-8.28
11.26,-1.76
6.55,-2.7
12.33,-1.84
-1.54,-8.3
-1.96,-9.45
0.9,-9.62
12.88,-7.52
17.27,8.37
12.83,-5.49
2.11,-6.12
1.12,-6.15
15.23,-4.11
18.07,4.5
16.81,-2.32
-1.36,-2.99
2.76,-1.83
-0.16,-4.1
3.44,-5.58
10.16,-5.49
11.94,-3.85
19.41,2.4
21.43,2.19
8.21,-1.13
13.68,-1.28
23.85,7.19
22.2,9.98
14.38,0.26
4.52,0.3
10.46,-0.65
11.43,-0.48
6.99,-8.66
-1.88,-8.93
11.64,-3.05
18.53,2.53
20.03,3.1
22.01,3.04
22.91,4.68
17.65,8.34
8.82,2.19
18.08,1.8
21.85,3.65
18.67,9.32
19.8,6.46
11.24,4.61
7.64,2.88
5.61,-2.59
6.96,-5.39
7.01,-5.01
8.92,0.78
26.48,7.86
7.94,1.36
6.79,-2.85
13.34,-2.08
16.02,0.72
16.37,6.02
14.31,6.53
14.36,5.87
11.68,2.46
9.27,1.37
8.07,-1.75
18.49,-0.62
18.0,10.73
22.38,11.03
21.1,3.88
16.57,3.74
21.79,7.74
17.56,1.8
11.3,1.94
7.47,0.8
12.03,1.21
19.53,6.75
19.07,8.23
26.31,10.03
29.09,15.24
28.52,17.51
18.7,3.55
14.78,2.35
19.14,3.65
19.3,7.76
22.66,12.04
26.46,13.53
22.64,6.65
22.35,8.44
25.96,10.2
15.48,10.31
16.63,12.52
22.22,9.57
17.99,8.45
22.08,9.57
26.34,12.49
29.57,17.59
31.25,13.92
30.53,14.74
29.71,15.02
29.57,13.91
30.16,12.67
25.64,11.89
28.23,13.2
21.84,14.52
28.0,15.16
30.73,19.63
29.05,17.13
20.27,11.03
19.26,10.69
24.41,11.97
29.16,18.0
22.91,14.64
20.46,11.07
22.75,12.28
27.84,14.41
30.78,18.3
31.31,19.56
30.63,19.25
24.56,12.86
27.04,12.34
28.49,12.96
28.75,15.35
27.86,18.63
27.49,16.31
28.43,14.21
25.71,14.21
21.96,14.37
26.14,15.13
29.57,19.6
33.6,23.56
34.4,24.01
33.98,24.07
33.1,24.69
30.72,16.2
26.29,12.26
26.57,12.95
30.72,13.93
33.53,18.39
34.47,17.48
30.35,15.92
30.99,16.5
30.85,17.62
28.67,15.48
26.85,10.73
26.43,10.54
29.6,14.57
33.12,20.72
33.27,21.12
30.58,19.51
30.9,18.53
32.88,20.58
36.33,24.31
34.74,22.96
27.59,22.05
25.99,20.52
26.64,16.04
29.71,16.77
30.75,19.3
30.59,17.41
30.5,18.14
29.77,16.39
28.93,20.45
31.52,21.26
25.0,20.69
28.85,20.02
31.1,21.14
33.55,20.39
31.65,20.24
32.98,21.12
31.28,22.84
32.01,22.05
26.95,19.56
25.41,18.96
28.71,20.91
30.55,20.64
27.45,15.58
27.5,17.2
26.93,19.25
29.78,19.83
27.73,19.51
32.63,20.75
28.03,20.55
28.28,21.01
31.56,21.44
31.88,21.35
32.18,22.04
29.69,21.18
27.97,16.64
29.2,15.92
25.44,13.52
27.01,15.09
26.39,18.66
26.82,15.8
27.85,15.73
27.89,15.44
29.4,15.48
30.14,16.64
29.51,18.91
27.1,17.66
27.43,15.78
28.47,14.52
29.6,14.88
29.86,15.92
29.97,17.96
30.14,18.86
32.91,20.88
32.26,20.26
29.4,14.33
27.88,13.91
29.73,15.49
30.33,17.88
23.87,18.64
26.82,19.58
27.67,19.94
25.96,15.92
26.74,13.54
26.16,13.41
29.03,15.62
29.36,18.63
25.67,13.4
22.19,12.31
21.38,12.39
26.9,13.08
28.37,13.26
28.31,14.32
29.01,14.8
29.6,16.56
28.83,15.69
31.6,16.31
34.66,16.3
21.86,6.45
19.73,7.84
25.71,12.21
24.05,10.46
20.88,5.63
19.75,4.26
16.75,4.89
20.0,5.51
21.54,5.92
23.44,6.52
22.0,6.15
21.51,2.82
22.53,3.36
24.87,5.23
24.32,8.76
16.41,0.44
14.85,0.09
18.4,1.59
23.43,4.72
24.24,9.16
23.18,5.57
17.71,1.12
19.88,1.79
17.29,3.4
22.29,3.71
9.43,0.86
7.05,-0.99
12.24,-2.27
15.31,-0.5
22.77,5.22
25.24,11.1
25.51,10.55
25.32,11.38
22.13,7.9
12.47,-0.08
14.44,0.69
19.17,2.87
21.17,3.68
15.98,8.84
17.33,12.37
20.08,7.24
18.06,6.11
22.65,6.09
24.38,12.02
21.08,7.03
21.54,5.47
19.11,6.14
17.36,5.17
23.2,5.28
22.61,8.01
17.61,-0.77
-0.07,-1.87
3.52,-2.73
6.38,-2.31
5.21,1.38
3.31,-2.01
0.2,-3.24
1.32,-7.85
2.21,-8.58
1.86,-8.56
9.47,-5.07
13.92,-3.96
15.17,-3.31
16.92,-1.71
12.52,-3.58
12.75,-3.62
12.47,5.3
7.95,4.93
15.9,0.21
3.56,-6.35
4.23,-7.11
13.69,1.88
11.55,-6.81
5.54,-7.01
7.68,-3.75
10.46,5.76
9.75,4.41
7.17,4.26
8.68,5.02
7.91,4.59
7.97,2.23
7.67,-0.71
8.18,-0.54
12.28,4.82
6.64,1.02
4.3,-0.91
1.33,-4.64
1.66,-8.04
0.85,-7.69
7.35,-5.69
6.57,-5.35
6.56,-22.21
-16.49,-22.4
-8.53,-16.66
-6.41,-14.69
-3.24,-8.78
-0.4,-4.52
9.94,-3.39
14.16,8.83
15.11,7.92
