20170101
8.44,-1.17
12.63,6.07
13.25,-3.94
-1.28,-6.6
-5.01,-13.16
-8.91,-15.56
-7.35,-16.02
-4.9,-14.71
5.18,-6.22
12.78,-1.18
18.18,0.02
18.87,-1.04
1.96,-0.98
3.29,0.77
4.12,0.74
14.89,4.46
15.04,3.26
5.63,1.05
10.8,3.08
14.57,7.39
18.53,5.66
15.61,6.6
8.79,2.9
8.03,2.41
15.46,1.65
2.92,-0.96
2.31,-4.09
2.17,-3.81
1.08,-6.46
7.06,-7.41
7.91,2.89
6.45,-1.96
2.48,-5.07
-0.56,-10.7
4.56,-11.18
11.25,-1.49
16.23,-0.67
16.04,2.29
6.49,-4.54
-1.34,-7.92
13.14,-3.45
18.42,8.95
16.14,-2.7
9.76,-2.63
11.82,1.91
7.94,-1.62
11.03,-0.23
19.77,4.65
17.66,6.82
16.3,2.67
20.4,3.6
17.7,9.74
20.9,12.05
20.61,13.58
24.63,1.7
2.13,-5.99
9.01,-5.09
10.99,5.26
18.5,8.46
15.34,0.54
8.06,-1.87
4.7,-2.51
12.34,-1.1
19.74,-0.03
17.64,9.43
13.96,5.67
16.31,2.92
21.9,0.97
6.95,-3.57
3.31,-6.2
4.48,-5.64
3.06,-4.14
0.71,-6.92
2.45,-7.65
7.53,-6.42
9.67,1.72
6.46,0.37
11.33,1.77
19.76,5.39
17.6,-0.35
7.36,-1.51
15.07,-1.05
23.98,13.07
24.86,13.62
18.42,6.51
20.3,7.37
15.84,9.36
17.51,8.81
24.75,11.05
12.81,4.48
11.38,2.53
19.38,4.61
21.8,11.51
20.16,8.46
22.6,4.6
9.81,1.54
14.13,-0.45
19.57,2.28
25.78,10.05
26.19,15.15
19.5,5.11
21.01,6.01
26.88,7.96
28.59,11.88
28.66,16.98
27.16,12.16
21.59,8.58
25.92,10.6
28.12,16.92
27.62,9.63
15.87,7.42
13.6,5.28
21.1,6.28
24.63,8.5
24.78,11.78
29.07,15.22
17.9,7.25
20.4,9.37
26.87,14.81
24.73,12.82
16.89,7.63
19.11,4.38
12.7,6.44
12.94,7.41
12.54,4.73
17.63,3.41
17.97,1.47
18.84,4.5
21.94,11.24
29.47,13.61
20.6,11.69
20.0,7.46
24.24,11.26
27.68,13.18
28.57,14.09
29.83,16.71
28.99,20.41
29.0,18.57
28.35,15.27
27.07,14.84
25.48,8.72
22.82,9.76
23.8,13.28
17.99,13.02
18.67,10.4
26.66,14.1
28.88,16.76
24.7,14.93
28.56,13.68
27.07,12.75
27.22,10.37
26.79,10.55
29.21,12.26
31.03,15.1
31.24,18.38
30.81,14.95
25.6,12.38
21.3,9.94
24.77,11.87
28.85,14.24
30.02,15.94
31.5,18.68
33.2,20.73
31.03,19.18
31.87,19.24
28.44,18.34
31.11,18.92
31.03,20.67
27.94,16.3
27.68,14.85
29.71,16.71
32.22,19.65
28.01,21.27
24.5,16.23
25.82,11.84
25.67,11.38
24.26,10.65
24.04,11.08
27.53,14.83
31.06,20.34
29.09,19.33
29.09,16.85
30.08,17.04
30.76,18.66
30.34,19.35
29.39,20.53
26.17,18.71
31.12,16.93
28.25,14.27
29.43,17.1
29.84,22.08
27.08,19.84
32.23,21.71
30.41,21.79
29.5,15.18
28.45,15.83
30.22,17.36
30.94,19.21
31.55,18.22
31.25,19.63
32.41,22.28
33.53,23.22
33.81,21.26
29.65,19.49
29.57,16.59
27.8,16.08
30.27,17.92
28.94,22.27
28.33,15.75
26.11,13.28
28.52,15.17
30.06,17.26
29.39,18.04
29.48,17.23
30.31,18.69
24.04,11.01
25.57,12.74
22.47,16.84
25.59,14.0
26.99,11.52
27.57,13.22
29.46,15.24
27.73,16.34
27.46,13.3
28.01,15.58
28.43,17.1
30.92,18.41
31.96,20.33
31.08,19.77
29.73,18.58
31.55,18.3
32.53,18.97
32.43,20.56
28.56,14.78
26.71,11.36
26.32,11.81
25.91,11.22
26.23,11.87
28.05,13.65
27.21,16.46
26.26,14.92
28.02,15.65
27.78,15.62
16.24,12.58
22.73,12.06
28.07,13.09
30.87,15.88
23.27,8.56
20.2,7.5
21.55,7.57
25.37,9.4
23.66,8.52
23.42,8.38
22.83,9.3
21.18,14.44
18.6,16.01
23.19,12.88
28.3,13.26
29.92,15.35
30.58,16.72
28.01,19.48
27.26,17.79
30.99,18.38
32.94,19.12
32.86,17.59
32.52,16.84
32.65,15.21
32.2,15.51
32.33,17.1
29.46,12.32
23.32,8.0
25.18,7.33
24.31,5.49
24.43,5.89
27.08,10.56
29.28,14.55
26.71,17.71
23.6,17.34
27.43,17.82
28.61,12.74
19.6,13.76
22.13,14.63
21.69,15.9
18.21,13.64
17.74,13.02
23.6,11.33
28.89,15.13
23.03,7.14
17.58,3.22
20.44,3.19
21.84,4.51
24.68,7.18
25.56,7.52
24.18,9.6
25.92,14.19
17.75,7.93
11.25,4.71
11.48,-0.35
17.46,-0.16
13.17,1.99
4.49,1.57
4.3,-1.31
7.81,-0.43
7.8,-0.41
15.68,1.88
20.23,12.32
16.61,6.73
19.76,9.14
23.61,9.44
12.89,6.63
9.34,4.3
11.79,-0.76
13.7,-2.14
3.54,-3.92
7.17,-3.45
8.51,2.1
7.96,0.39
11.9,0.28
9.86,0.75
5.94,-1.55
16.05,0.68
18.23,2.02
4.21,-3.68
10.12,-3.38
13.77,-3.07
5.84,-4.72
9.27,-2.48
14.38,-1.33
15.73,-2.13
12.84,-2.71
17.54,0.8
17.75,4.73
14.84,2.99
12.95,-2.24
12.41,-2.56
13.7,-1.6
15.42,-1.23
18.66,3.55
9.53,-2.09
7.69,-2.39
0.11,-8.51
0.44,-9.02
0.22,-6.51
3.95,-6.07
9.85,-4.2
0.36,-7.8
8.05,-5.87
1.14,-5.94
1.21,-4.51
10.87,-0.69
7.6,2.82
7.84,5.33
10.03,2.06
9.69,-1.64
13.25,-1.53
12.33,2.71
3.48,-1.62
1.95,-6.03
-1.5,-7.91
-5.24,-15.88
-8.46,-16.42
-4.61,-12.45
-3.08,-7.5
-4.99,-14.57
-8.47,-18.3
-11.16,-20.72
-7.33,-20.72
-3.36,-16.35
-6.76,-17.33
-7.72,-18.67
-6.19,-18.87
3.54,-9.9
3.58,-0.09
6.04,-0.03
14.73,4.28
15.21,-2.11
-1.26,-9.91
-4.24,-16.11
-5.06,-16.14
-2.2,-15.93
-11.88,-17.44
-6.05,-14.08
0.49,-11.91
5.69,-6.58
9.69,0.68
12.88,7.07
13.69,2.42
3.73,-1.16
0.62,-5.28
8.96,-4.5
14.21,0.74
10.33,-2.95
11.72,-3.73
1.85,-5.43
1.36,-5.86
11.81,-1.07
6.66,-10.68
-3.68,-11.55
4.51,-6.41
3.71,-10.74
-1.58,-10.83
0.43,-4.38
0.58,-8.55
1.09,-8.05
10.74,-1.03
5.13,-0.82
1.46,-6.6
4.7,-6.81
7.17,-4.75
15.2,5.22
20.16,7.66
7.31,-1.38
2.64,-1.52
12.49,-1.23
23.24,12.86
25.6,10.25
11.23,3.77
11.86,4.32
16.08,7.15
15.35,6.3
9.87,-0.85
13.43,-1.13
16.84,-0.02
13.41,9.85
14.25,-0.02
9.81,-2.26
10.98,-1.96
11.49,-0.85
9.6,0.1
13.85,-0.53
3.96,-2.46
1.39,-4.43
7.81,-3.8
10.76,-0.6
6.94,-1.83
5.37,-3.8
6.32,-5.3
5.99,-5.13
15.33,-2.28
9.49,-2.47
8.28,-1.68
14.76,0.16
16.81,-0.18
2.36,-1.83
5.9,-3.9
9.13,-3.38
10.9,-1.59
2.77,-1.91
8.39,-1.81
15.2,3.07
13.48,9.72
14.42,9.68
14.45,4.78
10.43,0.46
15.71,1.31
9.38,-1.01
9.78,-0.71
22.84,0.97
3.1,-3.28
11.1,-2.24
15.13,-2.1
6.35,-4.59
6.45,-2.33
6.3,-1.73
6.97,-1.7
18.71,-0.09
26.77,13.12
27.07,15.64
21.03,10.72
11.78,0.52
2.6,-0.69
10.83,0.3
22.44,1.63
13.05,-0.73
16.66,1.26
18.21,5.78
19.79,8.51
14.76,9.65
13.69,10.29
19.39,4.38
20.34,4.34
21.66,5.71
14.79,0.09
17.44,0.89
23.64,5.34
27.84,14.46
29.12,18.51
25.5,17.37
26.54,13.06
20.48,11.8
28.09,9.0
23.3,8.12
26.07,9.82
28.8,15.38
29.09,15.06
30.51,18.4
29.76,16.63
31.7,18.4
32.8,19.94
31.66,18.33
26.04,16.36
28.76,17.16
23.42,18.07
25.73,17.15
30.99,17.81
29.89,18.35
30.09,14.85
27.81,14.17
28.64,14.1
30.99,17.56
30.76,17.9
33.06,18.19
33.8,20.09
31.27,21.67
27.0,20.38
29.41,19.73
29.86,18.23
30.63,19.72
27.32,12.73
24.98,12.52
28.95,13.31
26.53,15.42
31.32,18.37
32.34,18.35
32.9,17.8
25.41,18.22
25.92,18.58
27.65,19.69
29.25,13.9
28.81,14.89
31.14,18.47
33.76,21.16
33.96,22.25
33.36,22.87
32.93,20.88
30.57,21.39
26.68,18.67
25.01,18.12
24.34,17.1
27.46,19.7
23.84,19.89
25.04,19.32
28.81,17.95
30.33,19.94
31.94,20.4
32.75,22.7
33.03,22.44
32.07,21.98
31.77,22.11
34.3,22.59
33.81,21.21
27.91,12.85
27.31,13.84
31.2,17.77
32.99,19.92
33.22,20.25
29.71,15.95
29.28,15.97
31.83,17.11
33.1,21.01
29.81,21.18
30.63,18.97
30.85,14.77
30.0,15.28
30.09,17.36
29.67,18.66
24.98,18.96
26.57,16.52
25.91,16.46
29.08,17.5
30.37,16.95
29.76,16.06
26.9,14.35
27.27,14.99
27.3,17.54
23.61,18.5
24.2,17.45
27.07,15.94
29.45,16.93
30.29,19.38
32.0,19.76
32.72,20.2
32.42,20.26
29.97,20.58
30.05,18.45
29.71,18.85
30.36,19.71
30.12,17.08
30.23,16.92
29.73,16.27
30.91,19.32
25.44,19.74
27.22,20.39
27.91,19.87
28.98,18.54
30.26,19.19
28.62,19.92
27.42,17.42
25.34,11.7
26.68,12.32
24.22,13.84
28.89,20.3
32.57,21.91
32.56,21.53
33.03,21.58
31.24,18.73
28.86,17.26
30.88,18.5
29.69,19.83
32.17,20.78
33.43,20.86
33.79,20.56
33.4,20.85
31.35,20.61
27.2,18.16
19.07,14.86
16.13,13.56
19.91,12.42
23.07,12.87
23.29,15.08
30.08,16.38
31.09,17.25
31.47,19.28
30.32,20.14
30.74,18.67
32.97,18.75
33.01,19.44
33.57,20.66
30.98,15.05
16.77,13.22
25.13,13.39
21.83,16.75
25.37,18.76
21.9,11.22
16.65,7.31
23.15,8.34
22.52,9.35
27.32,11.3
29.74,13.45
30.3,18.83
30.94,19.05
26.71,16.83
31.21,18.54
31.61,18.31
31.79,18.55
31.56,19.43
30.69,19.34
24.65,11.47
15.91,2.32
12.2,2.46
12.56,3.05
12.66,7.18
12.11,1.08
12.17,0.95
16.07,-0.31
14.6,-0.55
13.53,0.84
17.15,-2.18
12.41,-1.97
19.35,0.98
17.43,0.65
14.26,1.08
14.35,2.73
9.47,5.67
12.99,3.72
18.63,3.18
16.9,2.48
20.91,5.55
18.44,7.65
10.56,5.02
9.89,0.83
14.31,0.64
16.35,7.18
16.03,8.61
15.48,3.42
12.87,-0.98
6.67,-0.02
6.88,-6.38
3.16,-6.86
6.81,-5.61
7.12,-0.27
2.14,-6.4
0.89,-6.17
1.43,-1.43
4.56,-1.34
8.24,0.58
10.45,0.91
5.87,1.74
3.91,-2.88
9.29,-3.75
11.55,-3.24
11.71,-1.34
13.79,0.5
15.69,0.32
2.49,-5.7
-3.5,-7.17
1.22,-7.64
7.19,-0.51
12.69,5.55
14.87,7.81
16.6,3.72
4.52,0.46
1.71,-1.87
0.37,-3.24
4.8,-5.92
4.01,-6.84
-1.84,-6.05
4.89,-7.52
1.49,-9.2
7.79,-7.19
11.42,0.94
9.77,4.43
10.16,5.8
8.81,3.06
10.92,-0.89
10.45,-3.24
7.94,-3.52
12.92,-1.77
8.39,5.2
6.54,-0.4
5.06,-1.7
3.1,-3.03
7.8,-2.93
8.62,-4.08
9.23,-3.73
14.0,4.68
13.72,-0.13
2.33,-2.96
6.99,-3.14
17.17,4.42
5.65,3.09
4.75,0.16
4.98,-1.22
10.38,-0.5
12.46,-0.43
12.71,-0.11
14.17,8.0
16.09,-1.79
-0.34,-6.38
-0.62,-6.8
1.13,-8.25
1.69,-1.77
0.82,-3.72
1.05,-7.21
1.24,-4.38
2.6,0.5
5.12,0.95
2.93,-0.04
3.73,-9.85
-6.25,-17.02
-6.29,-16.68
7.58,-8.33
10.44,-4.76
-0.04,-11.65
-2.69,-11.81
1.97,-3.68
-0.19,-5.89
8.83,-9.52
-5.52,-16.91
-14.84,-19.7
-6.97,-18.8
1.36,-7.54
10.09,-3.09
18.36,2.55
13.62,3.14
11.88,2.96
14.52,8.77
17.05,-7.03
-2.34,-10.03
-0.38,-9.72
2.45,-3.77
9.54,1.56
11.38,-4.31
3.69,-3.91
13.55,0.79
1.85,-4.12
3.05,-4.78
0.87,-2.31
0.44,-4.95
2.22,-5.41
8.14,-1.41
7.84,-2.18
6.26,0.57
14.87,4.16
7.42,-5.37
5.09,-5.64
10.9,-3.36
14.57,-1.92
1.57,-1.14
4.18,-1.02
5.06,-0.34
0.44,-11.45
-6.23,-13.33
-3.55,-12.56
-0.35,-10.94
2.08,-3.92
3.59,-0.67
15.69,1.58
9.96,-0.07
11.14,-2.64
10.56,-2.73
21.06,6.21
22.1,6.57
7.18,-0.97
9.45,-2.78
12.02,-3.13
9.81,-3.48
10.9,-2.94
13.15,1.91
7.73,1.68
11.55,-3.15
13.97,-2.78
13.74,5.3
9.5,-1.95
9.52,-2.6
15.58,-1.77
21.92,5.07
17.21,11.07
15.45,-1.56
3.82,-4.46
8.45,-3.48
15.28,-0.56
16.8,2.89
21.61,8.74
15.86,8.6
20.75,9.39
20.62,12.21
23.3,9.77
21.27,6.22
21.37,8.01
27.25,9.69
19.15,4.92
18.89,5.86
20.9,1.83
12.58,2.07
24.89,7.16
24.96,12.75
22.51,5.84
8.05,3.39
6.92,2.09
20.98,4.49
25.32,10.16
24.93,9.6
19.53,9.94
20.07,8.39
18.36,5.45
16.44,5.13
12.73,5.32
24.97,8.03
26.14,12.72
26.77,13.9
22.66,15.4
21.56,14.13
15.8,9.28
22.02,7.78
24.91,9.26
26.15,11.52
28.59,13.37
23.35,11.11
13.99,6.14
18.0,6.91
11.02,7.77
14.66,4.74
20.72,6.52
21.68,9.31
26.05,12.06
29.82,16.12
30.68,18.5
24.07,13.18
21.59,9.0
19.44,9.76
25.57,16.9
29.51,18.03
31.35,18.9
30.36,20.05
29.61,16.63
29.06,18.58
30.39,21.54
26.71,17.16
25.23,16.64
26.27,14.63
27.68,16.45
26.22,8.9
24.48,11.24
26.95,15.46
30.17,17.95
28.62,18.78
26.22,18.96
24.59,19.07
25.64,19.4
23.47,9.72
24.48,10.88
25.13,13.06
20.22,7.88
24.21,11.44
24.54,17.01
26.53,18.33
26.76,19.11
26.88,19.11
27.77,19.66
23.36,14.77
25.68,15.92
24.53,17.07
28.79,18.57
25.07,16.76
28.49,17.51
31.47,19.26
30.92,18.96
31.88,19.86
32.53,21.18
33.17,18.76
31.67,19.92
33.13,20.53
30.77,19.61
31.63,20.29
32.73,21.57
30.87,21.32
31.5,20.14
29.85,17.89
31.94,19.04
33.39,21.45
31.68,17.12
29.64,14.89
32.08,17.24
32.7,20.71
31.36,21.91
30.67,21.94
31.33,21.5
33.34,23.35
33.11,22.82
33.6,23.0
33.28,21.79
25.66,14.42
26.91,13.58
26.68,13.14
27.92,14.46
29.4,15.5
30.75,18.05
31.25,19.18
30.94,19.59
29.83,17.95
28.61,16.03
30.0,17.09
29.9,16.01
30.3,15.43
31.23,16.42
32.15,17.5
30.45,18.36
29.69,17.53
31.28,17.87
30.59,15.19
29.29,14.66
30.22,17.15
28.6,20.66
30.03,19.38
31.65,16.62
29.11,15.91
30.3,17.75
29.67,19.72
33.08,19.35
33.5,20.11
32.13,19.0
30.08,19.71
26.32,18.87
24.19,12.7
25.44,13.1
27.37,14.72
21.9,20.17
26.59,14.97
26.27,12.22
28.29,13.99
29.61,18.85
24.43,17.34
29.47,17.72
28.33,15.57
29.95,17.17
28.67,13.71
25.4,12.78
28.14,13.95
23.87,12.42
25.09,14.85
30.21,16.05
34.3,18.22
32.76,19.28
32.76,19.81
32.82,15.47
27.75,13.38
30.3,15.4
31.87,16.79
28.85,14.92
30.08,15.1
30.94,15.58
30.91,17.91
31.23,16.57
31.23,17.74
27.81,9.71
26.07,10.0
29.54,13.35
25.92,9.56
32.59,11.89
32.17,18.1
32.98,18.14
33.88,16.49
33.65,17.86
33.3,17.54
31.32,10.29
22.01,8.25
26.83,8.49
21.76,12.26
20.63,5.4
23.0,6.03
24.01,6.5
27.15,11.35
21.74,1.37
13.88,1.03
20.72,2.08
20.3,2.64
23.78,4.51
10.84,1.67
15.53,1.12
17.78,1.44
22.14,3.66
24.09,9.45
21.45,9.71
16.38,2.93
18.98,2.95
18.71,8.01
14.6,8.9
18.42,9.82
18.39,3.43
19.18,4.0
15.95,9.14
12.93,9.16
9.84,-2.69
8.6,-2.72
11.16,-2.29
12.31,-1.67
15.85,2.92
11.27,-1.34
12.44,-0.71
6.16,-6.88
2.48,-6.96
8.86,-2.45
17.79,4.19
11.84,-10.03
-4.97,-13.19
-0.09,-11.94
6.43,-5.5
6.63,-5.33
8.1,-4.07
8.65,-3.73
5.65,-0.96
7.12,-1.33
8.23,3.53
12.52,4.48
7.55,-1.74
3.68,-0.71
10.08,0.22
14.81,2.26
15.04,5.39
13.63,1.36
3.68,1.26
6.39,2.44
13.72,3.28
9.45,0.88
2.47,-0.68
4.47,-0.59
10.4,-2.59
11.57,-2.99
9.68,-4.58
7.58,-4.75
13.62,-1.41
13.85,-2.6
-1.74,-7.63
3.26,-7.31
6.94,-5.04
8.08,0.56
6.44,-1.21
1.48,-1.87
1.09,-1.35
2.43,-6.0
-0.73,-10.08
4.16,-8.81
7.83,-5.87
11.22,-3.79
12.71,-3.51
15.32,-2.09
16.32,-1.94
18.62,-1.09
17.63,8.63
15.03,5.74
16.0,6.6
16.55,4.89
5.5,1.16
2.85,-0.19
9.22,-0.8
10.53,6.25
10.56,3.07
3.94,-2.45
9.39,-2.63
8.89,-2.6
9.27,-2.41
4.95,-3.18
14.16,-2.71
17.44,9.81
18.23,1.99
5.5,1.21
7.63,1.12
10.43,-0.32
13.16,0.89
4.82,-4.81
3.1,-4.71
11.07,-8.54
-7.37,-10.15
-3.08,-8.91
0.18,-8.96
3.69,-8.23
8.62,0.34
7.71,1.27
1.82,-0.69
7.07,-3.05
3.32,-2.22
1.8,0.1
2.51,-0.09
4.24,-0.04
3.67,0.05
5.97,0.11
17.7,1.35
20.61,3.86
14.33,0.29
3.34,-0.5
0.38,-2.77
1.59,-2.95
2.1,-4.44
10.51,-3.02
6.4,0.56
5.52,-1.67
2.63,-1.08
2.74,-12.56
-4.28,-13.12
7.55,-9.42
10.57,-1.61
11.99,0.13
10.36,-3.55
6.53,-3.9
1.45,-9.27
3.34,-9.24
9.69,-5.81
13.36,1.46
7.06,4.72
7.57,1.83
2.94,-3.56
2.59,-3.99
2.75,-6.74
4.06,-6.81
17.46,-2.52
12.27,8.55
14.68,0.61
16.16,-1.19
15.62,-0.67
2.91,-5.03
10.19,-4.87
18.43,0.08
17.75,9.52
13.54,5.17
10.84,3.69
16.47,3.7
11.08,1.98
5.78,1.02
7.49,1.04
9.3,3.56
12.32,3.56
15.5,5.01
20.11,11.67
21.64,0.06
3.48,-1.52
5.87,-1.1
11.59,2.47
11.8,3.12
17.02,3.54
20.47,6.55
24.23,12.59
25.84,16.27
18.45,7.46
16.42,5.24
7.88,4.09
11.67,0.24
16.78,1.76
21.25,6.82
20.03,7.07
14.55,6.74
21.55,8.19
26.32,14.37
27.41,6.98
12.52,0.06
10.98,0.55
17.04,5.74
16.58,7.91
9.01,0.39
8.69,-3.07
10.52,-4.18
9.87,-0.16
10.58,0.73
12.9,1.3
14.79,2.93
18.94,4.54
14.38,0.21
22.11,3.37
13.26,9.64
19.92,7.86
19.2,6.6
16.4,1.81
19.59,5.03
24.5,13.63
17.96,6.82
9.9,5.59
20.26,6.27
28.09,13.29
22.19,6.45
21.01,7.53
9.26,4.56
15.92,3.48
19.92,6.91
12.98,-2.06
13.58,0.03
18.38,3.24
10.64,2.01
16.37,4.08
14.15,8.3
27.56,13.44
24.15,15.8
26.99,17.07
25.21,15.48
19.95,14.2
19.02,12.01
14.35,11.58
17.94,12.52
25.26,13.91
28.25,17.01
30.46,17.76
31.06,18.0
30.19,19.17
26.19,18.72
27.53,17.72
24.87,12.62
23.26,11.33
22.41,8.01
25.05,12.31
31.12,18.26
31.66,20.03
29.3,18.08
30.72,18.38
32.79,15.9
29.42,15.98
31.0,18.55
28.86,22.47
31.28,15.08
27.41,13.23
29.73,13.05
26.58,12.95
24.39,10.74
25.44,12.56
27.8,14.12
28.8,14.57
29.19,15.87
31.43,17.48
32.8,18.39
28.59,18.66
30.29,19.31
26.42,16.79
27.31,14.77
29.2,16.83
31.49,20.97
25.64,20.08
27.45,20.83
30.44,20.36
29.79,20.05
31.78,20.09
31.72,18.68
32.57,19.81
33.8,20.22
33.93,20.88
32.92,20.62
33.3,21.1
32.49,20.62
33.61,21.21
30.34,19.02
32.01,17.22
28.53,15.98
28.47,15.75
30.56,16.76
31.8,19.61
26.4,17.89
31.02,19.31
32.84,22.8
33.41,21.16
31.62,20.85
32.12,20.38
29.24,20.99
30.01,18.42
30.25,17.61
31.15,18.6
33.24,21.82
32.11,19.88
30.33,17.93
31.09,19.78
23.12,19.52
25.85,19.19
26.49,17.16
26.87,17.2
27.29,16.9
24.96,12.35
24.28,13.09
25.58,13.84
26.66,13.14
28.55,15.98
30.75,18.73
29.82,19.35
28.96,19.6
28.56,19.95
29.92,20.13
28.19,18.83
30.31,18.76
28.33,16.42
29.85,17.18
24.29,13.63
25.55,12.99
26.66,13.1
27.77,16.12
28.13,18.0
29.09,18.87
31.25,20.08
32.47,20.24
31.3,21.41
28.42,22.29
28.89,20.59
29.46,13.8
26.34,15.32
26.53,17.85
27.17,19.59
27.16,19.48
28.88,14.55
26.0,8.9
27.15,10.65
26.6,15.64
29.68,17.22
30.76,16.31
30.79,16.61
29.41,18.08
23.04,17.61
28.36,17.71
27.48,13.92
25.8,11.45
23.15,8.61
25.8,8.96
27.33,10.44
19.85,5.89
20.38,4.42
22.98,5.09
24.06,6.47
24.24,8.39
22.73,9.77
24.61,10.42
26.11,11.41
24.55,13.54
26.26,14.04
18.0,6.41
18.02,6.51
24.92,4.82
20.3,2.18
17.34,3.19
18.68,7.06
15.49,-0.25
17.56,0.78
23.3,4.87
29.55,6.52
26.45,7.19
28.36,9.34
24.18,15.27
26.57,15.21
25.09,4.37
21.1,4.28
25.96,6.09
16.83,-0.73
14.97,-1.39
17.27,1.13
16.74,8.83
11.57,7.46
17.17,7.98
19.59,11.93
27.56,12.79
25.68,6.13
12.51,5.88
10.92,6.33
9.14,6.7
10.33,6.68
11.55,7.86
10.38,3.2
10.13,-1.32
14.9,-0.29
10.83,-3.31
9.62,-2.83
18.41,0.17
22.1,5.4
19.92,4.05
21.29,3.39
23.28,3.69
26.59,9.55
25.97,10.69
25.13,11.23
12.97,-0.62
13.05,-0.57
13.37,-2.44
17.29,-0.61
13.68,1.54
13.52,1.35
6.6,-2.16
10.12,-2.14
18.58,6.16
17.54,8.45
9.98,6.12
9.23,1.29
9.54,1.23
11.03,4.44
14.96,7.91
10.52,7.33
12.8,-0.79
9.49,-2.72
11.74,-2.26
2.72,-2.26
1.45,-6.13
7.02,-6.1
6.97,-3.79
7.39,-2.76
7.09,-4.23
3.61,-3.84
1.39,-1.38
2.78,-0.87
13.76,-1.72
16.37,-1.46
17.97,4.79
16.28,3.73
5.79,1.78
2.17,-6.58
2.09,-6.26
1.2,-1.51
0.29,-5.77
3.47,-6.14
5.56,0.53
6.91,0.59
9.63,0.35
7.61,-0.94
13.43,-1.73
-1.85,-11.17
-7.8,-11.75
3.76,-9.77
12.04,-1.53
2.87,-3.28
5.62,-4.01
11.16,-2.47
0.35,-2.69
10.18,0.22
3.51,1.17
2.5,-3.05
7.88,-2.7
1.88,-0.35
2.94,-0.86
3.71,-0.73
0.57,-2.2
-0.08,-6.97
-0.04,-6.37
-1.58,-4.45
3.4,-4.2
8.44,-2.08
9.38,-0.29
5.92,-1.58
1.55,-1.62
1.36,-1.84
2.61,-1.93
7.22,-2.92
3.36,-3.39
10.8,-1.91
2.99,-9.66
1.97,-9.81
1.42,-1.35
3.86,-0.34
7.36,-0.51
0.61,-8.66
-0.75,-10.68
1.38,-10.7
3.69,-3.36
5.66,-2.36
-0.69,-5.85
1.18,-6.13
3.36,-5.3
4.17,-3.98
3.68,-6.22
2.7,-11.5
-4.74,-12.79
1.21,-8.51
-0.74,-5.84
-3.87,-7.4
-3.03,-7.43
-1.79,-6.56
-2.38,-10.27
-3.68,-11.0
-6.88,-11.79
-6.78,-16.78
-4.09,-15.97
-1.19,-12.74
-1.94,-14.69
0.83,-11.14
8.22,-8.41
4.94,1.16
13.39,0.62
17.06,-2.3
8.77,-2.49
7.74,-0.42
12.79,6.27
16.96,1.73
8.06,-4.5
7.4,-4.64
17.54,-1.85
12.06,-4.06
8.6,-4.98
9.31,-4.06
11.46,-3.63
18.7,-1.43
19.5,1.22
21.0,9.59
18.51,6.43
15.8,4.79
13.12,-0.34
10.47,1.1
5.17,0.94
14.87,3.12
17.3,5.65
16.18,-0.32
10.74,-2.38
16.05,-2.26
19.21,0.59
19.69,4.18
19.58,8.67
22.62,6.6
17.74,7.86
13.86,4.15
23.33,5.7
10.86,-1.58
15.21,-0.53
23.12,5.51
11.56,-1.92
5.07,-5.75
9.26,-4.47
18.28,0.26
24.22,5.5
25.15,7.69
26.0,9.6
27.31,12.1
21.25,10.72
26.9,10.66
18.5,8.98
11.54,8.44
20.55,8.19
19.49,8.72
17.5,2.7
13.92,0.86
16.93,2.25
14.36,1.75
18.04,2.68
20.22,2.8
16.62,-1.87
8.63,-1.77
12.92,0.58
16.11,3.56
11.86,6.09
17.47,3.39
24.19,6.13
27.95,16.45
25.97,17.03
20.98,9.75
22.09,2.1
23.2,5.21
25.32,13.7
22.53,15.39
20.43,8.55
17.12,3.44
17.64,3.85
17.8,1.77
15.25,4.75
16.22,1.92
16.44,4.43
16.28,3.67
17.41,3.2
19.75,4.35
21.51,5.34
22.64,10.25
21.64,12.85
21.71,14.13
25.49,14.93
27.13,15.62
28.91,15.23
28.89,13.59
29.83,14.9
30.45,16.01
31.26,16.19
31.28,18.48
25.37,17.26
27.58,17.67
22.36,7.72
14.58,4.48
20.05,6.74
23.54,10.69
24.1,14.27
19.04,15.93
22.44,14.3
29.61,14.89
29.45,16.76
28.11,19.18
27.86,20.38
25.14,20.67
25.63,20.68
27.56,20.03
30.83,19.46
33.38,19.98
31.78,15.08
31.6,13.94
27.68,13.54
27.42,13.65
29.79,15.71
32.72,18.75
28.4,18.25
30.76,21.49
27.48,12.36
22.4,11.19
25.4,13.07
27.83,19.26
27.56,22.17
29.94,21.94
31.5,21.01
32.41,21.12
33.99,21.27
28.78,20.3
26.49,14.38
24.55,13.4
26.18,14.7
30.27,18.3
31.47,19.64
32.08,19.47
31.05,20.91
27.9,16.23
23.93,16.35
25.55,17.66
25.73,20.07
28.29,20.96
27.48,18.87
29.1,20.1
31.17,20.52
28.4,20.47
27.17,19.17
27.78,17.31
28.31,17.41
29.16,17.68
27.46,17.13
27.74,16.78
29.21,17.85
30.49,19.25
30.97,21.13
31.73,17.35
31.37,18.32
31.12,19.89
31.34,20.36
27.81,17.33
22.67,13.96
27.42,12.67
26.09,13.44
27.24,13.74
28.09,14.84
29.43,16.35
28.67,18.45
30.57,18.92
31.09,19.38
26.34,21.57
32.89,23.25
32.71,24.04
34.15,20.99
30.5,20.55
28.58,18.92
24.61,18.48
28.0,19.46
29.22,19.48
31.12,20.61
30.42,19.29
31.38,19.42
31.61,19.19
32.96,20.01
33.38,20.28
33.84,21.19
30.98,20.24
34.05,20.4
33.91,20.42
33.31,21.23
32.87,21.17
26.42,19.97
26.48,18.65
26.79,13.49
26.35,13.38
26.16,14.16
26.0,17.82
26.63,12.86
28.97,13.61
29.26,16.9
27.67,12.64
25.61,11.92
26.29,12.53
28.05,15.61
29.83,18.05
30.34,18.41
30.87,19.8
24.98,14.85
28.24,15.5
31.08,17.15
32.03,18.28
29.96,19.0
23.24,18.62
24.72,14.1
15.16,9.82
19.8,7.08
23.34,7.97
21.66,7.55
24.41,8.6
29.42,14.67
29.59,15.17
29.81,14.9
28.03,13.14
27.08,13.26
24.3,15.59
24.58,16.35
23.05,14.9
25.94,15.84
24.94,17.05
24.73,15.92
26.41,14.32
28.94,14.42
29.02,18.19
27.82,17.81
19.89,11.46
25.12,12.17
28.29,18.8
25.32,9.67
17.28,4.91
20.45,4.54
22.06,4.86
22.07,5.99
23.17,7.09
21.05,10.06
12.67,7.48
16.06,7.46
23.68,12.5
16.34,8.48
14.4,1.63
15.59,1.65
12.71,8.66
16.52,10.6
13.47,9.12
17.58,2.81
12.51,2.16
9.79,-2.49
9.88,-2.55
10.75,-2.59
11.97,-2.56
14.67,-1.49
17.65,-0.86
21.24,2.0
17.44,3.71
20.91,5.9
16.86,2.89
10.77,1.69
4.31,0.43
5.5,-2.81
5.04,-2.35
16.73,-0.21
19.12,4.34
8.76,-3.89
6.08,-4.42
12.53,-1.48
8.05,-1.57
4.84,-6.33
5.87,-6.38
13.18,-0.35
8.92,-4.19
1.49,-4.71
9.88,-0.13
8.14,-5.58
7.46,-6.03
13.28,-0.02
11.6,3.41
18.61,1.91
17.79,1.46
12.97,0.79
17.28,2.21
6.56,-5.75
-1.81,-5.6
5.71,-5.61
14.7,-1.15
19.2,9.54
17.17,-2.41
9.12,-2.89
12.33,-1.73
14.32,-1.31
18.44,11.74
16.65,-1.15
8.34,-1.08
11.57,-1.67
1.97,-5.33
6.69,-5.36
7.83,-4.92
3.09,-5.42
11.63,-3.56
17.82,8.92
20.91,7.38
15.79,6.01
20.68,5.65
12.26,4.35
9.78,5.54
9.2,5.64
17.7,8.65
14.52,2.76
2.21,-5.23
1.06,-6.41
6.14,-6.01
6.24,-8.81
-6.57,-13.11
-6.76,-13.41
6.38,-10.61
6.4,-8.49
0.55,-10.23
1.81,-10.05
10.43,-1.27
8.36,-1.47
2.24,-2.71
0.5,-6.46
1.67,-6.59
-1.8,-4.69
6.66,-5.03
10.02,-7.02
-3.38,-8.48
-2.81,-12.89
0.56,-12.8
3.04,-7.05
5.33,-7.24
-1.38,-14.51
-4.39,-14.95
2.28,-9.1
-0.74,-16.14
-2.58,-16.22
5.56,-7.2
5.48,-6.82
16.52,-0.07
8.03,-1.49
-1.11,-7.03
-3.95,-11.85
-4.91,-12.69
3.41,-10.2
2.04,-9.61
9.0,-8.19
11.38,-1.65
6.79,-2.62
12.65,-1.8
-1.35,-8.16
-1.71,-9.35
0.97,-9.6
13.01,-7.41
17.29,8.28
12.98,-5.38
2.12,-6.02
1.15,-6.17
15.26,-4.13
18.09,4.23
16.77,-2.23
-1.19,-2.88
2.88,-1.75
-0.09,-4.02
3.44,-5.52
10.1,-5.45
11.9,-3.81
19.43,2.15
21.39,2.03
8.48,-1.16
13.76,-1.25
23.85,7.0
21.85,10.26
14.53,0.27
4.65,0.3
10.37,-0.83
11.51,-0.66
7.37,-8.65
-1.87,-8.86
11.62,-3.08
18.47,2.5
20.08,2.91
21.99,2.97
22.84,4.64
17.7,8.21
8.77,2.13
17.99,1.77
21.79,3.59
18.86,9.34
19.8,6.45
11.42,4.6
7.62,2.72
5.66,-2.64
6.98,-5.55
7.03,-4.98
8.93,0.73
26.5,7.79
8.03,1.3
6.8,-2.88
13.33,-1.99
16.07,0.83
16.43,5.85
14.29,6.42
14.35,5.83
11.83,2.44
9.36,1.31
8.1,-1.79
18.49,-0.54
18.09,10.66
22.36,10.96
21.15,3.85
16.69,3.74
21.92,7.73
17.66,1.69
11.26,1.86
7.51,0.78
12.06,1.24
19.59,6.71
19.1,8.14
26.38,10.09
29.22,15.32
28.57,17.49
18.96,3.5
14.89,2.3
19.24,3.67
19.35,7.67
22.8,11.94
26.42,13.49
22.71,6.55
22.41,8.72
26.01,10.15
15.45,10.28
16.63,12.38
22.32,9.6
17.89,8.26
21.98,9.61
26.3,12.58
29.52,17.52
31.18,13.57
30.47,14.71
29.7,15.02
29.65,13.85
30.24,12.79
25.66,11.64
28.25,13.24
21.97,14.56
27.99,15.31
30.73,19.77
29.11,16.98
20.23,10.92
19.12,10.47
24.34,11.92
29.17,18.03
22.81,14.47
20.5,10.98
22.79,12.25
27.81,14.5
30.81,18.16
31.35,19.38
30.77,19.2
24.57,12.75
27.13,12.16
28.54,12.93
28.77,15.43
27.92,18.54
27.52,16.26
28.44,14.17
25.74,14.18
22.1,14.41
26.18,15.23
29.62,19.69
33.68,23.7
34.49,23.85
34.03,24.02
33.18,24.58
30.72,16.02
26.3,12.05
26.63,12.81
30.79,13.93
33.65,18.38
34.6,17.2
30.4,15.64
31.09,16.26
30.93,17.81
28.8,15.31
26.87,10.78
26.44,10.48
29.65,14.43
33.18,20.51
33.34,21.15
30.64,19.52
30.92,18.31
32.9,20.82
36.35,24.26
34.83,22.88
27.63,21.98
25.91,20.52
26.62,16.07
29.73,16.82
30.77,19.52
30.64,17.31
30.55,18.11
29.79,16.32
28.96,20.31
31.61,21.32
25.0,20.75
28.85,19.89
31.08,21.16
33.57,20.33
31.7,20.05
33.02,21.05
31.32,22.83
32.07,22.09
27.0,19.66
25.42,19.06
28.78,21.0
30.59,20.61
27.44,15.5
27.5,17.3
26.9,19.17
29.78,19.8
27.81,19.37
32.66,20.86
28.18,20.66
28.33,21.19
31.5,21.23
31.96,21.34
32.23,21.99
29.7,21.2
27.99,16.52
29.23,15.74
25.49,13.41
27.07,15.3
26.43,18.6
26.86,15.74
27.89,15.64
27.98,15.32
29.41,15.36
30.2,16.68
29.61,18.77
27.14,17.61
27.38,15.73
28.42,14.4
29.54,14.81
29.9,16.03
30.02,17.88
30.15,18.85
32.96,20.92
32.3,20.21
29.37,14.19
27.83,13.9
29.77,15.53
30.37,17.91
24.17,18.64
26.9,19.59
27.74,19.96
26.04,15.93
26.76,13.52
26.22,13.44
29.08,15.73
29.31,18.65
25.72,13.53
22.23,12.33
21.41,12.44
26.93,13.03
28.35,13.22
28.4,14.31
29.05,14.75
29.6,16.52
28.83,15.68
31.57,16.32
34.69,16.39
21.84,6.46
19.75,7.9
25.68,12.27
24.05,10.45
20.94,5.57
19.79,4.2
16.8,4.87
20.05,5.56
21.62,6.03
23.54,6.56
22.08,6.25
21.58,2.9
22.58,3.34
24.93,5.24
24.42,8.62
16.52,0.41
14.92,0.06
18.44,1.65
23.46,4.9
24.3,8.8
23.48,5.72
17.96,1.17
20.02,1.89
17.44,3.33
22.43,3.9
9.65,0.91
7.12,-0.81
12.35,-2.23
15.38,-0.44
22.83,5.25
25.33,10.98
25.57,10.31
25.37,11.18
22.39,7.89
12.45,-0.07
14.51,0.77
19.29,2.91
21.19,3.83
16.08,8.93
17.47,12.36
20.07,7.28
17.97,6.1
22.67,6.09
24.43,11.93
21.19,7.12
21.68,5.47
19.27,6.17
17.42,5.12
23.21,5.22
22.54,8.01
17.6,-0.7
-0.01,-1.85
3.49,-2.61
6.5,-2.2
5.32,1.38
3.41,-2.01
0.22,-3.25
1.44,-7.85
2.26,-8.52
1.85,-8.49
9.43,-5.1
13.9,-4.03
15.16,-3.29
17.02,-1.75
12.63,-3.58
12.76,-3.61
12.46,5.31
8.02,4.87
15.94,0.35
3.62,-6.35
4.32,-7.07
13.72,1.84
11.91,-6.72
5.58,-6.92
7.6,-3.77
10.69,5.86
9.84,4.56
7.22,4.36
8.81,5.04
8.01,4.61
7.96,2.13
7.62,-0.69
8.24,-0.57
12.27,4.93
6.81,1.0
4.5,-0.87
1.28,-4.49
1.67,-7.9
0.86,-7.61
7.31,-5.74
6.68,-5.37
6.71,-22.13
-16.41,-22.37
-8.42,-16.62
-6.32,-14.55
-3.04,-8.72
-0.35,-4.63
9.92,-3.55
14.17,8.76
15.45,8.12
