20170101
8.0,-1.45
12.64,6.08
13.16,-3.86
-1.45,-6.98
-5.49,-13.68
-9.54,-16.03
-8.26,-16.64
-5.37,-15.4
4.99,-6.7
12.64,-1.44
18.12,-0.32
18.81,-1.36
1.74,-0.92
3.03,0.64
3.85,0.67
14.92,4.13
15.26,3.13
4.99,1.27
10.76,2.73
14.71,7.46
18.68,5.86
15.62,6.31
8.88,3.2
7.6,2.09
15.19,1.66
2.77,-1.0
2.08,-4.15
1.71,-3.77
0.32,-6.64
6.89,-7.49
8.09,2.9
6.39,-2.07
2.39,-5.14
-0.28,-11.19
4.8,-11.59
11.06,-1.81
16.13,-1.25
15.99,2.56
5.52,-4.55
-2.11,-8.76
12.44,-4.18
18.39,9.25
15.83,-2.87
9.65,-3.12
11.67,1.81
7.48,-2.09
9.77,-0.35
19.89,4.16
17.6,6.02
15.95,2.43
20.3,3.49
18.19,9.44
20.79,12.09
20.67,13.6
24.56,2.0
2.14,-6.28
8.84,-5.56
10.79,5.12
18.33,8.67
15.15,0.65
7.41,-1.84
4.43,-2.64
11.48,-1.02
19.59,0.07
17.43,9.52
13.96,5.56
16.3,3.03
21.8,1.23
7.11,-3.5
3.18,-6.15
4.22,-5.57
3.02,-3.76
0.68,-6.78
2.21,-7.7
6.8,-6.4
9.32,1.67
6.12,0.09
11.23,1.55
18.66,5.39
17.62,-0.12
7.25,-1.44
15.24,-0.98
23.91,13.3
25.06,13.57
18.63,6.78
20.53,7.7
15.91,9.42
17.29,8.82
24.96,11.04
13.05,4.64
10.92,2.61
19.23,4.57
21.74,11.89
20.1,8.53
23.22,4.85
9.57,1.54
13.84,-0.31
19.31,2.29
25.83,9.99
26.31,15.2
19.69,5.47
21.43,6.34
26.85,8.35
28.75,12.2
28.66,17.04
27.1,12.42
21.79,9.14
26.08,11.57
28.06,16.72
27.7,9.73
16.01,7.4
13.45,5.41
20.64,6.36
24.69,8.77
24.94,12.08
29.17,15.12
18.16,7.35
20.85,9.6
27.11,15.31
24.92,12.88
17.03,7.72
19.09,4.48
12.68,6.61
13.12,7.35
11.93,4.58
17.44,3.42
17.89,1.42
18.81,4.53
21.41,11.18
29.38,13.77
20.7,11.69
19.92,7.37
24.28,11.03
27.98,13.25
28.79,14.18
29.85,16.9
28.93,20.32
29.11,18.28
28.5,15.38
27.33,15.01
25.55,8.76
22.7,9.63
23.91,13.32
18.01,13.0
18.41,10.4
26.68,14.31
28.84,16.71
24.55,14.95
28.45,13.54
27.09,12.58
27.24,10.32
26.85,10.42
29.28,12.22
31.07,14.94
31.17,18.36
30.58,14.74
25.63,11.91
21.06,9.91
24.77,11.35
28.75,14.11
29.89,16.05
31.38,18.55
33.14,20.78
30.79,19.12
31.25,19.14
28.34,18.25
31.1,18.79
31.09,20.61
28.0,16.29
27.54,14.75
29.63,16.68
32.18,19.66
27.97,21.15
24.62,16.24
25.77,11.68
25.67,11.23
24.15,10.53
24.03,10.98
27.52,15.14
31.09,20.36
29.14,19.54
29.02,16.79
30.09,16.96
30.8,18.75
30.18,19.25
29.27,20.53
26.2,18.53
31.12,16.88
28.13,14.09
29.29,17.39
29.84,22.04
27.01,19.86
32.23,21.88
30.47,21.81
29.55,15.11
28.38,15.82
30.16,17.32
30.92,19.31
31.61,18.18
31.29,19.72
32.48,22.31
33.58,23.18
33.63,21.25
29.66,19.43
29.53,16.48
27.7,15.95
30.3,17.96
28.98,22.23
28.37,15.59
26.07,13.16
28.49,15.17
30.05,17.39
29.27,17.97
29.38,17.14
30.18,18.82
23.95,10.96
25.43,12.9
22.31,17.02
25.34,14.01
26.89,11.45
27.6,13.23
29.32,15.51
27.72,16.43
27.42,13.4
28.0,15.6
28.09,17.2
30.79,18.35
31.93,20.37
31.06,19.99
29.52,18.45
31.44,18.27
32.24,19.01
32.27,20.61
28.63,14.89
26.56,11.34
26.22,11.81
25.75,11.18
26.1,11.9
27.93,13.86
26.96,16.45
26.24,14.83
27.96,15.56
27.71,15.46
16.19,12.58
22.04,12.12
27.83,13.3
30.79,15.61
23.16,8.64
20.08,7.69
21.35,7.79
25.24,9.56
23.58,8.6
23.24,8.49
22.71,9.53
21.17,14.45
18.53,15.96
23.02,12.9
27.98,13.27
29.58,15.3
30.44,16.82
28.1,19.48
27.25,17.8
30.8,18.31
32.78,19.14
32.68,17.66
32.43,16.86
32.62,15.26
32.06,15.5
32.27,17.17
29.45,12.36
23.27,8.03
25.3,7.42
23.75,6.09
24.18,6.75
26.98,11.13
29.23,14.51
26.68,17.46
23.46,17.21
27.43,17.63
28.58,13.45
19.76,14.4
22.24,15.33
21.92,15.92
18.24,13.64
17.77,12.79
23.45,11.67
28.87,14.67
23.08,7.26
17.49,3.42
20.36,3.49
21.58,4.88
24.48,7.29
25.54,7.82
24.35,10.16
25.96,14.12
17.81,8.0
11.29,5.09
11.36,0.14
17.48,0.23
13.72,2.03
4.38,1.44
4.24,-1.19
7.88,-0.25
7.76,-0.4
15.43,1.8
20.15,12.34
16.42,6.8
19.09,8.88
23.61,9.42
12.73,6.61
9.19,4.33
11.77,-0.75
13.67,-2.12
3.29,-4.24
6.87,-3.73
8.7,2.04
7.49,0.67
11.77,0.23
10.03,0.61
5.13,-1.23
15.79,0.62
18.17,1.97
3.94,-3.76
10.04,-3.55
13.71,-2.86
5.24,-4.87
8.46,-2.66
14.31,-1.23
15.47,-2.02
12.57,-2.57
17.66,0.97
17.78,4.89
14.85,3.29
12.67,-2.27
12.44,-2.61
13.59,-1.57
15.31,-1.36
18.6,3.38
9.3,-2.37
7.49,-2.54
0.0,-8.53
0.23,-9.1
-0.15,-6.79
3.63,-6.47
9.45,-4.52
0.24,-7.97
7.92,-6.28
0.68,-6.32
1.14,-4.59
10.74,-0.72
7.55,2.86
7.8,5.14
9.98,2.15
9.62,-1.68
13.27,-1.66
12.28,2.87
3.5,-1.44
1.51,-6.31
-1.93,-8.05
-5.4,-16.19
-8.9,-16.72
-5.01,-12.75
-3.43,-7.45
-5.55,-14.89
-8.7,-18.52
-11.69,-21.02
-7.6,-21.03
-3.58,-16.73
-7.08,-17.48
-8.04,-19.15
-6.34,-19.39
3.35,-10.08
3.46,-0.17
5.75,-0.19
14.74,4.39
15.03,-1.78
-1.09,-9.97
-4.61,-16.13
-5.17,-16.27
-2.12,-15.91
-11.87,-17.7
-5.98,-14.3
0.48,-11.94
5.2,-6.6
9.6,0.55
12.81,6.74
13.53,2.51
3.75,-0.98
0.41,-5.53
8.62,-4.82
14.3,0.55
10.12,-2.53
11.61,-3.63
1.74,-5.35
1.18,-5.91
11.8,-1.13
6.51,-10.97
-3.89,-11.87
4.5,-6.59
3.63,-10.56
-1.87,-10.88
0.28,-3.99
0.17,-8.59
0.75,-8.28
10.75,-1.21
5.26,-0.68
1.48,-6.53
4.6,-6.98
7.21,-4.77
15.15,5.41
19.99,8.8
7.48,-1.59
2.53,-1.64
12.69,-1.53
23.2,12.72
25.53,10.87
11.18,3.62
11.56,4.11
16.14,7.32
15.21,6.56
9.63,-0.97
13.44,-1.28
16.79,0.06
13.42,9.72
14.26,0.03
9.66,-2.58
10.82,-2.22
11.59,-1.07
9.6,0.13
14.07,-0.6
4.14,-2.35
0.89,-4.55
7.35,-3.97
10.82,-0.72
7.1,-1.84
5.47,-3.88
5.72,-5.44
5.66,-5.23
15.15,-2.3
8.8,-2.16
7.51,-1.42
14.85,0.32
17.0,-0.21
2.55,-1.7
5.0,-4.16
8.66,-3.63
10.95,-1.92
2.83,-2.08
8.5,-1.94
15.13,3.59
13.55,9.8
14.51,9.83
14.6,4.81
10.03,0.47
15.72,1.36
9.55,-0.8
9.53,-0.61
23.11,1.0
2.95,-3.45
11.23,-2.28
15.23,-2.13
6.36,-4.55
6.53,-2.1
6.2,-1.62
7.06,-1.78
18.78,-0.09
26.93,13.31
27.1,15.82
20.93,10.85
12.05,0.57
2.33,-0.67
10.7,0.31
22.72,1.56
13.28,-0.65
16.84,1.38
18.3,5.62
19.94,8.71
14.74,9.55
13.68,10.44
19.63,4.54
20.67,4.31
21.92,5.72
14.87,0.2
17.65,0.83
23.74,5.11
27.92,14.41
29.18,18.45
25.61,17.41
26.68,13.17
20.46,11.8
27.91,9.15
23.44,8.1
26.27,9.79
28.78,15.36
28.99,14.91
30.46,18.18
29.68,16.75
31.55,18.33
32.74,19.82
31.68,18.5
25.78,16.29
28.66,17.1
23.52,18.09
25.78,17.06
30.91,17.75
29.92,18.31
29.92,14.69
27.99,14.06
28.58,13.94
30.93,17.75
30.54,18.11
33.01,18.4
33.68,19.98
31.32,21.57
27.04,20.38
29.34,19.59
29.67,18.11
30.58,19.41
27.25,12.58
25.01,12.17
28.95,13.29
26.47,15.18
31.3,18.22
32.23,18.11
32.81,17.63
25.6,18.1
25.95,18.55
27.68,19.61
29.23,13.85
28.94,14.78
31.27,18.26
33.84,20.98
34.11,22.0
33.39,22.66
32.9,20.79
30.66,21.35
26.69,18.67
25.03,18.15
24.46,17.37
27.8,19.62
24.05,19.77
25.34,19.31
28.82,18.18
30.57,19.76
32.09,20.2
32.85,22.52
32.95,22.39
32.15,21.9
31.55,21.99
34.26,22.57
33.87,21.33
28.14,13.08
27.46,13.91
31.2,17.36
32.82,19.79
33.05,20.15
29.76,15.89
29.41,15.84
31.9,17.09
33.13,20.69
29.72,21.23
30.47,19.21
30.86,14.75
29.96,15.27
30.11,17.49
29.09,18.51
24.8,18.97
26.73,16.48
25.89,16.43
28.81,17.34
30.34,16.83
29.69,16.03
26.82,14.27
27.28,15.03
27.32,17.54
23.91,18.44
24.28,17.44
26.85,16.02
29.17,16.89
30.22,19.3
31.85,19.75
32.49,20.3
32.28,20.35
29.81,20.66
29.67,18.38
29.4,18.79
30.26,19.77
29.86,17.03
30.11,16.93
29.63,16.44
30.7,19.33
25.33,19.78
27.15,20.46
27.68,19.89
28.72,18.52
30.04,19.23
28.47,19.91
27.21,17.46
25.15,11.67
26.49,12.35
24.08,13.93
28.61,20.31
32.35,21.93
32.38,21.62
32.8,21.61
31.13,18.89
28.63,17.36
30.68,18.5
29.66,19.85
32.06,20.85
33.23,20.94
33.64,20.63
33.15,20.97
31.32,20.6
27.21,18.28
19.14,15.0
16.35,13.65
19.7,12.62
22.82,13.16
23.24,15.22
29.9,16.49
31.09,17.42
31.38,19.4
30.06,20.12
30.41,18.83
32.78,18.79
32.81,19.43
33.35,20.56
30.7,15.24
16.68,13.16
24.94,13.39
21.69,16.93
25.31,19.03
21.77,11.34
16.54,7.21
22.92,8.33
22.5,9.51
27.24,11.71
29.61,14.33
30.2,19.14
30.84,19.44
26.79,17.28
31.16,18.51
31.47,18.17
31.72,18.5
31.43,19.72
30.61,19.44
24.62,11.61
16.0,2.37
12.17,2.53
12.26,3.37
12.83,7.3
12.26,1.28
12.04,1.26
16.12,-0.19
14.5,-0.34
13.73,1.14
17.19,-1.85
12.28,-1.77
19.33,1.39
17.46,0.87
14.27,1.15
14.32,3.39
9.42,6.0
12.33,3.91
18.57,3.3
16.79,2.59
20.97,5.49
18.44,8.1
10.76,5.04
9.25,0.89
13.85,0.75
16.32,7.06
15.99,8.8
15.51,3.48
12.76,-0.9
6.61,-0.14
6.8,-6.07
2.94,-6.89
6.79,-5.59
6.85,-0.04
2.27,-6.16
0.83,-6.07
1.45,-1.31
4.2,-1.17
7.84,0.76
10.62,0.98
5.82,1.93
3.83,-2.68
8.83,-3.59
10.9,-2.99
11.51,-1.26
13.4,0.67
15.55,0.53
2.4,-5.44
-3.56,-7.16
0.92,-7.66
6.78,-0.49
11.91,5.41
14.74,7.64
16.79,3.72
4.63,0.27
1.62,-2.07
-0.15,-3.44
5.06,-6.17
3.54,-6.92
-2.02,-6.12
4.75,-7.56
1.15,-9.15
7.65,-7.39
11.02,0.82
9.73,4.28
10.32,5.85
8.46,3.21
10.11,-0.65
9.98,-3.28
7.85,-3.55
12.75,-1.7
8.59,4.89
6.38,-0.46
5.01,-1.66
3.13,-2.9
7.41,-3.04
8.5,-3.95
9.18,-3.59
13.82,4.59
13.71,-0.24
2.17,-2.82
6.6,-2.95
17.08,4.55
5.58,3.05
4.81,0.21
4.98,-1.29
10.3,-0.49
12.2,-0.5
12.24,-0.15
14.35,7.64
16.03,-1.74
-0.61,-6.51
-1.26,-6.93
1.0,-8.07
1.33,-1.88
0.56,-3.51
0.52,-7.43
0.99,-4.95
2.14,0.34
4.88,0.94
2.74,0.33
3.67,-9.98
-7.05,-17.53
-6.7,-17.55
7.4,-8.43
10.45,-4.79
-0.25,-11.9
-3.12,-12.1
1.92,-3.61
-0.29,-5.86
8.88,-9.69
-5.78,-17.14
-15.28,-20.56
-7.3,-19.04
1.21,-7.58
10.03,-3.16
18.31,2.61
13.66,3.12
12.01,3.22
14.31,8.99
17.1,-7.01
-2.64,-10.1
-0.48,-9.97
2.39,-3.91
9.55,1.68
11.32,-4.08
3.55,-3.84
13.55,0.9
1.71,-4.17
2.98,-4.82
0.74,-2.15
0.38,-5.25
2.17,-5.58
8.2,-1.34
7.7,-1.96
6.21,0.68
14.91,4.11
7.58,-5.36
4.96,-5.62
10.86,-3.34
14.64,-1.87
1.58,-1.07
4.09,-0.89
5.18,-0.25
0.23,-11.25
-6.28,-13.41
-3.76,-12.59
-0.51,-10.84
2.19,-4.11
3.52,-0.65
15.53,1.55
9.77,0.17
10.93,-2.66
10.89,-2.66
21.17,6.28
22.11,6.53
7.08,-0.9
9.12,-2.81
11.93,-3.23
9.63,-3.41
10.83,-2.77
13.25,1.93
8.07,1.95
11.13,-3.09
14.07,-2.75
14.17,5.23
9.44,-1.95
9.6,-2.6
15.64,-1.65
22.11,4.83
17.09,11.09
15.59,-1.4
3.76,-4.56
8.5,-3.35
15.25,-0.46
16.98,3.05
21.77,8.72
15.57,8.95
20.47,9.65
20.66,12.29
23.23,10.0
21.52,6.13
21.79,7.85
27.36,9.9
19.55,5.08
19.32,6.01
21.65,1.84
12.47,2.09
24.97,7.0
24.99,13.08
22.8,5.94
8.14,3.12
6.97,2.14
21.06,4.15
25.33,9.91
25.12,9.61
20.23,10.08
20.36,8.64
18.39,5.43
16.58,5.45
12.92,5.32
25.1,7.8
26.16,12.63
26.86,13.94
22.9,15.48
21.81,14.25
15.93,9.69
21.98,7.8
24.9,9.35
26.19,11.56
28.52,13.36
23.51,11.38
14.11,6.38
18.31,7.01
11.17,7.89
14.31,4.86
20.68,6.86
21.65,9.16
25.94,12.11
29.76,16.1
30.65,18.77
24.07,13.33
21.67,8.95
19.61,9.83
25.63,17.11
29.42,18.13
31.39,18.71
30.45,20.09
29.68,16.62
28.99,18.59
30.4,21.83
26.67,17.3
25.07,16.6
26.16,14.47
27.58,16.42
26.25,8.74
24.44,11.25
27.01,15.44
30.02,17.83
28.62,18.71
26.08,18.79
24.48,19.07
25.8,19.44
23.53,9.61
24.5,10.78
25.01,13.06
20.22,7.79
24.14,11.73
24.73,17.09
26.53,18.49
26.82,19.0
26.86,19.02
27.95,19.54
23.22,15.07
25.74,16.12
24.61,16.76
28.76,18.52
25.18,16.76
28.7,17.37
31.5,19.19
31.04,18.91
31.95,19.73
32.53,21.08
32.98,18.92
31.73,20.05
33.1,20.44
30.58,19.67
31.55,20.37
32.66,21.55
30.8,21.26
31.53,20.08
29.81,17.97
31.94,19.25
33.28,21.44
31.57,17.24
29.57,14.79
32.04,17.16
32.56,20.52
31.26,21.99
30.59,22.04
31.11,21.48
33.24,23.31
33.14,22.76
33.61,22.91
33.12,21.63
25.56,14.55
26.75,13.51
26.59,13.17
27.86,14.54
29.41,15.64
30.69,17.92
31.23,19.06
30.89,19.63
29.78,18.02
28.64,16.23
30.13,17.41
29.92,16.13
30.3,15.34
31.17,16.32
32.04,17.47
30.58,18.45
29.83,17.47
31.24,18.14
30.56,15.11
29.22,14.57
30.3,17.24
28.67,20.7
30.19,19.33
31.59,16.6
29.09,15.92
30.37,17.74
30.0,19.81
33.27,19.53
33.65,20.3
32.21,18.93
30.28,19.76
26.39,18.86
24.12,12.67
25.56,13.29
27.61,15.01
21.88,20.17
26.53,14.94
26.27,12.07
28.26,13.96
29.67,18.93
24.72,17.45
29.61,17.87
28.21,15.59
30.07,17.24
28.72,13.75
25.46,12.67
28.17,13.96
23.97,12.43
25.26,14.71
30.25,15.98
34.38,18.29
32.8,19.22
32.91,19.78
33.06,15.7
27.87,13.31
30.58,15.46
32.02,17.12
29.06,14.97
30.34,15.18
30.92,15.73
30.74,17.91
31.14,16.34
31.18,17.74
27.82,9.65
26.11,10.11
29.54,13.31
25.92,9.61
32.44,12.24
32.26,18.31
32.97,18.17
34.03,17.19
33.81,17.95
33.6,17.7
31.71,11.0
22.16,8.41
27.02,9.02
22.26,12.47
20.39,5.74
23.06,6.22
24.01,7.29
27.25,11.65
22.08,1.49
13.8,0.8
20.64,1.73
20.39,2.8
23.88,4.71
10.69,1.73
15.57,1.19
17.84,1.54
22.31,4.07
24.27,9.87
21.67,10.13
16.54,2.75
19.03,2.92
19.23,7.5
14.77,9.12
18.4,10.05
18.42,3.73
19.62,4.39
16.01,9.23
13.1,9.65
9.98,-2.57
8.56,-2.79
11.05,-2.25
12.23,-1.37
15.77,2.7
11.16,-1.31
12.45,-0.59
6.12,-6.75
2.51,-6.84
8.77,-2.51
17.75,3.97
11.99,-9.89
-5.03,-13.08
-0.14,-11.6
6.28,-5.48
6.6,-5.29
8.05,-4.1
8.66,-3.66
5.58,-0.93
7.25,-1.08
8.28,3.38
12.48,4.37
7.51,-1.58
3.69,-0.44
9.94,0.34
14.74,2.18
14.97,5.42
13.62,1.38
3.62,1.26
6.28,2.43
13.79,3.14
9.43,0.83
2.56,-0.66
4.27,-0.65
10.28,-2.49
11.41,-2.84
9.64,-4.45
7.54,-4.65
13.57,-1.21
13.68,-2.56
-1.63,-7.78
3.27,-7.33
6.84,-5.16
8.0,0.81
6.36,-1.24
1.59,-1.7
1.02,-1.26
2.3,-6.06
-0.81,-10.08
4.13,-8.82
7.73,-5.77
11.47,-3.72
12.66,-3.43
15.17,-2.12
16.19,-1.89
18.61,-0.84
17.56,8.31
15.05,6.08
15.9,6.66
16.41,4.8
5.44,1.19
2.66,-0.26
9.2,-0.72
10.48,5.99
10.58,3.23
3.82,-2.26
9.18,-2.6
8.76,-2.61
9.11,-2.29
4.75,-3.01
14.12,-2.55
17.38,9.76
18.22,2.02
5.49,1.02
7.74,1.34
10.22,-0.36
13.05,0.61
4.79,-5.07
3.04,-4.76
10.9,-8.27
-7.43,-10.21
-3.02,-8.87
0.11,-9.09
3.68,-8.33
8.57,0.15
7.65,1.26
1.83,-0.7
7.0,-3.01
3.15,-2.44
1.68,0.05
2.37,-0.13
4.12,-0.09
3.45,0.0
5.83,-0.01
17.67,1.21
20.35,3.89
14.18,0.16
2.89,-0.41
0.51,-2.84
1.36,-2.98
2.01,-4.56
10.24,-3.26
6.64,0.39
5.36,-1.7
2.49,-1.09
2.71,-12.44
-4.31,-13.08
7.35,-9.82
10.3,-1.68
11.96,-0.1
10.34,-3.62
6.57,-3.93
1.25,-9.36
3.31,-9.37
9.68,-6.15
13.36,1.05
6.96,4.56
7.55,1.97
2.92,-3.66
2.18,-3.97
2.55,-6.87
4.0,-6.67
17.31,-2.82
12.33,8.44
14.55,0.61
16.11,-1.02
15.55,-0.44
2.85,-4.77
10.23,-4.61
18.34,-0.1
17.73,9.35
13.63,5.41
10.92,3.55
16.55,3.64
11.44,2.09
5.87,1.08
7.46,1.13
9.07,3.58
12.47,3.37
15.61,4.92
20.03,11.57
21.58,0.14
3.4,-1.52
5.92,-1.13
11.64,2.56
11.82,3.14
17.13,3.62
20.67,6.61
24.38,12.74
25.86,16.15
18.56,7.65
16.5,5.25
8.23,4.22
11.88,0.47
16.86,2.0
21.28,6.8
21.05,7.14
14.79,6.94
21.59,8.43
26.45,13.97
27.5,7.1
12.86,0.25
11.09,0.69
17.13,5.5
16.93,8.04
9.35,0.57
8.89,-2.92
10.86,-3.87
10.18,-0.48
10.86,0.86
12.89,1.42
14.78,2.95
19.09,4.71
14.54,0.4
22.41,3.45
13.31,9.86
19.97,7.91
19.53,6.71
16.39,2.15
19.64,5.28
24.61,13.48
18.3,6.98
9.87,5.81
20.27,6.45
28.02,13.08
22.34,6.55
21.14,7.65
9.3,4.5
15.82,3.28
19.83,6.97
12.85,-2.05
13.45,-0.01
18.31,3.16
10.51,1.88
16.18,4.15
14.1,8.24
27.6,13.43
24.02,15.73
26.94,17.04
25.47,15.55
19.94,14.2
19.0,11.94
14.37,11.52
18.03,12.59
25.23,13.97
28.33,16.95
30.37,17.6
31.07,17.9
30.21,19.15
26.09,18.71
27.58,17.59
24.91,12.78
23.24,10.9
22.4,7.86
25.13,12.44
31.12,18.17
31.65,20.03
29.34,18.01
30.73,18.35
32.8,15.96
29.4,15.9
30.89,18.51
28.91,22.42
31.37,15.01
27.35,13.11
29.68,12.93
26.42,12.71
24.3,10.81
25.41,12.76
27.75,13.93
28.75,14.43
29.09,15.97
31.57,17.36
32.72,18.24
28.88,18.81
30.15,19.38
26.32,16.34
27.28,14.52
29.17,16.75
31.27,21.0
25.67,20.01
27.52,20.89
30.64,20.29
29.65,19.99
31.85,19.87
31.88,18.54
32.59,19.62
33.86,20.07
33.98,20.74
32.97,20.51
33.17,21.0
32.75,20.5
33.58,21.09
30.21,18.82
31.78,17.18
28.39,15.88
28.46,15.65
30.63,16.63
31.77,19.46
26.62,17.86
31.05,19.22
32.79,22.56
33.4,20.89
31.63,20.85
32.16,20.32
29.15,20.9
29.93,18.42
30.35,17.56
31.12,18.5
33.2,21.6
32.07,20.0
30.29,17.75
31.19,19.66
23.14,19.47
25.83,19.45
26.77,17.22
26.77,17.33
27.19,16.79
24.99,12.31
24.24,13.22
25.71,14.13
26.78,13.28
28.63,15.6
30.72,18.47
29.66,19.3
28.93,19.55
28.62,19.91
30.01,20.17
27.84,18.94
30.24,18.74
28.31,16.36
29.67,17.21
24.33,13.69
25.6,12.92
26.69,13.59
27.76,16.48
27.92,18.25
29.07,18.81
31.13,19.92
32.32,20.19
31.17,21.37
28.31,22.36
28.72,20.7
29.34,13.93
26.36,15.65
26.5,17.76
27.32,19.76
27.25,19.86
28.85,15.09
25.99,9.38
27.01,11.04
26.75,15.75
29.53,17.28
30.61,16.5
30.73,16.76
29.65,18.13
23.08,17.44
28.48,17.74
27.42,14.07
25.85,11.46
23.14,8.85
25.85,9.25
27.24,10.6
19.83,6.02
20.45,4.77
22.97,5.6
23.92,6.71
24.19,8.56
22.71,9.94
24.64,10.68
26.09,11.63
24.62,13.7
26.22,14.06
18.23,6.56
17.96,6.63
24.71,5.29
20.21,2.58
17.43,3.6
18.62,6.96
16.14,0.23
17.59,1.2
23.09,4.89
29.35,7.03
26.26,7.55
28.12,9.29
23.84,15.75
26.37,15.68
24.9,4.68
21.08,4.63
25.8,6.39
16.99,-0.21
14.89,-1.14
17.16,0.82
16.47,9.08
11.59,7.89
17.03,8.44
20.1,12.22
27.44,13.06
25.52,6.5
12.66,5.85
10.85,6.31
9.23,6.88
10.52,6.99
11.79,8.28
10.69,3.84
10.14,-1.07
14.84,0.26
10.8,-3.2
9.81,-2.68
18.42,0.55
22.08,5.53
19.81,4.2
21.4,3.67
23.34,4.12
26.59,9.51
25.97,11.06
25.21,11.22
12.91,-0.27
13.08,-0.35
13.2,-2.13
17.26,-0.25
13.88,1.57
13.47,1.19
6.61,-2.18
10.05,-1.88
18.56,6.22
17.58,8.53
10.24,6.19
9.32,1.48
9.49,1.41
10.93,4.37
14.86,7.91
10.56,7.23
12.76,-0.54
9.64,-2.6
11.8,-2.19
2.72,-2.27
1.25,-6.04
6.89,-5.98
6.95,-3.66
7.28,-2.64
7.07,-4.11
3.5,-3.62
1.21,-1.6
2.78,-0.85
13.63,-1.56
16.37,-1.43
17.91,4.67
16.24,3.62
5.74,1.76
2.14,-6.41
1.9,-6.09
1.17,-1.64
0.28,-5.73
3.48,-5.94
5.55,0.31
6.86,0.5
9.51,0.35
7.65,-0.92
13.4,-1.67
-1.85,-11.05
-7.87,-11.72
3.68,-9.79
11.95,-1.65
2.74,-3.31
5.59,-3.92
11.13,-2.35
0.53,-2.44
10.21,0.36
3.73,1.21
2.58,-2.64
7.89,-2.36
2.02,-0.29
2.99,-0.82
3.76,-0.68
0.63,-2.02
0.14,-6.91
0.12,-6.6
-1.5,-4.57
3.34,-4.14
8.4,-2.15
9.33,-0.24
6.02,-1.47
1.62,-1.38
1.37,-1.65
2.69,-1.98
7.15,-2.79
3.29,-3.12
10.72,-1.96
3.01,-9.64
1.99,-9.62
1.35,-1.33
3.65,-0.52
7.27,-0.66
0.68,-8.47
-0.58,-10.69
1.53,-10.6
3.62,-3.53
5.58,-2.35
-0.62,-5.91
1.1,-6.2
3.1,-5.33
4.12,-3.94
3.57,-5.94
2.56,-11.19
-4.69,-12.33
1.65,-8.53
-0.82,-5.82
-4.01,-7.33
-2.87,-7.37
-1.61,-6.54
-2.31,-9.81
-3.52,-10.36
-6.71,-11.85
-6.74,-16.89
-4.02,-15.68
-1.16,-12.06
-1.9,-14.4
0.91,-11.14
8.18,-8.22
5.15,1.05
13.23,0.45
17.01,-2.22
8.72,-2.28
7.72,-0.3
12.93,6.31
16.77,1.95
8.2,-4.6
7.46,-4.59
17.36,-2.04
12.03,-3.86
8.61,-4.52
9.26,-3.81
11.37,-3.36
18.64,-1.25
19.45,1.1
21.03,8.88
18.39,7.04
15.96,4.84
12.92,-0.43
10.6,1.05
5.13,1.15
14.83,3.04
17.31,5.48
16.04,-0.13
10.91,-2.11
16.08,-1.96
19.23,0.96
19.75,4.43
19.67,8.84
22.69,6.81
17.76,7.99
14.07,4.25
23.39,5.76
11.28,-1.5
15.27,-0.26
23.14,5.37
11.91,-1.82
5.32,-5.48
9.48,-4.16
18.34,0.56
24.21,5.62
25.25,7.6
26.03,9.42
27.44,12.41
21.44,10.59
27.22,11.16
18.7,8.91
11.76,8.14
20.59,7.99
19.5,8.9
17.27,2.92
13.92,0.68
17.14,2.27
14.35,1.75
18.2,2.99
20.32,2.77
17.46,-1.58
8.62,-1.5
13.0,0.25
16.26,3.72
11.96,6.36
17.69,3.43
24.37,6.68
28.04,16.64
26.28,17.14
21.03,9.68
22.01,2.11
23.07,5.13
25.17,13.6
22.56,15.36
20.69,8.71
17.09,3.37
17.69,3.7
17.97,1.85
15.39,4.63
16.27,2.07
16.52,4.41
16.18,3.73
17.46,3.11
19.81,4.22
21.56,5.36
22.68,10.47
21.57,12.92
21.79,14.1
25.64,14.89
27.23,15.62
29.03,15.15
28.83,13.55
29.77,14.85
30.34,15.97
31.25,16.19
31.24,18.24
25.49,17.23
27.58,17.74
22.35,7.81
14.73,4.57
19.94,6.62
23.47,10.35
23.99,14.36
18.9,15.86
22.41,14.16
29.48,14.75
29.43,16.72
28.02,19.24
27.69,20.26
25.13,20.56
25.51,20.65
27.37,20.09
30.63,19.42
33.25,19.81
31.6,14.97
31.34,13.77
27.46,13.33
27.28,13.4
29.68,15.51
32.57,18.59
28.3,18.23
30.7,21.8
27.47,12.29
22.35,10.91
25.33,12.81
27.88,18.93
27.5,22.06
29.89,21.84
31.5,20.95
32.42,21.09
33.93,21.27
28.78,20.3
26.32,14.49
24.57,13.31
26.05,14.59
30.16,18.35
31.49,19.51
32.03,19.47
31.02,20.87
27.93,16.3
24.09,16.29
25.86,17.68
25.93,20.09
28.21,20.81
27.45,18.89
29.15,20.04
31.12,20.46
28.49,20.5
27.21,19.09
27.74,17.27
28.29,17.38
29.03,17.62
27.52,16.98
27.82,16.74
29.12,17.5
30.46,19.22
30.78,21.04
31.79,17.41
31.29,18.25
31.05,19.89
31.22,20.31
27.87,17.33
22.78,13.98
27.2,12.55
26.09,13.36
27.25,13.62
27.99,14.83
29.26,16.27
28.57,18.3
30.41,18.76
30.97,19.51
26.25,21.45
32.58,23.06
32.59,23.9
33.9,21.0
30.49,20.57
28.52,18.85
24.59,18.37
27.88,19.3
29.12,19.42
30.93,20.47
30.23,19.18
31.17,19.24
31.45,19.12
32.85,19.81
33.27,20.29
33.68,21.17
30.84,20.18
33.74,20.28
33.59,20.29
33.12,21.25
32.6,21.19
26.13,19.94
26.38,18.64
26.71,13.39
26.3,13.26
26.11,14.35
26.01,17.52
26.55,12.85
28.91,13.75
29.12,16.77
27.54,12.42
25.48,11.73
26.18,12.37
27.9,15.44
29.66,18.08
30.23,18.42
30.73,19.57
25.09,14.85
28.21,15.56
30.98,17.19
31.95,18.17
29.96,19.04
23.2,18.55
24.51,14.01
15.18,9.77
19.58,6.86
23.28,7.94
21.56,7.39
24.25,8.78
29.05,14.61
29.35,14.94
29.58,14.58
27.92,12.86
27.09,12.97
24.49,15.36
24.35,16.36
23.19,14.82
26.08,15.73
24.91,16.95
24.71,15.9
26.39,14.36
28.79,14.58
29.05,18.07
27.89,17.74
20.33,11.51
25.16,12.23
28.14,18.73
25.0,9.7
17.24,4.79
20.5,4.46
22.04,4.9
22.06,6.04
23.11,7.09
21.31,9.91
12.72,7.36
15.97,7.47
23.49,12.46
16.68,8.31
14.47,1.58
15.49,1.71
12.73,8.58
16.53,10.63
13.57,9.12
17.48,2.65
12.39,2.06
9.71,-2.53
9.89,-2.52
10.79,-2.68
11.9,-2.52
14.64,-1.56
17.62,-0.75
21.14,2.09
17.54,3.56
20.81,6.12
16.83,2.96
10.72,1.57
4.22,0.46
5.32,-2.72
5.02,-2.17
16.6,-0.2
19.09,4.17
8.6,-3.84
6.06,-4.28
12.25,-1.38
8.2,-1.65
4.84,-6.41
5.89,-6.45
13.13,-0.48
9.01,-4.14
1.49,-4.58
9.56,-0.26
8.31,-5.59
7.3,-5.98
13.15,-0.21
11.56,3.21
18.52,1.88
17.47,1.55
13.2,0.61
17.06,1.99
6.71,-5.74
-1.77,-5.54
5.61,-5.46
14.72,-1.23
19.04,9.41
17.16,-2.47
9.29,-2.88
12.22,-1.8
14.37,-1.29
18.35,11.72
16.46,-1.04
8.26,-1.03
11.67,-1.76
1.87,-5.28
6.71,-5.34
7.45,-4.83
2.94,-5.39
11.52,-3.6
17.65,8.92
20.7,7.18
15.62,6.06
20.61,5.58
11.96,4.34
9.74,5.59
9.25,5.48
17.59,8.52
14.4,2.94
2.25,-5.29
1.36,-6.63
6.19,-6.15
6.34,-8.63
-6.72,-12.88
-6.57,-13.28
6.28,-10.78
6.47,-8.45
0.65,-10.4
1.74,-10.17
10.29,-1.21
8.27,-1.66
2.16,-2.87
0.43,-6.34
1.46,-6.54
-1.8,-4.54
6.46,-4.83
9.85,-6.91
-3.45,-8.64
-2.82,-13.12
0.52,-12.98
2.9,-7.56
5.2,-7.31
-1.48,-14.59
-4.29,-15.09
2.08,-9.46
-0.88,-16.63
-2.7,-16.45
5.35,-7.33
5.36,-6.69
16.28,-0.19
7.95,-1.43
-1.1,-7.1
-4.06,-11.78
-4.83,-12.62
3.53,-10.18
2.03,-9.53
8.91,-8.13
11.27,-1.5
6.7,-2.68
12.5,-2.02
-1.37,-8.13
-1.77,-9.42
0.82,-9.57
12.98,-7.21
17.09,7.98
13.03,-5.4
1.93,-6.12
0.86,-6.37
15.24,-4.21
17.91,3.81
16.63,-2.19
-1.2,-2.87
2.69,-1.78
-0.09,-3.93
3.55,-5.5
9.83,-5.41
11.77,-3.65
19.37,1.85
21.18,1.86
8.69,-1.08
13.53,-1.07
23.85,6.81
21.48,11.1
14.7,0.42
4.71,0.32
10.13,-1.12
11.58,-1.02
7.59,-8.48
-1.98,-8.67
11.52,-3.32
18.31,2.52
19.96,2.7
21.93,2.93
22.69,4.75
17.71,7.88
8.93,2.03
17.81,1.64
21.72,3.47
18.88,9.38
19.76,6.42
11.64,4.65
7.5,2.51
5.41,-2.63
6.62,-5.75
6.88,-4.91
8.9,0.64
26.43,7.69
8.63,1.15
6.77,-2.91
13.28,-1.59
16.03,1.21
16.42,5.58
14.2,6.19
14.3,5.69
12.07,2.27
9.24,1.21
7.85,-1.82
18.45,-0.26
18.34,10.61
22.32,11.09
21.28,3.93
16.84,3.79
22.01,7.67
17.69,1.61
11.32,1.88
7.52,0.79
12.01,1.5
19.65,6.73
19.07,7.86
26.49,10.41
29.42,15.75
28.54,17.67
19.48,3.41
15.18,2.07
19.26,3.84
19.32,7.58
22.93,11.86
26.34,13.5
22.96,6.36
22.49,9.33
26.06,10.12
15.49,10.27
16.73,12.19
22.28,9.73
17.57,7.99
21.82,9.61
26.23,12.63
29.4,17.23
30.92,12.84
30.3,14.53
29.59,14.93
29.64,13.73
30.31,13.0
25.6,11.0
28.17,13.13
22.4,14.59
27.94,15.57
30.75,20.15
29.13,16.8
20.24,10.82
18.96,10.12
24.22,11.77
29.01,18.09
22.64,14.23
20.48,11.01
22.82,12.17
27.76,14.56
30.87,17.69
31.17,18.8
30.74,19.02
24.37,12.6
27.02,11.78
28.37,12.7
28.55,15.47
27.59,18.27
27.37,16.09
28.38,14.06
25.47,13.99
22.17,14.32
25.97,15.08
29.55,19.59
33.51,23.45
34.34,23.43
33.85,23.56
33.21,24.16
30.37,15.73
26.25,11.51
26.49,12.38
30.62,13.58
33.58,17.88
34.44,16.53
30.19,15.05
30.94,15.7
30.74,17.67
28.82,14.9
26.65,10.63
26.24,10.26
29.56,13.99
33.02,20.18
33.07,20.98
30.52,19.27
30.79,17.79
32.77,20.99
35.95,23.91
34.61,22.68
27.65,21.74
25.66,20.43
26.46,15.99
29.63,16.76
30.61,19.43
30.54,17.05
30.34,17.92
29.6,16.14
28.95,19.97
31.56,21.27
24.83,20.75
28.77,19.47
30.92,21.04
33.4,20.16
31.54,19.73
32.93,20.83
31.26,22.65
32.02,22.06
27.03,19.77
25.43,19.09
28.71,20.96
30.48,20.61
27.26,15.25
27.44,17.22
26.71,18.94
29.62,19.67
27.85,19.08
32.53,21.0
28.23,20.91
28.27,21.39
31.05,20.81
31.81,21.22
32.06,21.84
29.53,21.28
27.79,16.34
29.01,15.41
25.43,13.22
27.06,15.5
26.29,18.47
26.66,15.67
27.67,15.52
27.75,15.17
29.14,15.19
30.0,16.67
29.44,18.41
27.03,17.55
26.96,15.7
28.05,14.25
29.27,14.66
29.62,16.05
29.86,17.69
30.01,18.72
32.8,20.86
32.01,20.13
29.08,14.05
27.69,13.84
29.71,15.27
30.18,18.0
24.56,18.74
26.9,19.53
27.76,19.93
26.22,15.92
26.72,13.43
26.25,13.46
29.0,15.58
28.99,18.32
25.77,13.51
22.15,12.27
21.39,12.6
26.84,13.13
28.22,12.95
28.42,13.85
28.88,14.04
29.34,16.3
28.57,15.89
31.32,16.59
34.57,16.69
21.68,6.54
19.85,7.72
25.31,12.32
23.81,10.55
20.88,5.29
19.6,4.03
16.65,4.76
19.94,5.59
21.78,6.34
23.59,7.0
22.06,6.66
21.6,3.32
22.56,3.49
24.94,5.31
24.41,7.99
16.57,0.67
14.95,0.04
18.34,2.06
23.34,5.42
24.21,7.93
23.87,6.13
18.16,1.42
20.0,2.42
17.67,3.2
22.45,4.32
9.88,0.99
7.08,-0.2
12.37,-1.92
15.25,-0.46
22.8,5.53
25.29,10.69
25.52,9.81
25.34,10.68
22.73,7.84
12.41,0.1
14.75,1.18
19.48,3.07
21.08,4.39
16.17,9.27
17.45,12.26
19.98,7.41
17.9,6.29
22.73,6.3
24.41,11.44
21.36,7.53
21.64,5.61
19.24,6.29
17.4,4.85
23.23,5.08
22.46,7.75
17.37,-0.67
0.19,-2.03
3.79,-2.08
6.49,-1.87
5.21,1.37
3.27,-2.0
0.2,-3.21
1.39,-7.87
2.22,-8.39
1.77,-8.23
9.34,-5.22
13.87,-4.08
15.13,-3.23
17.02,-1.81
12.51,-3.44
12.77,-3.33
12.47,5.33
8.07,4.73
15.93,0.41
3.53,-6.41
4.27,-7.14
13.71,1.73
11.54,-6.46
5.59,-6.76
7.64,-3.7
10.86,6.02
9.93,4.9
7.29,4.53
9.01,4.95
8.07,4.56
7.86,2.17
7.48,-0.64
8.07,-0.61
12.4,4.85
6.91,1.06
4.44,-0.89
1.13,-4.43
1.34,-7.76
0.8,-7.61
7.47,-5.76
6.57,-5.4
6.69,-22.08
-16.26,-22.29
-8.62,-16.77
-6.59,-14.34
-3.11,-8.96
-0.33,-5.08
9.99,-3.65
14.38,8.74
15.78,8.27
