20170101
7.97,-1.62
12.55,5.9
13.03,-3.9
-1.61,-7.03
-5.6,-13.83
-9.65,-15.99
-8.32,-16.59
-5.39,-15.34
4.76,-6.58
12.68,-1.47
18.13,-0.19
18.73,-1.34
1.64,-1.05
2.93,0.45
3.77,0.48
14.83,3.87
15.1,3.03
4.91,1.44
10.6,2.65
14.7,7.32
18.51,5.8
15.7,6.16
8.8,3.29
7.56,1.92
15.07,1.51
2.75,-1.04
1.94,-4.08
1.53,-3.83
0.19,-6.66
6.7,-7.46
8.03,2.86
6.35,-2.31
2.19,-5.19
-0.33,-11.15
4.66,-11.43
10.97,-1.92
16.08,-1.3
16.03,2.56
5.4,-4.64
-2.31,-8.96
12.34,-4.59
18.44,9.13
15.63,-2.85
9.61,-3.05
11.69,1.63
7.3,-2.02
9.51,-0.38
19.82,4.0
17.6,5.78
15.98,2.29
20.08,3.47
18.29,9.35
20.54,11.92
20.69,13.32
24.57,2.15
2.12,-6.28
8.76,-5.49
10.74,4.88
18.2,8.58
15.11,0.7
7.42,-1.81
4.29,-2.72
10.95,-1.26
19.53,-0.1
17.3,9.53
13.96,5.33
16.16,2.69
21.42,1.17
6.81,-3.58
3.1,-5.97
4.02,-5.47
2.96,-4.11
0.58,-6.74
2.01,-7.73
6.52,-6.36
9.15,1.41
6.25,-0.21
10.92,1.03
17.97,4.84
17.29,-0.24
6.91,-1.66
15.24,-1.16
24.02,13.02
25.08,13.49
18.77,6.78
20.24,7.48
15.75,8.99
17.07,8.5
24.9,10.95
13.02,4.68
10.75,2.58
19.09,4.55
21.5,11.94
19.97,8.49
23.29,4.99
9.28,1.54
13.68,-0.28
19.08,2.51
25.68,9.84
26.23,15.19
19.59,5.62
21.22,6.45
26.6,8.46
28.52,12.24
28.41,16.86
26.85,12.57
21.6,9.35
25.87,11.83
27.86,16.63
27.51,9.86
15.95,7.41
13.3,5.41
20.18,6.31
24.41,8.9
24.76,12.1
28.97,15.11
18.24,7.36
20.9,9.69
26.99,15.42
25.15,12.91
17.15,7.74
19.08,4.49
12.94,6.79
13.46,7.37
11.53,4.5
17.21,3.43
17.75,1.26
18.74,4.67
21.12,11.09
29.23,13.72
20.7,11.7
19.6,7.25
24.05,10.79
27.87,13.24
28.65,14.17
29.73,17.05
28.82,20.36
28.98,18.19
28.39,15.44
27.36,15.14
25.35,8.77
22.49,9.51
23.82,13.29
18.0,13.02
18.26,10.4
26.55,14.44
28.69,16.71
24.31,14.97
28.26,13.47
26.96,12.49
27.15,10.36
26.81,10.37
29.14,12.22
30.97,14.78
31.03,18.53
30.34,14.76
25.47,11.85
20.84,10.02
24.6,11.14
28.58,14.12
29.77,16.18
31.3,18.57
32.99,20.89
30.58,19.1
30.97,19.11
28.2,18.28
30.96,18.74
31.04,20.67
28.03,16.37
27.43,14.79
29.44,16.87
32.06,19.84
27.85,21.08
24.7,16.31
25.72,11.64
25.63,11.23
24.05,10.47
23.91,10.95
27.44,15.46
30.96,20.49
29.1,19.56
28.92,16.81
30.0,16.9
30.75,18.83
30.02,19.21
29.16,20.53
26.14,18.47
30.99,16.89
27.99,14.08
29.12,17.47
29.76,22.04
26.94,19.86
32.14,21.91
30.45,21.81
29.47,15.14
28.28,15.83
30.03,17.33
30.83,19.34
31.56,18.13
31.2,19.72
32.44,22.3
33.53,23.14
33.45,21.2
29.57,19.41
29.45,16.5
27.62,15.98
30.22,18.04
28.96,22.23
28.32,15.59
26.0,13.12
28.39,15.18
29.89,17.42
29.08,17.85
29.22,17.11
30.01,18.86
23.98,10.97
25.3,12.97
22.23,16.95
25.13,14.0
26.72,11.34
27.52,13.26
29.14,15.57
27.61,16.51
27.23,13.36
27.93,15.61
27.89,17.24
30.66,18.28
31.81,20.41
30.94,20.13
29.33,18.36
31.27,18.28
32.07,19.0
32.08,20.67
28.56,14.86
26.41,11.24
26.06,11.71
25.57,11.11
25.94,11.83
27.76,13.87
26.71,16.38
26.14,14.77
27.78,15.56
27.52,15.38
16.06,12.53
21.49,12.15
27.64,13.35
30.61,15.67
22.97,8.65
19.92,7.73
21.15,7.81
25.04,9.6
23.35,8.57
23.05,8.48
22.58,9.52
21.0,14.43
18.42,15.92
22.84,12.89
27.69,13.23
29.25,15.22
30.2,16.81
28.0,19.39
27.09,17.76
30.54,18.27
32.54,19.15
32.46,17.6
32.26,16.81
32.52,15.16
31.87,15.42
32.08,17.12
29.39,12.34
23.2,8.01
25.2,7.44
23.48,6.02
24.0,6.74
26.77,11.12
28.99,14.42
26.6,17.34
23.47,17.09
27.24,17.58
28.39,13.5
19.91,14.48
22.29,15.34
22.05,16.01
18.56,13.69
17.82,12.66
23.36,11.61
28.67,14.54
23.06,7.31
17.34,3.38
20.31,3.47
21.4,4.89
24.29,7.24
25.36,7.81
24.24,10.14
25.77,14.01
17.7,7.96
11.27,5.16
11.19,0.1
17.38,0.21
13.81,2.0
4.36,1.4
4.15,-1.16
7.99,-0.26
7.73,-0.47
15.37,1.89
20.04,12.4
16.33,6.82
19.18,8.84
23.51,9.41
12.54,6.59
9.2,4.31
11.67,-0.72
13.58,-2.06
3.16,-4.28
6.83,-3.69
8.75,2.03
7.53,0.85
11.65,0.36
10.0,0.65
4.96,-1.06
15.71,0.66
18.13,2.11
3.8,-3.77
9.95,-3.54
13.6,-2.74
5.12,-4.76
8.34,-2.73
14.24,-1.3
15.32,-2.0
12.5,-2.52
17.61,0.9
17.75,4.73
14.81,3.23
12.59,-2.29
12.26,-2.6
13.42,-1.63
15.16,-1.37
18.48,3.49
9.16,-2.39
7.34,-2.47
-0.14,-8.44
0.22,-8.98
-0.21,-6.7
3.49,-6.53
9.17,-4.53
0.04,-8.0
7.7,-6.22
0.41,-6.39
1.12,-4.63
10.71,-0.8
7.36,2.84
7.8,5.09
9.81,2.06
9.45,-1.74
13.04,-1.73
12.28,2.86
3.37,-1.3
1.39,-6.37
-2.12,-8.07
-5.65,-16.35
-9.07,-16.79
-5.25,-12.8
-3.68,-7.5
-5.78,-15.05
-9.17,-18.67
-11.95,-21.29
-7.74,-21.29
-3.74,-17.03
-7.1,-17.72
-8.22,-19.52
-6.58,-19.64
3.16,-10.03
3.34,-0.19
5.44,-0.31
14.76,4.24
14.88,-1.59
-0.73,-10.0
-4.84,-16.14
-5.52,-16.28
-2.14,-15.95
-11.86,-17.7
-5.93,-14.27
0.43,-11.99
4.67,-6.7
9.24,0.49
12.65,6.61
13.56,2.63
3.7,-0.93
0.07,-5.64
8.54,-5.04
14.52,0.27
10.1,-2.41
11.61,-3.3
1.62,-5.26
1.06,-5.82
11.64,-1.09
6.39,-11.0
-4.0,-11.9
4.43,-6.54
3.56,-10.52
-1.96,-10.84
0.08,-4.06
0.0,-8.62
0.63,-8.34
10.65,-1.28
5.06,-0.71
1.37,-6.59
4.4,-7.04
7.07,-4.83
15.05,5.41
19.94,8.61
7.3,-1.72
2.52,-1.67
12.49,-1.55
23.05,12.51
25.45,10.92
11.17,3.57
11.35,4.01
16.06,7.43
15.18,6.66
9.57,-0.98
13.27,-1.2
16.67,0.23
13.46,9.69
14.22,0.15
9.46,-2.66
10.57,-2.31
11.34,-1.14
9.42,0.13
13.88,-0.62
4.0,-2.4
0.71,-4.64
7.11,-4.05
10.55,-0.87
6.95,-1.92
5.36,-3.94
5.43,-5.47
5.54,-5.07
14.82,-2.46
8.67,-2.28
7.34,-1.66
14.68,-0.07
16.86,-0.15
2.6,-1.76
4.86,-4.34
8.5,-3.89
10.71,-1.95
2.52,-2.23
8.36,-1.92
14.89,3.38
13.46,9.84
14.37,9.94
14.51,5.02
9.88,0.37
15.71,1.35
9.54,-0.75
9.5,-0.49
23.13,1.04
3.08,-3.47
11.08,-2.24
15.14,-2.18
6.22,-4.65
6.46,-2.05
6.22,-1.6
7.07,-1.87
18.59,-0.04
26.78,13.36
26.95,15.85
20.74,10.99
12.08,0.62
2.37,-0.63
10.77,0.37
22.63,1.54
13.05,-0.68
16.68,1.44
18.34,5.58
19.77,8.75
14.71,9.57
13.63,10.52
19.48,4.53
20.5,4.26
21.75,5.8
14.64,0.14
17.44,0.79
23.53,4.98
27.72,14.24
29.03,18.49
25.61,17.49
26.56,13.3
20.13,11.76
27.61,9.35
23.26,7.95
26.08,9.72
28.63,15.4
28.8,14.76
30.32,17.99
29.54,16.75
31.35,18.19
32.56,19.88
31.49,18.59
25.74,16.22
28.47,17.13
23.47,18.07
25.72,16.97
30.71,17.74
29.79,18.3
29.68,14.61
27.79,13.88
28.43,13.72
30.72,17.88
30.31,18.18
32.72,18.52
33.32,19.97
31.12,21.52
27.02,20.41
29.19,19.53
29.45,18.01
30.47,19.44
27.14,12.52
24.91,12.03
28.77,13.36
26.29,15.01
31.07,18.19
32.05,17.99
32.66,17.58
25.68,18.05
25.82,18.57
27.6,19.62
29.06,13.86
28.86,14.77
31.15,18.18
33.69,20.89
34.02,21.86
33.3,22.55
32.81,20.83
30.62,21.4
26.53,18.68
24.97,18.16
24.55,17.46
27.82,19.72
24.0,19.72
25.36,19.32
28.74,18.23
30.51,19.64
32.0,20.05
32.76,22.48
32.79,22.4
32.09,21.83
31.33,21.94
34.18,22.58
33.8,21.36
28.1,13.2
27.43,14.11
31.12,17.31
32.67,19.73
32.89,20.27
29.69,15.8
29.37,15.77
31.81,17.15
33.06,20.59
29.49,21.26
30.21,19.45
30.71,14.76
29.83,15.3
30.03,17.64
28.76,18.42
24.73,18.99
26.66,16.52
25.78,16.46
28.61,17.2
30.18,16.85
29.58,16.1
26.73,14.22
27.16,15.02
27.27,17.64
24.06,18.52
24.29,17.47
26.69,16.09
28.99,16.81
30.1,19.24
31.75,19.73
32.39,20.25
32.12,20.31
29.76,20.67
29.57,18.33
29.31,18.68
30.16,19.77
29.66,16.97
29.86,16.87
29.42,16.44
30.48,19.15
25.29,19.72
26.99,20.5
27.52,19.92
28.59,18.45
29.85,19.09
28.4,19.85
27.07,17.38
25.02,11.56
26.33,12.32
24.17,13.83
28.36,20.31
32.19,21.87
32.2,21.58
32.58,21.56
30.97,18.95
28.49,17.29
30.6,18.4
29.45,19.74
31.89,20.81
33.08,20.99
33.49,20.66
32.97,20.97
31.14,20.52
27.14,18.34
19.04,14.97
16.3,13.59
19.51,12.79
22.64,13.34
23.21,15.19
29.73,16.45
30.98,17.4
31.25,19.39
29.87,20.13
30.09,18.75
32.6,18.73
32.63,19.41
33.14,20.47
30.63,15.19
16.64,13.16
24.7,13.36
21.56,16.91
25.23,19.19
21.65,11.34
16.39,7.27
22.8,8.35
22.32,9.46
27.08,11.74
29.4,14.48
29.97,19.2
30.64,19.52
26.8,17.41
30.94,18.5
31.27,18.17
31.52,18.53
31.19,19.72
30.45,19.37
24.6,11.71
16.03,2.43
12.18,2.61
12.19,3.48
12.93,7.31
12.37,1.33
12.04,1.32
16.07,-0.21
14.49,-0.32
13.88,1.15
17.06,-1.78
12.27,-1.68
19.18,1.46
17.4,0.91
14.26,1.2
14.17,3.46
9.43,6.08
12.1,3.92
18.35,3.31
16.65,2.6
20.75,5.4
18.38,8.25
10.94,5.03
8.86,0.84
13.62,0.74
16.24,6.94
15.89,9.03
15.44,3.45
12.53,-0.95
6.49,-0.23
6.73,-5.98
2.63,-6.9
6.72,-5.68
6.81,-0.13
2.24,-6.09
0.75,-6.01
1.41,-1.31
3.98,-1.11
7.6,0.77
10.51,0.91
5.61,1.97
3.67,-2.56
8.48,-3.46
10.38,-2.93
11.41,-1.3
13.19,0.71
15.23,0.49
2.35,-5.33
-3.56,-7.11
0.78,-7.59
6.41,-0.55
11.4,5.21
14.56,7.54
16.77,3.75
4.5,0.25
1.47,-2.11
-0.23,-3.48
4.85,-6.34
3.29,-7.03
-2.05,-6.22
4.46,-7.7
0.78,-9.21
7.48,-7.47
10.84,0.65
9.71,3.94
10.28,5.73
8.27,3.27
10.04,-0.64
9.56,-3.38
7.68,-3.69
12.4,-1.76
8.48,4.82
6.36,-0.48
4.78,-1.7
3.0,-2.91
7.15,-3.1
8.23,-4.05
9.17,-3.71
13.68,4.41
13.71,-0.26
2.11,-2.73
6.36,-2.9
16.95,4.39
5.52,2.99
4.78,0.1
4.87,-1.37
10.28,-0.49
12.11,-0.5
11.97,-0.26
14.2,7.43
15.95,-1.76
-0.84,-6.57
-1.46,-7.01
0.92,-7.5
1.17,-1.93
0.45,-3.58
0.3,-7.92
0.91,-5.02
2.06,0.26
4.64,0.84
2.61,0.36
3.4,-10.33
-7.29,-17.67
-6.89,-17.66
7.24,-8.64
10.38,-4.7
-0.32,-12.06
-3.11,-12.28
1.82,-3.78
-0.5,-6.15
8.81,-9.81
-5.9,-17.31
-15.37,-20.9
-7.43,-19.28
0.99,-7.74
9.79,-3.15
18.24,2.48
13.58,3.2
11.66,3.23
14.26,8.98
17.0,-7.03
-2.71,-10.15
-0.55,-9.97
2.32,-3.96
9.37,1.6
11.23,-4.05
3.48,-3.87
13.39,0.85
1.71,-4.22
2.78,-4.83
0.6,-2.21
0.31,-5.4
2.09,-5.67
8.12,-1.3
7.66,-1.86
6.1,0.64
14.87,4.11
7.44,-5.37
4.78,-5.66
10.63,-3.29
14.36,-1.82
1.56,-1.1
4.1,-0.87
5.14,-0.25
0.19,-11.33
-6.37,-13.5
-3.9,-12.7
-0.66,-10.9
2.17,-4.12
3.47,-0.69
15.42,1.48
9.6,0.12
10.85,-2.78
10.78,-2.76
21.16,6.25
21.96,6.55
7.05,-0.96
9.01,-2.96
11.73,-3.38
9.5,-3.53
10.71,-2.83
13.16,1.76
8.05,1.9
10.94,-3.2
13.97,-2.79
14.28,5.22
9.3,-2.04
9.5,-2.68
15.51,-1.7
22.06,4.82
16.84,11.1
15.37,-1.44
3.63,-4.6
8.4,-3.32
15.15,-0.35
16.81,3.1
21.57,8.6
15.6,9.02
20.6,9.58
20.74,12.44
23.12,9.98
21.43,5.93
21.46,7.75
27.31,9.93
19.48,5.09
19.36,6.13
21.94,1.95
12.43,2.15
24.96,6.99
24.77,12.99
23.03,6.13
8.18,3.06
6.83,2.25
20.83,4.37
25.17,9.86
25.01,9.64
20.24,10.13
20.35,9.03
18.27,5.29
16.66,5.63
12.77,5.36
25.14,7.82
26.05,12.68
26.8,13.92
22.94,15.49
21.86,14.31
15.96,9.8
21.9,7.75
24.88,9.33
26.14,11.54
28.49,13.47
23.49,11.52
14.18,6.39
18.4,7.02
11.11,7.92
14.09,4.81
20.56,6.83
21.54,9.02
25.81,12.16
29.62,15.95
30.56,18.82
23.97,13.44
21.62,8.89
19.76,9.79
25.45,17.14
29.33,18.09
31.3,18.55
30.4,20.03
29.61,16.54
28.85,18.68
30.34,21.95
26.55,17.31
24.92,16.62
26.12,14.34
27.55,16.4
26.2,8.6
24.34,11.19
26.96,15.47
29.8,17.77
28.6,18.68
26.01,18.79
24.29,19.07
25.8,19.44
23.41,9.49
24.41,10.7
25.01,13.14
19.86,7.68
24.11,11.81
24.57,17.09
26.37,18.49
26.85,18.96
26.76,18.91
27.93,19.49
23.05,15.18
25.77,16.22
24.5,16.61
28.73,18.48
24.98,16.76
28.6,17.34
31.49,19.15
31.03,18.84
31.96,19.7
32.49,21.04
32.88,18.9
31.84,20.1
33.03,20.54
30.46,19.77
31.49,20.53
32.63,21.56
30.75,21.19
31.5,20.11
29.82,17.99
31.92,19.3
33.23,21.41
31.44,17.34
29.6,14.68
32.01,17.16
32.48,20.52
31.34,21.98
30.58,22.05
30.92,21.39
33.14,23.23
33.07,22.68
33.55,22.88
33.03,21.69
25.55,14.68
26.62,13.48
26.51,13.18
27.8,14.5
29.34,15.66
30.59,17.92
31.11,18.99
30.88,19.57
29.74,18.01
28.58,16.21
30.12,17.46
29.85,16.09
30.23,15.22
31.1,16.21
31.95,17.38
30.49,18.4
29.77,17.37
31.16,18.11
30.4,14.99
29.1,14.43
30.25,17.26
28.56,20.67
30.14,19.25
31.46,16.5
29.03,15.84
30.34,17.68
30.05,19.79
33.2,19.54
33.53,20.3
32.06,18.88
30.18,19.73
26.32,18.82
23.99,12.56
25.55,13.26
27.61,15.05
21.8,20.11
26.43,14.89
26.12,11.95
28.15,13.98
29.58,18.93
24.53,17.43
29.48,17.83
28.17,15.53
29.9,17.36
28.67,13.73
25.47,12.56
28.08,13.99
23.96,12.27
25.25,14.64
30.17,16.01
34.3,18.4
32.73,19.14
32.86,19.77
33.03,15.8
27.75,13.27
30.57,15.62
31.98,17.19
29.03,14.94
30.36,15.21
30.81,15.78
30.62,17.95
31.07,16.22
31.1,17.81
27.76,9.56
26.04,10.1
29.49,13.28
25.91,9.59
32.32,12.49
32.27,18.36
32.89,18.14
33.94,17.28
33.7,17.9
33.54,17.63
31.74,11.1
22.1,8.39
26.93,9.09
22.38,12.49
20.21,5.68
22.93,6.18
23.91,7.47
27.14,11.68
22.03,1.49
13.72,0.63
20.52,1.62
20.29,2.73
23.77,4.7
10.57,1.7
15.48,1.11
17.81,1.5
22.25,4.08
24.2,9.93
21.64,10.25
16.43,2.61
18.95,2.91
19.36,7.32
14.77,9.17
18.32,10.14
18.38,3.68
19.79,4.43
16.06,9.28
13.15,9.8
10.09,-2.51
8.55,-2.85
10.96,-2.35
12.15,-1.49
15.67,2.62
11.08,-1.41
12.46,-0.68
6.05,-6.73
2.46,-6.92
8.7,-2.59
17.69,3.91
12.0,-9.51
-5.13,-13.06
-0.23,-11.63
6.12,-5.48
6.55,-5.33
7.98,-4.14
8.7,-3.7
5.58,-0.81
7.39,-1.11
8.33,3.35
12.41,4.48
7.47,-1.6
3.73,-0.38
9.84,0.31
14.65,2.09
14.85,5.08
13.51,1.4
3.54,1.34
6.18,2.41
13.7,3.07
9.32,0.81
2.53,-0.74
4.12,-0.69
10.21,-2.65
11.23,-2.98
9.59,-4.64
7.46,-4.75
13.42,-1.23
13.62,-2.4
-1.79,-7.9
3.0,-7.41
6.68,-5.35
8.02,0.9
6.34,-1.21
1.57,-1.65
0.92,-1.22
2.24,-6.05
-0.95,-10.23
4.04,-8.92
7.63,-5.94
11.54,-3.83
12.64,-3.52
14.96,-2.25
16.11,-1.99
18.6,-0.83
17.58,8.08
14.9,6.12
15.79,6.65
16.35,4.84
5.3,1.16
2.65,-0.22
9.1,-0.75
10.42,5.94
10.56,3.3
3.68,-2.35
9.07,-2.65
8.7,-2.72
9.02,-2.44
4.55,-3.11
14.04,-2.56
17.36,9.76
18.22,2.05
5.45,1.08
7.69,1.27
9.97,-0.33
12.94,0.62
4.57,-5.09
2.71,-4.89
10.73,-8.4
-7.63,-10.36
-3.05,-8.91
0.04,-9.27
3.65,-8.5
8.51,0.03
7.56,1.18
1.69,-0.69
6.91,-3.13
3.06,-2.61
1.6,-0.05
2.24,-0.2
4.0,-0.17
3.44,-0.09
5.75,0.02
17.65,1.17
20.21,3.95
14.13,0.0
2.95,-0.45
0.46,-2.95
1.35,-3.08
1.97,-4.66
10.12,-3.38
6.6,0.39
5.31,-1.76
2.47,-1.15
2.67,-12.49
-4.36,-13.21
7.22,-9.87
10.22,-1.86
11.8,-0.24
10.24,-3.72
6.4,-4.0
1.09,-9.55
3.28,-9.49
9.64,-6.39
13.28,0.86
6.91,4.45
7.4,1.81
2.84,-3.77
2.14,-4.1
2.48,-7.03
3.93,-6.77
17.15,-3.0
12.19,8.5
14.53,0.45
16.13,-1.11
15.56,-0.47
2.74,-4.79
10.31,-4.62
18.35,-0.23
17.85,9.19
13.51,5.49
10.87,3.58
16.57,3.82
11.26,1.95
5.78,1.05
7.32,1.08
9.11,3.47
12.28,3.24
15.49,4.74
19.96,11.63
21.63,0.17
3.33,-1.64
5.93,-1.28
11.41,2.46
11.76,3.13
17.12,3.6
20.54,6.66
23.79,12.72
25.78,16.12
18.47,7.71
16.5,5.16
8.1,4.25
11.74,0.38
16.74,2.1
21.14,6.65
21.2,7.28
14.65,6.91
21.44,8.49
26.33,13.89
27.38,7.22
12.86,0.27
11.03,0.69
17.07,5.4
16.93,8.38
9.28,0.62
8.8,-3.02
10.82,-3.97
10.12,-0.57
10.77,0.89
12.81,1.4
14.69,2.94
18.96,4.71
14.45,0.29
22.1,3.55
13.22,9.87
19.83,7.8
19.42,6.74
16.27,2.07
19.55,5.25
24.54,13.5
18.25,7.03
9.79,5.87
20.21,6.52
27.94,13.04
22.27,6.5
21.09,7.6
9.25,4.48
15.69,3.13
19.72,7.07
12.69,-2.1
13.33,0.24
18.16,3.12
10.38,1.77
16.1,4.31
14.14,8.22
27.52,13.51
23.83,15.72
26.82,17.08
25.52,15.59
19.84,14.17
18.82,11.84
14.33,11.44
18.0,12.59
25.15,14.03
28.2,16.93
30.3,17.52
30.99,17.8
30.16,19.11
26.02,18.68
27.49,17.56
24.81,12.81
23.19,10.74
22.33,7.73
25.09,12.53
31.07,18.22
31.59,20.1
29.28,17.96
30.7,18.31
32.76,15.97
29.34,15.89
30.85,18.58
28.89,22.48
31.33,14.97
27.28,13.0
29.59,12.81
26.26,12.7
24.22,10.85
25.33,12.81
27.68,13.84
28.67,14.36
28.99,16.01
31.41,17.2
32.62,18.14
28.96,18.9
30.0,19.45
26.21,16.17
27.16,14.36
29.07,16.74
31.12,21.06
25.62,19.97
27.46,20.91
30.59,20.25
29.52,20.03
31.77,19.78
31.83,18.47
32.49,19.6
33.75,20.0
33.84,20.61
32.83,20.42
33.04,20.93
32.73,20.51
33.46,21.1
30.04,18.74
31.58,17.18
28.28,15.9
28.41,15.62
30.59,16.67
31.71,19.8
26.72,17.84
30.95,19.39
32.69,22.54
33.38,20.97
31.64,20.88
32.14,20.31
29.05,20.9
29.79,18.47
30.32,17.56
30.99,18.61
33.09,21.63
31.97,20.2
30.17,17.75
31.15,19.75
23.08,19.55
25.98,19.45
27.05,17.27
26.74,17.38
27.25,16.81
24.95,12.26
24.16,13.26
25.77,14.18
26.81,13.29
28.58,15.66
30.88,18.44
29.54,19.26
28.88,19.51
28.66,19.89
30.0,20.17
27.61,18.89
30.26,18.71
28.36,16.26
29.56,17.17
24.28,13.67
25.58,12.81
26.73,13.87
27.74,16.54
27.86,18.17
28.94,18.7
31.0,19.79
32.22,20.08
31.18,21.34
28.21,22.35
28.56,20.69
29.24,13.84
26.28,15.64
26.54,17.73
27.37,19.81
27.29,19.94
28.86,15.32
26.0,9.47
27.05,11.25
26.84,15.75
29.54,17.2
30.63,16.45
30.8,16.75
29.69,18.16
23.13,17.36
28.6,17.68
27.44,14.03
25.92,11.34
23.13,8.82
25.91,9.25
27.29,10.68
19.88,6.0
20.53,4.73
23.02,5.64
23.89,6.63
24.23,8.49
22.73,10.07
24.74,10.72
26.16,11.68
24.72,13.63
26.3,14.05
18.34,6.5
17.99,6.62
24.48,5.29
20.06,2.59
17.2,3.71
18.58,6.99
16.33,0.3
17.59,1.33
23.01,5.0
29.2,6.95
26.18,7.52
27.99,9.34
23.77,15.9
26.12,15.9
24.77,4.69
20.99,4.64
25.7,6.45
16.87,-0.13
14.7,-1.13
17.09,0.8
16.32,9.13
11.79,7.89
16.94,8.49
20.16,12.24
27.38,13.09
25.41,6.51
12.56,5.84
10.91,6.28
9.27,6.94
10.61,7.04
11.8,8.41
10.7,4.01
10.09,-1.05
14.82,0.29
10.84,-3.12
9.8,-2.58
18.47,0.56
22.1,5.51
19.78,4.04
21.5,3.58
23.44,4.04
26.73,9.17
26.15,10.85
25.39,11.55
12.96,-0.25
13.08,-0.32
13.34,-2.16
17.14,-0.18
13.77,1.62
13.41,1.13
6.52,-2.24
10.03,-1.88
18.55,5.76
17.66,8.7
10.18,6.3
9.27,1.47
9.43,1.51
10.74,4.33
14.75,7.87
10.53,7.33
12.77,-0.35
9.72,-2.63
11.92,-2.23
2.69,-2.08
1.11,-6.09
6.84,-5.95
6.91,-3.75
7.3,-2.59
6.99,-4.19
3.44,-3.81
1.09,-1.7
2.69,-0.98
13.56,-1.7
16.28,-1.62
17.88,4.47
16.26,3.71
5.69,1.98
2.16,-6.42
1.84,-6.16
1.1,-1.62
0.25,-5.57
3.56,-5.81
5.47,0.14
6.79,0.35
9.32,0.35
7.64,-0.89
13.36,-1.47
-1.77,-11.0
-7.81,-11.7
3.64,-9.9
11.83,-1.68
2.61,-3.34
5.52,-3.93
11.08,-2.37
0.46,-2.49
10.05,0.38
3.68,1.24
2.55,-2.37
7.86,-2.17
1.88,-0.23
2.9,-0.74
3.75,-0.66
0.55,-1.97
0.32,-7.13
0.2,-6.81
-1.53,-4.56
3.24,-4.03
8.39,-2.16
9.18,-0.25
6.13,-1.43
1.63,-1.31
1.4,-1.61
2.41,-2.02
7.0,-2.79
3.17,-2.92
10.66,-1.94
2.92,-9.75
1.98,-9.66
1.25,-1.42
3.54,-0.49
7.19,-0.69
0.63,-8.47
-0.55,-10.67
1.55,-10.52
3.46,-3.61
5.26,-2.46
-0.82,-6.09
1.1,-6.45
2.9,-5.48
3.97,-3.98
3.28,-6.12
2.18,-11.32
-4.96,-12.34
1.37,-8.58
-0.94,-5.94
-4.31,-7.44
-3.08,-7.43
-1.44,-6.54
-2.16,-9.57
-3.49,-10.08
-6.72,-11.75
-6.6,-17.03
-4.02,-15.87
-1.28,-11.86
-1.97,-14.58
0.84,-11.23
8.1,-8.4
4.9,1.01
13.06,0.16
16.92,-2.4
8.65,-2.36
7.89,-0.4
13.24,6.31
16.72,2.07
8.18,-4.59
7.42,-4.6
17.28,-2.27
11.96,-3.95
8.73,-4.57
9.18,-3.99
11.23,-3.54
18.7,-1.39
19.45,0.92
21.05,8.76
18.47,6.98
15.99,4.79
12.8,-0.38
10.78,0.99
5.14,1.12
14.66,3.01
17.18,5.54
15.94,-0.09
10.88,-2.07
16.18,-1.93
19.37,1.05
19.89,4.23
19.95,8.86
22.76,6.67
17.8,7.88
14.03,4.15
23.36,5.94
11.13,-1.64
15.25,-0.19
23.14,5.28
11.61,-1.7
4.98,-5.42
9.49,-4.01
18.28,0.71
24.14,5.49
25.22,7.5
26.0,9.29
27.55,12.58
21.41,10.6
27.14,11.28
18.57,8.86
11.82,8.16
20.56,7.9
19.56,8.89
17.28,3.07
13.72,0.54
17.11,2.3
14.26,1.5
18.19,3.01
20.27,2.85
17.49,-1.41
8.41,-1.41
12.92,0.03
16.28,3.89
11.96,6.3
17.65,3.36
24.33,6.89
28.09,16.59
26.38,17.24
20.83,9.65
21.89,1.96
23.04,5.02
25.22,13.56
22.52,15.33
20.73,8.8
17.04,3.32
17.69,3.78
17.78,1.81
15.47,4.56
16.38,2.02
16.55,4.46
16.24,3.69
17.38,3.01
19.78,4.17
21.64,5.34
22.67,10.43
21.52,12.86
21.4,14.04
25.69,14.69
27.26,15.48
29.13,15.04
28.92,13.47
29.78,14.75
30.22,15.95
31.24,16.15
31.24,18.22
25.48,17.2
27.61,17.77
22.24,7.79
14.87,4.53
19.77,6.71
23.49,10.32
23.99,14.35
18.76,15.89
22.48,14.13
29.51,14.71
29.33,16.68
28.02,19.28
27.67,20.26
25.28,20.57
25.45,20.68
27.3,20.17
30.69,19.45
33.2,19.84
31.55,14.92
31.19,13.74
27.44,13.23
27.21,13.28
29.66,15.46
32.5,18.5
28.26,18.14
30.66,21.98
27.48,12.3
22.31,10.77
25.27,12.74
27.92,19.03
27.46,22.02
29.88,21.79
31.5,20.9
32.48,21.08
33.94,21.3
28.74,20.33
26.21,14.72
24.56,13.31
26.02,14.57
30.14,18.46
31.47,19.55
31.96,19.49
31.0,20.81
27.79,16.3
24.1,16.22
25.85,17.62
25.97,20.09
28.14,20.81
27.39,18.86
29.1,20.08
31.04,20.44
28.4,20.5
27.19,19.14
27.67,17.22
28.26,17.34
28.98,17.53
27.43,16.83
27.76,16.61
29.09,17.36
30.42,19.17
30.74,21.01
31.79,17.33
31.24,18.19
30.97,19.91
31.1,20.28
27.88,17.34
22.76,13.94
27.17,12.5
25.97,13.33
27.23,13.53
27.85,14.86
29.2,16.27
28.48,18.37
30.27,18.71
30.9,19.42
26.11,21.43
32.39,22.94
32.5,23.8
33.78,21.01
30.43,20.51
28.43,18.8
24.66,18.36
27.74,19.28
29.08,19.39
30.85,20.42
30.13,19.11
31.06,19.18
31.36,19.09
32.71,19.72
33.14,20.25
33.53,21.11
30.72,20.14
33.56,20.21
33.43,20.31
32.98,21.25
32.42,21.18
25.92,19.95
26.22,18.59
26.7,13.28
26.36,13.2
26.1,14.37
25.99,17.51
26.55,12.78
28.81,13.8
29.03,16.73
27.52,12.27
25.42,11.6
26.2,12.34
27.8,15.35
29.63,18.05
30.17,18.43
30.69,19.48
25.13,14.8
28.07,15.58
31.01,17.15
31.98,18.06
30.03,19.04
23.05,18.51
24.35,14.0
15.09,9.74
19.43,6.73
23.26,7.98
21.49,7.27
24.25,8.82
29.02,14.59
29.3,14.86
29.54,14.4
27.78,12.74
26.96,12.84
24.39,15.22
24.19,16.36
23.07,14.76
26.0,15.65
24.79,16.93
24.61,15.9
26.23,14.42
28.6,14.63
28.91,18.01
27.76,17.74
20.34,11.56
25.1,12.25
28.0,18.69
24.86,9.73
17.09,4.77
20.35,4.44
21.91,4.91
21.95,6.08
23.01,7.1
21.18,9.87
12.62,7.35
15.84,7.51
23.29,12.42
16.62,8.27
14.42,1.53
15.44,1.66
12.66,8.55
16.33,10.61
13.5,9.11
17.38,2.58
12.52,2.13
9.75,-2.62
9.97,-2.6
10.87,-2.68
12.01,-2.55
14.63,-1.61
17.75,-0.77
21.22,2.0
17.54,3.34
20.77,6.08
16.99,2.93
10.74,1.57
4.28,0.54
5.19,-2.64
5.0,-2.18
16.49,-0.3
19.05,4.21
8.51,-3.8
5.94,-4.28
12.08,-1.37
8.01,-1.6
4.84,-6.52
5.94,-6.59
13.06,-0.67
8.94,-3.93
1.54,-4.39
9.44,-0.2
8.17,-5.74
7.29,-6.13
13.02,-0.52
11.38,3.04
18.37,1.66
17.25,1.56
13.07,0.43
16.94,1.85
6.48,-5.81
-1.75,-5.57
5.52,-5.42
14.57,-1.31
18.96,9.31
17.12,-2.55
9.28,-2.95
12.22,-1.87
14.37,-1.44
18.26,11.73
16.44,-1.17
8.16,-1.12
11.54,-1.74
1.93,-5.39
6.75,-5.42
7.43,-4.99
2.84,-5.53
11.47,-3.71
17.6,8.94
20.51,7.07
15.43,5.9
20.54,5.47
11.66,4.35
9.55,5.59
9.18,5.49
17.52,8.47
14.34,2.79
2.04,-5.51
1.22,-6.75
6.12,-6.26
6.3,-8.81
-6.8,-12.88
-6.77,-13.28
6.21,-10.87
6.45,-8.52
0.35,-10.6
1.71,-10.36
10.18,-1.34
8.25,-1.81
2.04,-3.05
0.35,-6.45
1.36,-6.63
-1.97,-4.45
6.32,-4.77
9.79,-6.88
-3.49,-8.56
-2.79,-13.27
0.5,-13.15
2.79,-7.94
4.96,-7.31
-1.51,-14.79
-4.29,-15.31
1.95,-9.55
-0.98,-16.93
-2.85,-16.78
5.33,-7.53
5.4,-6.8
16.19,-0.13
7.76,-1.52
-1.31,-7.17
-4.26,-11.82
-4.79,-12.63
3.51,-10.2
1.99,-9.88
8.66,-8.28
11.2,-1.33
6.58,-2.7
12.34,-1.96
-1.49,-8.09
-2.01,-9.57
0.58,-9.6
12.5,-7.26
16.9,7.94
12.89,-5.29
1.92,-6.03
0.66,-6.48
15.09,-4.18
17.79,3.89
16.58,-2.22
-1.38,-2.96
2.63,-1.78
-0.17,-3.95
3.29,-5.61
9.82,-5.5
11.71,-3.62
19.34,1.76
21.02,1.88
8.47,-1.08
13.4,-1.05
23.88,6.89
21.32,11.41
14.57,0.44
4.8,0.35
9.86,-1.21
11.51,-1.09
7.57,-8.4
-2.03,-8.59
11.48,-3.37
18.27,2.53
19.98,2.56
21.97,2.91
22.72,4.82
17.72,8.07
8.91,2.06
17.73,1.71
21.73,3.53
18.77,9.49
19.83,6.55
11.69,4.73
7.42,2.41
5.25,-2.56
6.41,-5.93
6.79,-4.87
8.83,0.55
26.47,7.73
8.65,1.15
6.77,-3.04
13.01,-1.54
15.9,1.37
16.37,5.47
14.04,6.18
14.18,5.68
11.93,2.11
9.19,1.18
7.66,-1.99
18.31,-0.21
18.11,10.57
22.19,11.13
21.03,4.02
16.75,3.85
21.98,7.64
17.67,1.49
11.2,1.83
7.31,0.8
11.91,1.57
19.56,6.78
18.95,7.62
26.42,10.47
29.35,15.77
28.5,17.84
19.69,3.34
15.04,1.91
19.06,3.91
19.19,7.53
22.92,11.81
26.2,13.46
22.99,6.32
22.4,9.54
26.03,10.11
15.43,10.24
16.7,12.12
22.23,9.6
17.45,7.92
21.7,9.72
26.13,12.55
29.29,17.12
30.73,12.53
30.14,14.53
29.46,14.94
29.61,13.74
30.29,13.02
25.48,10.89
28.02,13.16
22.5,14.69
27.85,15.76
30.67,20.22
29.04,16.84
20.13,10.76
18.85,10.05
24.16,11.66
28.94,18.08
22.51,14.16
20.3,11.04
22.79,12.18
27.68,14.77
30.8,17.66
31.1,18.57
30.79,18.99
24.31,12.52
26.97,11.61
28.32,12.57
28.44,15.42
27.45,18.18
27.29,16.03
28.27,14.01
25.4,13.9
22.15,14.27
25.79,15.02
29.32,19.53
33.43,23.36
34.33,23.22
33.86,23.31
33.19,24.06
30.45,15.61
26.22,11.25
26.47,12.14
30.49,13.43
33.51,17.79
34.37,16.2
30.2,14.79
30.89,15.47
30.76,17.53
28.81,14.72
26.61,10.45
26.16,10.07
29.52,13.74
32.92,20.21
32.96,20.92
30.48,19.21
30.73,17.6
32.69,21.08
35.75,23.75
34.46,22.6
27.68,21.7
25.44,20.4
26.4,15.95
29.63,16.68
30.55,19.46
30.52,16.93
30.26,17.82
29.48,16.02
28.95,19.89
31.5,21.24
24.66,20.75
28.68,19.31
30.79,21.0
33.31,20.09
31.47,19.61
32.85,20.7
31.21,22.58
31.98,22.05
27.03,19.83
25.41,19.07
28.62,20.91
30.41,20.62
27.2,15.07
27.42,17.22
26.62,18.82
29.48,19.62
27.83,18.94
32.41,21.08
28.18,20.96
28.29,21.42
30.89,20.74
31.71,21.23
31.92,21.79
29.38,21.32
27.61,16.2
28.83,15.33
25.31,13.14
26.99,15.5
26.14,18.35
26.55,15.52
27.52,15.46
27.61,15.05
28.96,15.04
29.86,16.66
29.24,18.34
26.9,17.51
26.76,15.62
27.84,14.11
29.09,14.61
29.42,16.18
29.65,17.53
29.87,18.58
32.64,20.82
31.86,20.11
28.89,13.89
27.62,13.75
29.66,15.19
30.13,17.93
24.55,18.73
27.0,19.51
27.76,19.96
26.13,15.93
26.66,13.38
26.25,13.4
29.05,15.61
28.83,18.33
25.9,13.56
22.05,12.26
21.29,12.58
26.81,13.07
28.14,12.9
28.37,13.78
28.86,13.92
29.29,16.24
28.5,15.74
31.15,16.54
34.49,16.68
21.65,6.45
19.92,7.68
25.15,12.3
23.65,10.49
20.74,5.26
19.48,3.91
16.53,4.65
20.0,5.52
21.8,6.35
23.47,6.97
22.02,6.66
21.54,3.25
22.53,3.44
24.84,5.29
24.27,8.03
16.45,0.57
14.93,-0.05
18.25,1.94
23.24,5.27
24.05,7.74
23.91,6.23
18.02,1.31
19.9,2.36
17.55,3.07
22.35,4.34
9.78,1.01
6.93,-0.17
12.28,-2.05
15.07,-0.52
22.61,5.45
25.14,10.57
25.44,9.56
25.24,10.51
22.78,7.87
12.23,0.04
14.78,1.18
19.44,3.07
21.04,4.36
16.19,9.32
17.5,12.34
20.0,7.26
17.86,6.19
22.75,6.21
24.4,11.25
21.56,7.43
21.71,5.42
19.38,6.19
17.26,4.6
23.26,4.85
22.49,7.58
17.16,-0.63
0.15,-1.92
3.8,-1.99
6.48,-1.81
5.26,1.38
3.03,-1.99
0.09,-3.21
1.35,-7.94
2.2,-8.42
1.66,-8.25
9.33,-5.37
13.88,-4.28
15.42,-3.43
17.13,-1.93
12.44,-3.52
12.79,-3.38
12.39,5.32
7.83,4.75
15.92,0.62
3.42,-6.46
4.24,-6.99
13.67,1.64
11.26,-6.6
5.64,-6.83
7.79,-3.93
10.83,6.05
9.98,4.96
7.24,4.48
9.02,4.82
7.95,4.42
7.77,2.23
7.35,-0.76
7.93,-0.72
12.47,4.86
6.98,1.08
4.46,-0.88
1.02,-4.44
1.26,-7.87
0.8,-7.72
7.5,-5.95
6.51,-5.56
6.67,-22.18
-16.5,-22.44
-8.75,-16.81
-6.73,-14.29
-3.19,-8.96
-0.29,-4.94
9.85,-3.61
14.28,8.6
15.74,8.33
