20170101
7.83,-1.57
12.47,5.96
13.01,-3.68
-1.62,-6.96
-5.65,-13.97
-9.63,-15.94
-8.38,-16.59
-5.44,-15.3
4.64,-6.52
12.68,-1.48
18.05,0.06
18.64,-1.19
1.58,-0.92
2.81,0.4
3.71,0.43
14.86,3.81
15.17,3.01
4.87,1.48
10.56,2.57
14.83,7.26
18.34,5.75
15.77,6.37
8.81,3.47
7.36,1.78
15.02,1.57
2.62,-1.02
1.9,-3.99
1.45,-3.74
0.08,-6.62
6.83,-7.42
7.98,3.04
6.2,-2.12
2.09,-5.24
-0.61,-11.36
4.58,-11.59
10.95,-2.05
15.95,-1.42
15.96,2.62
5.47,-4.35
-2.38,-9.07
12.21,-4.41
18.39,9.03
15.78,-2.82
9.45,-2.95
11.55,1.69
7.16,-2.03
9.28,-0.28
19.75,3.85
17.4,5.85
15.88,1.9
19.91,3.44
18.27,8.95
20.35,11.99
20.58,13.38
24.67,2.59
2.0,-6.3
8.59,-5.54
10.59,4.77
18.06,8.49
15.31,0.76
7.27,-1.71
4.06,-2.84
10.56,-1.29
19.41,-0.17
17.17,9.45
13.71,5.3
16.14,2.51
21.5,1.07
6.63,-3.66
2.83,-6.02
3.88,-5.38
3.17,-4.13
0.42,-6.8
1.83,-7.92
6.53,-6.29
9.1,1.21
6.18,-0.53
10.62,0.92
17.51,4.63
17.04,-0.35
6.7,-1.67
15.38,-1.05
23.98,13.11
25.07,13.48
18.79,6.69
20.33,7.63
15.64,8.93
16.86,8.36
24.82,11.1
13.01,4.64
10.44,2.45
18.96,4.58
21.26,12.02
19.95,8.4
23.56,5.13
9.01,1.51
13.55,-0.43
18.79,2.96
25.58,9.9
26.23,15.06
19.53,5.51
21.0,6.74
26.41,8.53
28.4,12.34
28.25,16.87
26.93,12.8
21.56,9.57
25.64,12.29
27.76,16.7
27.55,9.97
15.97,7.48
13.13,5.39
19.76,6.47
24.21,9.23
24.59,12.21
28.84,15.32
18.27,7.36
21.09,9.68
26.92,15.45
25.58,13.01
17.31,7.76
19.0,4.45
13.03,7.12
13.85,7.44
10.85,4.49
17.01,3.47
17.6,0.98
18.63,5.14
20.37,11.07
29.15,13.67
20.71,11.72
19.32,7.1
23.82,10.74
27.81,13.15
28.47,14.11
29.63,17.12
28.76,20.54
28.76,18.32
28.32,15.55
27.42,15.39
25.37,8.76
22.32,9.51
23.84,13.54
18.17,13.1
18.04,10.39
26.43,14.77
28.61,16.76
24.02,15.04
28.08,13.49
26.83,12.48
27.09,10.4
26.76,10.31
29.01,12.14
30.94,14.61
31.0,18.75
30.14,15.0
25.26,11.96
20.46,10.12
24.49,10.97
28.44,14.23
29.69,16.25
31.22,18.55
32.89,21.04
30.25,19.14
30.59,19.13
28.06,18.37
30.87,18.65
31.03,20.79
28.13,16.52
27.36,14.89
29.27,17.14
31.96,20.09
27.9,21.03
24.78,16.39
25.68,11.6
25.61,11.26
23.92,10.45
23.8,10.88
27.36,15.77
30.94,20.64
29.05,19.67
28.85,16.88
29.95,16.83
30.71,18.96
29.84,19.17
29.08,20.57
26.04,18.4
30.89,16.9
27.86,14.0
28.97,17.55
29.69,21.99
26.89,19.84
32.08,21.93
30.45,21.81
29.42,15.18
28.18,15.88
29.9,17.39
30.76,19.41
31.51,18.08
31.12,19.72
32.39,22.26
33.43,23.06
33.29,21.17
29.47,19.4
29.39,16.52
27.54,15.96
30.14,18.18
28.95,22.32
28.21,15.66
25.95,13.11
28.3,15.27
29.89,17.62
28.97,17.75
29.25,16.98
29.95,19.1
24.09,10.92
25.28,13.42
22.26,16.88
24.98,14.16
26.68,11.23
27.49,13.59
29.0,15.57
27.51,16.93
27.17,13.47
27.96,15.92
27.72,17.35
30.62,18.36
31.85,20.76
30.88,20.42
29.3,18.29
31.24,18.32
32.01,19.11
32.01,20.93
28.64,14.91
26.45,11.12
26.04,11.73
25.49,11.06
25.89,11.87
27.78,14.09
26.54,16.4
26.21,14.54
27.73,15.59
27.45,15.25
15.92,12.42
21.07,12.16
27.46,13.41
30.43,15.88
22.8,8.67
19.86,7.76
21.0,7.84
24.88,9.61
23.27,8.41
22.97,8.43
22.48,9.41
20.87,14.41
18.35,15.86
22.69,12.81
27.48,13.16
29.03,15.07
30.0,16.8
27.92,19.25
26.87,17.71
30.33,18.28
32.34,19.12
32.27,17.48
32.14,16.67
32.38,15.18
31.73,15.34
31.97,17.08
29.49,12.3
23.16,8.02
25.14,7.49
23.34,5.79
23.86,6.62
26.64,10.81
28.88,14.11
26.59,17.23
23.31,17.0
27.08,17.54
28.35,13.46
19.93,14.35
22.19,15.17
22.14,16.08
18.95,13.81
17.81,12.56
23.22,11.5
28.51,14.47
23.12,7.32
17.22,3.29
20.16,3.41
21.29,4.74
24.13,7.16
25.25,7.57
24.13,9.94
25.63,13.71
17.53,7.86
11.35,5.16
11.21,-0.03
17.18,0.12
14.2,1.99
4.36,1.4
4.04,-1.08
7.96,-0.31
7.69,-0.36
15.41,2.0
20.02,12.57
16.0,6.75
18.92,8.74
23.6,9.43
12.55,6.54
9.07,4.33
11.56,-0.71
13.46,-2.01
2.99,-4.25
6.61,-3.68
8.9,1.92
7.3,0.94
11.49,0.36
10.0,0.66
4.54,-0.93
15.51,0.78
18.09,2.16
3.76,-3.73
9.8,-3.46
13.56,-2.73
5.06,-4.81
8.23,-2.76
14.0,-1.47
15.28,-2.13
12.41,-2.63
17.45,0.64
17.59,4.54
14.81,2.99
12.46,-2.45
12.12,-2.69
13.2,-1.79
14.99,-1.51
18.33,3.35
9.32,-2.31
7.27,-2.36
-0.16,-8.31
0.14,-8.93
-0.28,-6.64
3.24,-6.6
8.89,-4.66
-0.03,-8.0
7.62,-6.12
0.1,-6.52
1.08,-4.82
10.6,-0.69
7.27,2.74
7.81,4.95
9.79,1.82
9.3,-1.95
12.9,-1.82
12.25,2.81
3.38,-1.22
1.33,-6.27
-2.1,-8.1
-5.6,-16.43
-9.06,-16.84
-5.27,-12.76
-3.6,-7.38
-5.84,-15.15
-9.3,-18.77
-12.06,-21.46
-7.89,-21.44
-3.83,-17.07
-7.17,-17.87
-8.31,-19.63
-6.72,-19.77
3.12,-10.14
3.28,-0.2
5.39,-0.36
14.71,4.16
14.83,-1.43
-0.64,-10.1
-4.92,-15.96
-5.63,-16.14
-2.2,-15.86
-11.9,-17.57
-5.98,-14.22
0.41,-12.12
4.51,-6.83
9.08,0.48
12.58,6.52
13.53,2.62
3.67,-0.97
-0.02,-5.76
8.36,-5.19
14.48,0.22
10.1,-2.26
11.58,-3.13
1.54,-5.22
0.99,-5.78
11.66,-0.97
6.48,-10.95
-4.07,-11.77
4.4,-6.54
3.45,-10.19
-2.09,-10.39
0.14,-3.72
-0.36,-8.48
0.33,-8.1
10.46,-1.37
5.32,-0.58
1.51,-6.24
4.36,-6.68
7.02,-4.72
15.03,5.53
19.93,8.92
7.34,-1.71
2.47,-1.42
12.48,-1.4
23.1,12.65
25.41,11.52
11.61,3.59
11.14,4.0
16.14,7.68
15.13,6.91
9.23,-1.05
13.14,-1.19
16.47,0.08
13.28,9.67
14.21,0.0
9.36,-2.86
10.42,-2.51
11.15,-1.1
9.24,-0.02
13.92,-0.51
3.92,-2.1
0.26,-4.68
6.93,-3.92
10.63,-0.8
7.01,-1.79
5.41,-4.11
5.16,-5.4
5.41,-4.9
14.71,-2.71
8.47,-2.26
7.01,-1.69
14.73,-0.27
16.93,-0.09
2.4,-1.83
4.49,-4.31
8.29,-3.78
10.67,-1.9
2.32,-2.07
8.26,-1.9
14.99,3.42
13.28,10.1
14.41,10.29
14.72,5.14
9.35,0.05
15.73,1.48
9.47,-0.67
9.55,-0.38
23.24,1.12
2.94,-3.55
10.88,-1.96
15.03,-2.2
6.12,-4.7
6.35,-1.98
6.05,-1.53
7.07,-1.9
18.43,0.27
26.71,13.42
26.95,15.87
20.58,11.27
12.06,0.72
2.26,-0.53
10.6,0.54
22.52,1.71
12.87,-0.69
16.51,1.51
18.2,5.76
19.61,8.77
14.73,9.7
13.59,10.68
19.35,4.45
20.4,4.24
21.68,6.17
14.35,0.11
17.2,0.75
23.25,4.86
27.62,14.04
28.88,18.5
25.75,17.49
26.55,13.41
19.73,11.72
27.38,9.72
23.06,7.77
25.9,9.68
28.54,15.47
28.64,14.59
30.29,17.97
29.46,16.72
31.23,18.04
32.43,20.13
31.49,18.63
25.62,16.22
28.25,17.22
23.49,18.07
25.58,16.99
30.63,17.81
29.78,18.4
29.61,14.67
27.45,13.71
28.29,13.53
30.59,17.84
30.09,18.18
32.52,18.53
33.09,20.01
31.02,21.57
27.06,20.4
29.02,19.55
29.26,17.96
30.38,19.49
27.06,12.46
24.83,11.88
28.65,13.47
26.1,14.88
30.87,18.21
31.93,17.81
32.58,17.6
25.8,18.09
25.77,18.55
27.48,19.67
28.95,13.82
28.81,14.76
31.04,18.11
33.66,20.81
34.01,21.76
33.29,22.52
32.8,20.87
30.64,21.46
26.41,18.75
24.89,18.19
24.66,17.48
27.8,19.76
23.76,19.69
25.31,19.34
28.65,18.18
30.49,19.56
32.01,19.95
32.72,22.39
32.65,22.36
32.03,21.75
31.07,21.89
34.14,22.54
33.73,21.36
28.01,13.21
27.39,14.17
31.08,17.45
32.57,19.61
32.78,20.43
29.56,15.6
29.29,15.64
31.71,17.17
32.97,20.55
29.21,21.25
30.06,19.49
30.56,14.7
29.83,15.26
29.96,17.7
28.21,18.33
24.72,19.02
26.64,16.59
25.74,16.49
28.38,17.05
30.08,16.91
29.49,16.28
26.68,14.11
27.08,14.93
27.27,17.69
24.34,18.65
24.39,17.56
26.66,16.17
28.93,16.77
30.07,19.27
31.69,19.65
32.37,20.22
32.02,20.23
29.78,20.68
29.55,18.29
29.32,18.67
30.17,19.78
29.76,16.92
29.76,16.83
29.38,16.37
30.43,18.96
25.41,19.66
26.88,20.53
27.49,19.9
28.63,18.36
29.79,19.11
28.35,19.84
27.06,17.32
24.94,11.47
26.25,12.37
24.33,14.0
28.15,20.28
32.13,21.81
32.1,21.57
32.5,21.54
30.93,19.09
28.49,17.24
30.6,18.41
29.32,19.63
31.85,20.84
33.02,21.05
33.44,20.66
32.88,20.96
31.03,20.51
27.23,18.41
19.02,14.78
16.04,13.43
19.29,12.87
22.47,13.54
23.26,15.22
29.8,16.51
31.02,17.51
31.21,19.45
29.72,20.29
29.91,18.64
32.56,18.71
32.6,19.45
33.13,20.59
30.75,15.13
16.68,13.24
24.47,13.48
21.48,16.96
25.2,19.38
21.65,11.38
16.22,7.21
22.78,8.48
22.32,9.62
27.12,11.69
29.45,14.48
29.99,19.25
30.6,19.63
26.89,17.48
31.01,18.44
31.34,18.09
31.57,18.58
31.18,19.64
30.63,19.24
24.78,11.86
16.15,2.16
12.27,2.73
12.23,3.63
13.01,7.32
12.39,1.29
12.04,1.33
16.18,-0.41
14.47,-0.39
14.01,1.09
17.04,-1.87
12.05,-1.56
19.14,1.57
17.33,0.86
14.21,1.29
13.95,3.46
9.26,6.11
11.93,3.9
18.35,3.25
16.56,2.54
20.65,5.24
18.41,8.41
10.84,4.98
8.57,0.66
13.56,0.65
16.23,6.96
15.88,9.29
15.48,3.44
12.53,-1.02
6.31,-0.26
6.72,-6.02
2.59,-6.9
6.73,-5.67
6.83,-0.06
2.3,-5.96
0.7,-5.97
1.34,-1.32
3.9,-0.98
7.47,0.89
10.69,0.94
5.54,2.04
3.61,-2.53
8.36,-3.37
10.18,-2.88
11.33,-1.38
13.07,0.65
15.03,0.48
2.31,-5.25
-3.6,-7.09
0.68,-7.62
6.23,-0.7
10.94,5.14
14.43,7.44
17.05,3.83
4.49,0.29
1.33,-2.09
-0.29,-3.55
4.93,-6.39
3.18,-7.11
-2.22,-6.16
4.32,-7.8
0.73,-9.39
7.39,-7.59
10.62,0.7
9.53,3.75
10.45,5.65
8.25,3.24
9.55,-0.62
9.39,-3.48
7.53,-3.79
12.14,-1.83
8.46,4.9
6.32,-0.48
4.55,-1.72
2.81,-2.94
6.96,-3.07
8.1,-4.22
9.04,-3.82
13.58,4.28
13.89,-0.17
2.11,-2.71
6.38,-2.93
16.89,4.48
5.49,3.02
4.83,0.35
4.61,-1.48
10.25,-0.38
12.02,-0.63
11.86,-0.42
14.19,7.2
16.07,-1.71
-0.96,-6.38
-1.61,-6.81
0.83,-7.19
1.06,-1.9
0.29,-3.39
0.0,-8.35
0.86,-5.28
1.99,0.2
4.58,0.87
2.4,0.34
3.27,-10.25
-7.52,-17.95
-6.97,-17.91
7.08,-8.62
10.33,-4.36
-0.34,-11.95
-3.19,-12.13
1.9,-3.67
-0.64,-6.26
8.76,-9.58
-5.95,-17.14
-15.41,-21.03
-7.55,-19.54
0.8,-7.77
9.59,-2.98
18.15,2.41
13.54,3.39
11.76,3.43
14.39,9.29
17.02,-6.83
-2.72,-10.1
-0.58,-9.94
2.23,-3.95
9.41,1.64
11.38,-3.88
3.3,-3.8
13.27,1.16
1.82,-4.17
2.66,-4.8
0.41,-2.14
0.26,-5.58
2.07,-5.79
8.17,-1.31
7.62,-1.78
6.01,0.71
14.85,4.07
7.45,-5.23
4.61,-5.57
10.5,-3.17
14.45,-1.68
1.59,-0.97
4.01,-0.84
5.12,-0.18
0.15,-10.91
-6.32,-13.37
-3.87,-12.62
-0.71,-10.72
2.14,-4.13
3.24,-0.62
15.31,1.43
9.51,0.11
10.75,-2.84
10.58,-2.68
21.08,6.2
21.73,6.56
7.05,-0.91
8.85,-3.05
11.53,-3.43
9.27,-3.55
10.59,-2.63
13.21,1.58
7.89,1.81
10.69,-3.22
13.85,-2.57
14.76,5.27
9.14,-2.08
9.31,-2.66
15.43,-1.43
21.98,4.79
16.64,11.08
15.38,-1.52
3.37,-4.7
8.3,-3.21
15.05,-0.31
16.67,3.22
21.51,8.62
15.56,9.03
20.57,9.66
20.74,12.57
23.05,9.93
21.3,5.72
21.27,7.78
27.25,9.98
19.41,4.97
19.3,6.2
22.17,1.93
12.28,2.13
24.88,7.11
24.58,13.1
23.07,6.15
8.24,2.95
6.61,2.27
20.65,4.38
25.03,10.07
24.84,9.64
20.29,10.14
20.29,9.12
18.19,5.16
16.6,5.67
12.59,5.38
25.09,7.81
26.0,12.73
26.78,13.93
23.03,15.49
21.9,14.38
16.05,10.06
21.75,7.73
24.91,9.51
26.06,11.7
28.38,13.57
23.5,11.78
14.39,6.53
18.5,7.16
11.1,8.02
13.84,4.76
20.41,6.85
21.4,8.9
25.62,12.55
29.51,15.87
30.45,19.17
23.82,13.73
21.6,8.87
20.0,9.85
25.28,17.41
29.19,18.14
31.23,18.35
30.32,20.13
29.59,16.47
28.73,18.93
30.25,21.94
26.44,17.38
24.73,16.63
26.08,14.23
27.51,16.51
26.08,8.46
24.22,11.31
26.91,15.71
29.74,17.68
28.54,18.71
25.87,18.84
24.11,19.08
25.75,19.45
23.32,9.4
24.28,10.71
24.92,13.36
19.71,7.66
24.05,12.0
24.55,17.19
26.28,18.51
26.81,18.93
26.73,18.81
27.88,19.48
22.88,15.22
25.7,16.33
24.32,16.51
28.67,18.48
24.86,16.79
28.5,17.4
31.43,19.2
30.97,18.76
31.91,19.73
32.43,21.11
32.75,18.85
31.8,20.21
32.98,20.49
30.32,19.82
31.38,20.54
32.56,21.51
30.63,21.12
31.42,20.09
29.71,17.96
31.79,19.34
33.12,21.44
31.3,17.34
29.48,14.56
31.9,17.16
32.36,20.53
31.4,21.99
30.57,22.04
30.81,21.31
33.06,23.23
32.96,22.59
33.47,22.8
32.9,21.68
25.62,14.67
26.47,13.42
26.4,13.09
27.65,14.47
29.23,15.57
30.49,17.86
31.02,18.93
30.83,19.5
29.72,18.02
28.53,16.15
30.12,17.6
29.76,16.03
30.16,15.1
31.04,16.19
31.89,17.42
30.41,18.41
29.7,17.31
31.13,18.21
30.27,14.85
28.98,14.28
30.22,17.52
28.47,20.72
30.1,19.09
31.35,16.35
28.99,15.73
30.29,17.73
30.06,19.89
33.16,19.57
33.43,20.44
31.95,18.83
30.05,19.71
26.28,18.64
23.88,12.48
25.5,13.28
27.6,15.33
21.68,20.02
26.37,14.77
25.99,11.84
28.07,14.17
29.51,18.95
24.39,17.35
29.42,17.81
28.09,15.44
29.78,17.51
28.55,13.65
25.35,12.38
27.97,14.01
23.86,12.11
25.21,14.58
30.14,16.06
34.25,18.49
32.67,19.02
32.83,19.72
33.01,15.8
27.58,13.18
30.52,15.8
32.02,17.14
28.97,14.84
30.4,15.18
30.72,15.79
30.52,17.96
31.03,16.1
31.03,18.0
27.7,9.37
25.97,10.16
29.47,13.24
25.83,9.48
32.28,12.73
32.29,18.4
32.87,18.05
33.93,17.22
33.63,17.83
33.57,17.5
31.85,11.01
22.01,8.28
26.84,9.14
22.57,12.47
20.04,5.41
22.84,6.06
23.96,7.66
27.07,11.91
22.2,1.37
13.7,0.55
20.47,1.62
20.23,2.68
23.74,4.91
10.51,1.64
15.44,0.88
17.71,1.52
22.24,4.39
24.22,9.9
21.73,10.23
16.44,2.54
18.84,3.0
19.57,7.45
14.86,9.14
18.25,10.16
18.36,3.54
20.08,4.48
16.13,9.33
13.15,9.86
10.4,-2.55
8.49,-2.89
10.9,-2.5
12.09,-1.62
15.7,2.63
11.0,-1.55
12.54,-0.79
6.07,-6.75
2.4,-6.87
8.58,-2.63
17.69,3.87
12.37,-9.39
-5.09,-13.14
-0.26,-11.66
5.97,-5.56
6.49,-5.43
7.91,-4.24
8.77,-3.73
5.51,-0.81
7.65,-1.24
8.52,3.28
12.43,4.51
7.26,-1.62
3.77,-0.31
9.82,0.28
14.57,2.06
14.74,4.97
13.47,1.43
3.45,1.33
6.15,2.4
13.69,3.06
9.29,0.82
2.57,-0.71
3.9,-0.68
10.16,-2.77
11.04,-3.15
9.46,-4.74
7.34,-4.74
13.32,-1.31
13.56,-2.16
-1.8,-8.05
2.84,-7.46
6.55,-5.27
8.06,1.18
6.3,-1.13
1.63,-1.52
0.9,-1.1
2.15,-5.94
-1.01,-10.39
3.92,-8.92
7.6,-6.08
11.53,-3.92
12.56,-3.55
14.97,-2.32
15.88,-2.11
18.59,-1.02
17.53,8.04
14.8,6.26
15.7,6.72
16.3,4.93
5.25,1.2
2.65,-0.09
9.04,-0.54
10.43,5.8
10.61,3.49
3.65,-2.24
8.94,-2.52
8.59,-2.65
8.93,-2.27
4.37,-3.09
13.99,-2.6
17.23,9.65
18.25,2.17
5.42,1.18
7.7,1.39
9.82,-0.31
12.93,0.72
4.54,-5.13
2.41,-4.88
10.68,-8.3
-7.64,-10.25
-3.01,-8.81
0.01,-9.3
3.68,-8.56
8.5,-0.05
7.58,1.21
1.65,-0.64
6.91,-3.17
3.1,-2.68
1.57,-0.03
2.14,-0.17
3.81,-0.14
3.4,-0.11
5.64,0.04
17.64,1.08
20.01,4.04
14.05,-0.05
2.93,-0.38
0.5,-2.95
1.26,-3.07
1.99,-4.77
10.04,-3.48
6.95,0.33
5.27,-1.79
2.43,-1.17
2.73,-12.36
-4.34,-13.1
7.14,-9.78
10.15,-1.93
11.76,-0.26
10.25,-3.8
6.32,-4.03
0.98,-9.65
3.25,-9.57
9.59,-6.5
13.25,0.91
6.82,4.41
7.38,1.73
2.9,-3.85
2.03,-4.13
2.48,-7.11
3.8,-6.81
16.96,-3.09
12.22,8.57
14.48,0.22
16.1,-1.14
15.51,-0.48
2.6,-4.8
10.32,-4.6
18.26,-0.25
17.83,8.96
13.48,5.59
10.83,3.5
16.57,4.01
11.17,1.82
5.8,1.03
7.22,1.08
9.01,3.44
12.08,3.18
15.54,4.73
19.94,11.71
21.66,0.25
3.27,-1.67
5.89,-1.25
11.34,2.51
11.81,3.13
17.09,3.64
20.55,6.75
23.82,12.65
25.88,16.23
18.4,7.81
16.43,5.0
8.01,4.19
11.58,0.24
16.5,2.34
20.9,6.57
21.46,7.46
14.53,7.14
21.3,8.54
26.32,14.02
27.47,7.25
12.86,0.27
10.97,0.81
17.05,5.5
16.9,9.11
9.32,0.66
8.74,-3.05
10.86,-4.03
10.1,-0.24
10.81,1.0
12.71,1.6
14.59,3.07
18.88,5.08
14.3,-0.01
21.91,3.79
13.06,9.83
19.63,7.59
19.69,6.73
16.02,1.92
19.45,5.7
24.55,13.83
18.28,7.04
9.67,5.97
20.02,6.7
27.93,13.13
22.29,6.44
20.94,7.53
9.15,4.43
15.58,2.89
19.68,7.24
12.47,-2.15
13.14,0.5
18.09,3.1
10.25,1.64
16.01,4.51
14.24,8.26
27.51,13.71
23.57,15.79
26.7,17.24
25.69,15.83
19.71,14.22
18.44,11.71
14.33,11.36
17.97,12.67
25.04,14.14
28.03,17.0
30.27,17.5
30.94,17.73
30.1,19.09
25.98,18.71
27.42,17.54
24.49,12.89
23.03,10.73
22.18,7.55
25.02,12.39
31.03,18.24
31.52,20.19
29.25,18.02
30.67,18.36
32.68,15.95
29.16,15.85
30.76,18.77
28.94,22.57
31.45,14.99
27.17,12.89
29.42,12.73
26.02,12.86
24.09,10.88
25.23,12.8
27.53,13.79
28.51,14.32
28.83,16.06
31.37,17.13
32.56,18.07
29.28,19.01
29.85,19.57
26.15,16.02
27.07,14.3
28.95,16.83
30.98,21.1
25.61,19.92
27.27,20.92
30.43,20.23
29.51,20.13
31.72,19.7
31.71,18.33
32.38,19.53
33.62,19.89
33.68,20.49
32.63,20.3
32.9,20.83
32.78,20.52
33.34,21.11
29.83,18.63
31.36,17.21
28.14,15.9
28.33,15.57
30.49,16.68
31.64,20.22
26.93,17.76
30.87,19.53
32.63,22.53
33.31,21.05
31.61,20.89
32.1,20.32
28.93,20.9
29.65,18.52
30.19,17.5
30.86,18.67
33.01,21.65
31.87,20.32
30.0,17.67
31.07,19.86
23.04,19.66
25.96,19.56
27.21,17.33
26.7,17.46
27.25,16.78
24.87,12.18
24.07,13.36
25.71,14.19
26.73,13.18
28.51,15.69
30.91,18.32
29.41,19.22
28.79,19.46
28.57,19.92
29.91,20.11
27.32,18.82
30.18,18.61
28.27,16.08
29.49,17.15
24.12,13.64
25.46,12.65
26.64,14.05
27.71,16.64
27.66,18.03
28.89,18.6
30.91,19.81
32.14,19.99
31.13,21.32
28.11,22.36
28.43,20.65
29.12,13.7
26.16,15.8
26.45,17.65
27.46,19.86
27.35,20.03
28.82,15.4
25.89,9.46
26.96,11.39
26.79,15.72
29.45,17.08
30.53,16.34
30.74,16.7
29.75,18.23
23.11,17.25
28.59,17.61
27.37,14.02
25.84,11.2
22.98,8.74
25.86,9.24
27.17,10.72
19.8,5.95
20.44,4.64
22.91,5.64
23.73,6.45
24.18,8.36
22.73,10.07
24.64,10.68
26.1,11.72
24.77,13.64
26.28,14.01
18.53,6.38
17.9,6.57
24.26,5.13
20.0,2.44
17.04,3.78
18.64,6.99
16.62,0.15
17.51,1.36
22.92,5.05
29.11,6.64
26.0,7.32
27.92,9.22
23.69,15.97
25.82,16.13
24.72,4.61
20.93,4.61
25.59,6.41
16.86,-0.2
14.61,-1.16
17.05,0.84
16.13,9.16
12.06,7.76
16.78,8.51
20.34,12.13
27.38,12.98
25.4,6.46
12.39,5.78
10.9,6.2
9.28,6.98
10.66,7.03
11.87,8.49
10.7,4.19
9.86,-1.09
14.75,0.33
10.84,-3.18
9.81,-2.59
18.44,0.51
22.06,5.51
19.7,3.83
21.46,3.45
23.45,3.92
26.73,9.02
26.17,10.7
25.45,11.64
12.87,-0.23
13.03,-0.26
13.38,-2.24
17.1,-0.14
13.74,1.55
13.34,1.05
6.41,-2.32
9.99,-2.01
18.54,5.73
17.68,8.83
10.15,6.46
9.5,1.47
9.37,1.64
10.69,4.31
14.71,7.83
10.57,7.36
12.78,-0.36
9.74,-2.68
11.89,-2.32
2.72,-2.0
0.94,-6.23
6.72,-5.96
6.85,-3.78
7.19,-2.59
6.91,-4.19
3.44,-3.85
0.97,-1.76
2.5,-1.02
13.47,-1.82
16.2,-1.73
17.82,4.47
16.36,3.76
5.71,2.08
2.19,-6.5
1.8,-6.05
1.1,-1.61
0.23,-5.61
3.61,-5.85
5.36,0.08
6.81,0.35
9.2,0.38
7.57,-0.84
13.34,-1.36
-1.72,-10.98
-7.7,-11.7
3.58,-9.92
11.7,-1.69
2.52,-3.28
5.47,-3.94
11.11,-2.28
0.23,-2.51
9.97,0.38
3.58,1.2
2.47,-2.32
7.82,-2.06
1.77,-0.22
2.83,-0.78
3.73,-0.67
0.44,-2.01
0.3,-7.24
0.16,-7.01
-1.56,-4.59
3.12,-4.09
8.26,-2.15
9.06,-0.27
6.14,-1.46
1.51,-1.33
1.36,-1.6
2.2,-2.07
6.94,-2.79
3.09,-2.84
10.62,-2.01
2.86,-9.86
1.93,-9.76
1.19,-1.47
3.46,-0.49
7.1,-0.7
0.57,-8.52
-0.63,-10.83
1.51,-10.69
3.37,-3.61
5.27,-2.53
-0.97,-6.15
1.03,-6.55
2.72,-5.54
3.88,-3.99
3.13,-6.21
2.03,-11.39
-5.09,-12.32
1.34,-8.64
-0.96,-6.01
-4.41,-7.47
-3.18,-7.47
-1.39,-6.56
-2.19,-9.46
-3.5,-9.95
-6.74,-11.72
-6.56,-17.09
-4.07,-15.94
-1.23,-11.51
-1.99,-14.72
0.79,-11.26
8.05,-8.41
4.68,1.02
12.94,0.01
16.89,-2.45
8.56,-2.32
7.93,-0.45
13.33,6.32
16.67,2.13
8.08,-4.6
7.42,-4.6
17.29,-2.28
11.84,-4.01
8.71,-4.48
9.15,-4.03
11.2,-3.58
18.69,-1.39
19.44,0.89
21.04,8.88
18.35,7.02
15.96,4.75
12.73,-0.38
10.85,0.98
5.11,1.06
14.58,2.95
17.16,5.64
15.95,-0.12
10.86,-2.0
16.22,-1.84
19.41,1.28
19.95,4.19
19.94,9.03
22.76,6.6
17.8,7.88
13.9,4.05
23.36,6.21
11.06,-1.72
15.21,-0.09
23.14,5.38
11.48,-1.72
4.78,-5.43
9.45,-3.94
18.25,0.81
24.07,5.46
25.21,7.44
25.98,9.25
27.57,12.75
21.34,10.62
27.15,11.41
18.48,8.89
11.71,8.15
20.56,7.86
19.52,8.95
17.32,3.01
13.61,0.38
17.04,2.4
14.23,1.32
18.2,2.98
20.26,2.78
17.57,-1.35
8.37,-1.4
12.88,-0.13
16.29,3.75
11.97,6.38
17.61,3.25
24.29,7.22
28.08,16.76
26.48,17.28
20.77,9.62
21.79,1.71
22.95,5.14
25.24,13.56
22.53,15.32
20.91,8.92
16.88,3.23
17.64,4.12
17.67,1.89
15.41,4.79
16.52,1.93
16.52,4.61
16.2,3.81
17.32,3.02
19.69,4.07
21.56,5.26
22.6,10.38
21.45,12.79
21.24,13.84
25.66,14.53
27.21,15.35
29.0,14.91
28.85,13.42
29.73,14.79
30.14,15.95
31.19,16.04
31.18,18.34
25.46,17.09
27.56,17.78
22.09,7.79
14.73,4.51
19.65,6.87
23.45,10.52
23.92,14.5
18.7,16.07
22.53,14.08
29.55,14.62
29.29,16.65
28.02,19.37
27.67,20.24
25.34,20.61
25.45,20.72
27.23,20.24
30.73,19.44
33.19,19.87
31.48,14.86
31.18,13.65
27.39,13.17
27.12,13.15
29.6,15.68
32.42,18.58
28.23,18.11
30.64,22.14
27.61,12.36
22.2,10.57
25.19,12.74
27.92,19.0
27.44,21.97
29.85,21.7
31.51,20.84
32.46,21.03
33.95,21.33
28.76,20.32
26.09,14.93
24.46,13.33
25.94,14.73
30.09,18.54
31.43,19.66
31.85,19.44
30.93,20.88
27.62,16.31
24.06,16.14
25.8,17.57
26.01,20.06
28.06,20.85
27.35,18.9
29.01,20.14
30.97,20.47
28.34,20.51
27.12,19.28
27.53,17.15
28.19,17.34
28.91,17.42
27.28,16.55
27.67,16.34
28.97,17.19
30.35,19.18
30.69,20.9
31.69,17.21
31.12,18.12
30.88,19.98
31.03,20.28
27.86,17.48
22.76,13.94
27.1,12.46
25.83,13.38
27.1,13.5
27.73,14.92
29.12,16.36
28.41,18.4
30.14,18.7
30.84,19.53
25.98,21.52
32.26,22.85
32.44,23.72
33.66,21.06
30.39,20.52
28.28,18.7
24.71,18.27
27.61,19.27
29.07,19.3
30.79,20.44
30.03,19.05
30.96,19.11
31.26,18.96
32.56,19.67
33.0,20.19
33.4,21.11
30.56,20.07
33.42,20.26
33.33,20.27
32.88,21.27
32.31,21.09
25.73,20.03
26.03,18.54
26.62,13.18
26.32,13.16
26.1,14.47
25.98,17.59
26.51,12.69
28.76,13.87
28.96,16.81
27.47,12.11
25.32,11.42
26.22,12.32
27.72,15.34
29.58,17.99
30.11,18.44
30.64,19.43
25.06,14.85
28.02,15.73
31.03,17.13
31.98,17.96
30.03,19.07
22.84,18.48
24.26,13.99
15.14,9.8
19.31,6.62
23.23,8.09
21.44,7.16
24.25,8.92
29.01,14.6
29.23,14.7
29.5,14.23
27.5,12.51
26.81,12.54
24.47,14.98
23.92,16.42
23.03,14.62
26.02,15.54
24.82,16.92
24.73,15.89
26.12,14.5
28.43,14.72
28.84,17.84
27.68,17.76
20.59,11.56
25.18,12.29
27.9,18.64
24.58,9.74
16.9,4.71
20.21,4.36
21.83,4.89
21.91,6.06
22.93,7.06
21.35,9.77
12.51,7.37
15.72,7.59
23.12,12.34
16.65,8.3
14.4,1.38
15.25,1.53
12.68,8.52
16.13,10.63
13.36,9.1
17.3,2.46
12.57,2.13
9.74,-2.7
9.97,-2.64
10.83,-2.71
12.02,-2.59
14.61,-1.63
17.76,-0.79
21.16,1.94
17.55,3.13
20.79,6.11
17.06,2.97
10.71,1.51
4.28,0.53
5.14,-2.67
5.02,-2.21
16.42,-0.37
19.06,4.21
8.5,-3.85
5.85,-4.33
12.05,-1.34
7.91,-1.57
4.76,-6.61
5.9,-6.71
12.92,-0.79
8.86,-3.89
1.62,-4.32
9.4,-0.22
8.08,-5.84
7.26,-6.26
12.9,-0.71
11.33,3.06
18.31,1.53
17.16,1.6
12.98,0.36
16.87,1.83
6.31,-5.9
-1.78,-5.62
5.44,-5.39
14.47,-1.33
18.9,9.26
17.09,-2.55
9.23,-3.0
12.19,-1.92
14.33,-1.47
18.18,11.75
16.4,-1.22
8.22,-1.12
11.58,-1.73
1.94,-5.45
6.72,-5.48
7.39,-5.08
2.79,-5.61
11.44,-3.77
17.56,9.02
20.48,6.99
15.39,5.86
20.52,5.44
11.58,4.32
9.52,5.59
9.11,5.51
17.45,8.45
14.24,2.51
1.92,-5.68
1.16,-6.86
6.07,-6.33
6.26,-8.96
-6.81,-12.88
-6.86,-13.27
6.15,-10.95
6.44,-8.59
0.18,-10.77
1.66,-10.48
10.18,-1.46
8.22,-1.9
1.87,-3.19
0.25,-6.57
1.3,-6.74
-2.03,-4.37
6.22,-4.74
9.75,-6.9
-3.5,-8.55
-2.82,-13.38
0.5,-13.28
2.7,-8.24
4.79,-7.34
-1.61,-14.97
-4.29,-15.51
1.89,-9.58
-1.06,-17.2
-2.94,-17.1
5.32,-7.7
5.4,-6.81
16.12,-0.2
7.76,-1.36
-1.25,-7.14
-4.36,-11.83
-4.81,-12.61
3.45,-10.12
1.99,-10.03
8.52,-8.3
11.14,-1.33
6.53,-2.74
12.33,-1.93
-1.39,-8.08
-2.09,-9.64
0.5,-9.52
12.31,-7.19
16.82,7.96
12.81,-5.24
1.87,-5.99
0.53,-6.54
14.99,-4.12
17.74,4.05
16.54,-2.23
-1.31,-2.9
2.56,-1.78
-0.23,-3.94
3.16,-5.7
9.76,-5.55
11.66,-3.67
19.3,1.75
20.94,2.01
8.46,-1.09
13.33,-1.01
23.87,7.16
21.28,11.64
14.72,0.42
4.84,0.36
9.81,-1.34
11.52,-1.11
7.69,-8.39
-2.08,-8.59
11.44,-3.53
18.18,2.71
19.95,2.51
21.98,2.93
22.69,4.94
17.65,8.22
8.85,2.08
17.66,1.78
21.69,3.61
18.91,9.45
19.84,6.55
11.74,4.75
7.38,2.46
5.08,-2.48
6.32,-6.04
6.76,-4.89
8.94,0.42
26.48,7.87
8.7,1.14
6.71,-3.06
12.81,-1.3
15.82,1.65
16.32,5.27
13.8,6.13
14.09,5.69
11.89,2.03
9.17,1.16
7.51,-1.97
18.18,0.04
17.95,10.57
22.1,11.19
20.89,4.06
16.7,3.96
21.96,7.76
17.66,1.43
11.04,1.79
7.18,0.81
11.8,1.63
19.51,6.67
18.79,7.38
26.37,10.64
29.28,15.85
28.47,18.0
19.94,3.26
14.97,1.84
18.85,4.12
19.09,7.49
22.91,11.74
26.08,13.44
22.93,6.24
22.34,9.73
25.99,10.04
15.37,10.19
16.65,12.06
22.2,9.59
17.32,7.88
21.63,9.76
26.08,12.61
29.2,17.15
30.61,12.31
30.06,14.58
29.38,14.92
29.6,13.68
30.28,13.0
25.39,10.75
27.91,13.15
22.52,14.76
27.76,15.8
30.62,20.3
28.98,16.87
20.06,10.68
18.75,9.95
24.06,11.62
28.88,18.09
22.44,14.07
20.14,10.95
22.76,12.17
27.61,14.89
30.77,17.64
31.03,18.36
30.79,19.07
24.29,12.47
26.94,11.5
28.26,12.64
28.37,15.47
27.31,18.29
27.23,16.09
28.27,13.98
25.32,13.85
22.2,14.35
25.69,15.15
29.24,19.61
33.36,23.62
34.31,23.2
33.82,23.28
33.19,24.1
30.4,15.46
26.08,11.01
26.41,11.98
30.44,13.24
33.45,17.87
34.28,15.98
30.09,14.52
30.84,15.23
30.69,17.68
28.79,14.56
26.52,10.33
26.09,9.94
29.47,13.74
32.85,20.35
32.88,20.86
30.4,19.29
30.67,17.38
32.6,21.18
35.71,23.63
34.38,22.47
27.61,21.66
25.3,20.29
26.33,15.89
29.56,16.68
30.48,19.7
30.44,16.82
30.18,17.87
29.36,15.88
28.9,19.98
31.41,21.27
24.5,20.8
28.62,19.17
30.72,20.92
33.25,20.07
31.41,19.42
32.76,20.56
31.17,22.59
31.93,22.14
27.01,19.89
25.43,19.13
28.51,20.89
30.33,20.7
27.1,14.89
27.36,17.27
26.55,18.74
29.38,19.62
27.82,18.85
32.35,21.16
28.16,21.01
28.28,21.47
30.79,20.65
31.63,21.23
31.79,21.77
29.33,21.33
27.53,16.05
28.7,15.26
25.23,13.07
26.97,15.61
26.03,18.26
26.51,15.4
27.44,15.39
27.51,14.95
28.86,14.9
29.72,16.63
29.05,18.28
26.8,17.44
26.56,15.52
27.7,13.95
28.97,14.54
29.29,16.3
29.49,17.45
29.75,18.58
32.51,20.91
31.71,20.09
28.74,13.73
27.48,13.61
29.56,15.22
30.01,17.91
24.63,18.69
27.01,19.51
27.73,20.01
26.02,15.94
26.54,13.2
26.19,13.33
29.0,15.84
28.72,18.45
25.94,13.79
21.95,12.28
21.18,12.55
26.75,12.9
28.06,12.82
28.32,13.75
28.79,13.92
29.21,16.17
28.39,15.51
31.05,16.43
34.4,16.65
21.54,6.28
19.9,7.76
25.05,12.32
23.55,10.29
20.65,5.21
19.38,3.8
16.4,4.64
19.94,5.48
21.81,6.38
23.39,7.06
21.94,6.57
21.43,3.1
22.42,3.34
24.74,5.31
24.12,7.87
16.39,0.39
14.88,-0.15
18.13,2.03
23.11,5.13
23.95,7.44
24.15,6.28
17.99,1.18
19.81,2.25
17.46,3.0
22.31,4.57
9.78,1.09
6.81,-0.04
12.26,-2.05
14.89,-0.4
22.51,5.44
25.03,10.37
25.38,9.23
25.2,10.26
23.02,7.9
12.08,-0.11
14.73,1.14
19.46,3.13
20.96,4.33
16.31,9.27
17.53,12.46
20.01,7.22
17.81,6.1
22.7,6.1
24.37,11.2
21.67,7.59
21.73,5.33
19.4,6.11
17.21,4.58
23.29,4.76
22.4,7.54
17.06,-0.46
0.07,-1.8
3.64,-1.93
6.5,-1.82
5.34,1.44
2.94,-1.91
0.03,-3.27
1.33,-7.95
2.16,-8.34
1.6,-8.18
9.22,-5.5
13.82,-4.47
15.39,-3.5
17.2,-1.91
12.36,-3.64
12.78,-3.43
12.34,5.33
7.8,4.7
15.83,0.88
3.37,-6.57
4.26,-6.99
13.6,1.56
11.56,-6.65
5.64,-6.86
7.85,-4.01
10.88,6.11
10.0,4.99
7.24,4.48
9.09,4.7
7.94,4.4
7.78,2.19
7.27,-0.82
7.93,-0.77
12.51,4.9
7.01,1.06
4.57,-0.83
0.89,-4.47
1.18,-7.94
0.74,-7.78
7.45,-6.05
6.46,-5.61
6.68,-22.26
-16.6,-22.55
-8.83,-16.83
-6.78,-14.29
-3.19,-8.99
-0.3,-4.79
9.71,-3.53
14.21,8.52
15.89,8.51
