20170101
7.84,-1.53
12.49,5.89
12.97,-3.72
-1.69,-7.06
-5.86,-14.06
-9.68,-15.84
-8.44,-16.54
-5.47,-15.12
4.37,-6.43
12.7,-1.47
18.05,0.27
18.59,-1.16
1.61,-1.06
2.76,0.26
3.66,0.31
14.77,3.5
15.23,2.94
4.84,1.7
10.45,2.58
14.92,7.41
18.19,5.81
15.95,6.5
8.91,3.58
7.33,1.82
14.87,1.57
2.63,-1.1
1.76,-3.95
1.41,-3.8
-0.09,-6.7
6.68,-7.48
7.87,2.94
6.09,-2.33
1.94,-5.36
-0.74,-11.41
4.43,-11.45
10.82,-2.24
15.86,-1.27
15.91,2.55
5.45,-4.51
-2.65,-9.35
12.08,-4.91
18.4,8.99
15.57,-2.78
9.44,-2.88
11.51,1.52
6.98,-2.19
8.88,-0.37
19.66,3.82
17.47,5.8
15.95,1.66
19.71,3.41
18.35,8.96
20.05,11.91
20.58,13.24
24.7,2.63
1.93,-6.36
8.52,-5.47
10.45,4.74
17.94,8.38
15.35,0.79
7.2,-1.82
3.84,-2.87
9.9,-1.52
19.33,0.01
17.05,9.44
13.6,5.15
15.95,2.03
21.13,1.07
6.25,-3.87
2.71,-5.99
3.7,-5.14
3.19,-4.49
0.28,-6.81
1.53,-7.95
6.24,-6.21
8.82,0.93
6.12,-1.05
10.35,0.48
16.73,4.62
16.74,-0.62
6.39,-1.89
15.34,-1.17
24.04,13.07
25.08,13.43
18.83,6.78
20.11,7.9
15.43,8.54
16.57,8.15
24.82,11.1
13.11,4.69
10.12,2.43
18.79,4.68
20.92,12.23
19.84,8.4
24.03,5.39
8.6,1.45
13.34,-0.5
18.5,3.3
25.43,9.91
26.2,15.01
19.47,5.64
20.86,7.2
26.13,8.77
28.14,12.59
27.94,16.67
26.56,13.04
21.44,9.91
25.35,13.07
27.56,16.57
27.39,10.17
16.04,7.5
12.92,5.47
18.99,6.65
23.89,9.6
24.39,12.39
28.6,15.36
18.44,7.37
21.51,9.89
26.92,15.71
26.05,13.12
17.61,7.88
18.98,4.46
13.34,7.56
14.45,7.47
10.25,4.41
16.61,3.47
17.43,0.64
18.54,5.62
19.55,11.11
28.92,13.73
20.81,11.8
18.88,6.92
23.53,10.65
27.71,13.05
28.33,14.03
29.46,17.54
28.61,20.84
28.55,18.17
28.21,15.79
27.48,15.65
25.09,8.76
21.99,9.47
23.73,13.66
18.28,13.23
17.82,10.38
26.3,15.07
28.42,16.83
23.58,15.12
27.77,13.47
26.64,12.35
26.95,10.41
26.69,10.23
28.79,12.11
30.81,14.22
30.72,18.79
29.67,15.06
25.06,11.69
20.0,10.13
24.24,10.66
28.13,14.26
29.44,16.31
31.01,18.46
32.56,21.13
29.75,19.12
29.9,19.1
27.85,18.32
30.71,18.5
30.92,20.92
28.16,16.61
27.11,14.91
28.96,17.38
31.7,20.4
27.72,20.92
24.93,16.5
25.57,11.44
25.55,11.15
23.69,10.33
23.69,10.78
27.2,16.32
30.77,20.79
29.03,19.81
28.78,16.82
29.83,16.66
30.81,19.16
29.64,19.06
29.0,20.65
25.86,18.33
30.77,16.73
27.7,13.81
28.82,17.8
29.58,21.92
26.84,19.81
32.05,22.08
30.59,21.75
29.37,15.11
28.14,15.88
29.81,17.48
30.77,19.61
31.54,17.94
31.12,19.82
32.4,22.24
33.31,23.0
33.07,21.16
29.4,19.42
29.4,16.45
27.52,15.9
30.11,18.43
28.88,22.48
28.11,15.62
25.95,12.93
28.22,15.32
29.8,17.7
28.79,17.58
29.05,16.81
29.72,19.26
24.2,10.77
25.13,13.83
22.2,16.88
24.72,14.17
26.6,11.06
27.47,13.66
28.91,15.55
27.43,17.18
27.09,13.49
27.94,15.85
27.51,17.32
30.44,18.33
31.73,20.98
30.77,20.78
29.07,18.22
30.99,18.35
31.77,19.18
31.74,21.17
28.61,14.99
26.3,11.02
25.9,11.68
25.28,10.94
25.73,11.81
27.75,14.21
26.2,16.44
26.1,14.34
27.56,15.62
27.41,15.0
15.75,12.35
20.41,12.25
27.25,13.24
30.22,15.7
22.72,8.73
19.73,7.84
20.76,7.95
24.65,9.7
23.16,8.38
22.91,8.4
22.33,9.09
20.84,14.32
18.1,15.79
22.49,12.52
27.18,12.92
28.71,14.96
29.7,16.71
27.82,19.04
26.55,17.57
30.0,18.17
32.1,18.91
32.09,17.46
31.97,16.54
32.31,15.06
31.53,15.21
31.79,16.89
29.55,12.03
23.06,7.99
24.97,7.47
22.92,5.91
23.58,6.93
26.34,10.78
28.53,13.79
26.5,16.98
23.31,16.83
26.82,17.46
28.12,13.74
20.28,14.64
22.41,15.33
22.36,16.14
19.45,13.98
17.96,12.13
23.09,11.49
28.19,14.18
23.26,7.38
17.02,3.29
20.05,3.57
21.05,4.84
23.82,7.06
25.06,7.54
24.01,9.83
25.35,13.29
17.48,7.85
11.34,5.36
10.96,0.05
17.03,0.16
14.39,2.08
4.39,1.43
3.94,-1.11
8.19,-0.3
7.62,-0.27
15.36,2.42
19.9,12.83
16.11,6.86
19.12,8.82
23.46,9.52
12.31,6.59
9.16,4.42
11.55,-0.57
13.39,-1.77
2.88,-4.16
6.64,-3.47
8.93,2.08
7.3,1.39
11.4,0.84
9.97,0.82
4.32,-0.47
15.43,0.98
18.06,2.56
3.55,-3.73
9.71,-3.45
13.46,-2.41
5.03,-4.54
8.2,-2.81
14.01,-1.58
15.14,-2.12
12.25,-2.47
17.38,0.49
17.6,4.22
14.9,2.86
12.38,-2.46
12.09,-2.55
13.19,-1.86
14.97,-1.35
18.25,3.66
9.14,-2.39
7.15,-2.36
-0.25,-8.25
0.17,-8.83
-0.46,-6.71
3.16,-6.69
8.65,-4.59
-0.25,-8.13
7.43,-6.02
-0.24,-6.74
1.17,-4.85
10.66,-0.65
7.11,2.68
7.88,4.91
9.67,1.7
9.34,-1.92
12.75,-1.83
12.32,2.77
3.38,-1.07
1.23,-6.32
-2.32,-8.1
-5.68,-16.51
-9.22,-16.86
-5.55,-12.74
-3.91,-7.44
-6.11,-15.21
-9.52,-18.96
-12.42,-21.85
-8.22,-21.83
-4.08,-17.15
-7.41,-18.21
-8.54,-20.03
-6.95,-20.14
2.99,-10.27
3.15,-0.22
5.3,-0.48
14.65,4.07
14.77,-1.25
-0.51,-10.3
-5.18,-15.96
-5.77,-16.08
-2.28,-16.05
-12.0,-17.61
-5.98,-14.14
0.44,-12.27
4.32,-7.12
8.94,0.26
12.51,6.27
13.41,2.55
3.61,-0.98
-0.16,-5.96
8.12,-5.36
14.39,0.22
10.06,-2.35
11.53,-3.1
1.36,-5.18
0.85,-5.76
11.52,-0.94
6.38,-10.93
-4.21,-11.82
4.39,-6.49
3.41,-10.13
-2.21,-10.37
-0.04,-3.85
-0.57,-8.64
0.17,-8.23
10.51,-1.44
5.25,-0.66
1.48,-6.34
4.24,-6.78
6.99,-4.82
15.0,5.55
19.87,8.6
7.35,-1.83
2.54,-1.41
12.31,-1.36
22.99,12.35
25.39,11.72
11.37,3.51
11.07,3.87
16.17,7.8
15.13,7.0
9.21,-0.93
13.06,-1.0
16.42,0.66
13.3,9.8
14.24,0.27
9.28,-2.99
10.3,-2.35
10.95,-1.1
9.06,0.02
13.76,-0.6
3.76,-2.27
-0.1,-4.73
6.63,-3.97
10.27,-1.09
6.9,-1.99
5.26,-4.07
4.79,-5.36
5.25,-4.53
14.34,-3.01
8.45,-2.33
7.13,-1.9
14.59,-0.49
16.77,-0.01
2.67,-2.03
4.36,-4.66
8.06,-4.14
10.41,-1.85
2.02,-2.45
8.22,-1.68
14.66,3.4
13.4,10.28
14.25,10.47
14.65,5.42
9.46,0.05
15.79,1.54
9.47,-0.48
9.68,-0.09
23.42,1.22
3.16,-3.64
10.74,-1.78
14.94,-2.29
6.02,-4.74
6.35,-1.86
6.08,-1.43
7.16,-1.94
18.15,0.52
26.51,13.68
26.72,16.03
20.31,11.68
12.28,0.79
2.32,-0.48
10.75,0.7
22.45,1.86
12.59,-0.59
16.37,1.59
18.26,5.87
19.43,8.89
14.7,9.72
13.49,10.68
19.22,4.47
20.21,4.24
21.52,6.33
14.14,0.06
16.93,0.88
23.03,4.8
27.39,13.92
28.69,18.7
25.83,17.61
26.39,13.61
19.21,11.64
26.94,10.02
22.93,7.5
25.73,9.56
28.38,15.56
28.46,14.39
30.12,17.76
29.34,16.8
30.95,17.8
32.23,20.23
31.34,18.73
25.57,16.25
28.01,17.39
23.56,18.18
25.56,16.9
30.42,17.89
29.63,18.46
29.3,14.59
27.28,13.44
28.21,13.21
30.36,17.87
29.74,18.34
32.16,18.65
32.61,19.98
30.79,21.54
27.05,20.39
28.77,19.44
28.95,17.85
30.29,19.42
26.93,12.37
24.73,11.56
28.37,13.56
25.96,14.57
30.57,18.06
31.62,17.56
32.33,17.52
25.88,18.1
25.57,18.54
27.36,19.73
28.81,14.01
28.78,14.83
31.01,18.04
33.55,20.57
33.94,21.5
33.17,22.39
32.67,20.94
30.52,21.58
26.26,18.76
24.72,18.29
24.84,17.65
27.98,19.86
23.74,19.74
25.5,19.39
28.55,18.34
30.54,19.46
31.97,19.79
32.66,22.18
32.45,22.28
31.98,21.61
30.71,21.78
34.12,22.47
33.66,21.39
28.04,13.44
27.43,14.4
31.03,17.35
32.38,19.41
32.59,20.53
29.56,15.36
29.3,15.41
31.68,17.13
32.94,20.22
28.9,21.18
29.75,19.86
30.42,14.65
29.73,15.17
29.94,17.76
27.5,18.07
24.62,19.04
26.56,16.69
25.68,16.47
28.01,16.81
29.93,16.87
29.4,16.43
26.6,13.99
26.98,14.79
27.32,17.81
24.79,18.8
24.55,17.66
26.42,16.31
28.66,16.77
29.92,19.29
31.47,19.51
32.14,20.12
31.79,20.2
29.74,20.68
29.34,18.25
29.19,18.6
30.02,19.77
29.63,16.93
29.55,16.8
29.22,16.38
30.15,18.8
25.51,19.69
26.76,20.62
27.29,19.98
28.57,18.32
29.65,19.13
28.26,19.85
26.93,17.28
24.73,11.33
26.04,12.34
24.56,13.93
27.82,20.39
31.95,21.78
31.89,21.62
32.26,21.53
30.76,19.3
28.37,17.22
30.55,18.43
29.16,19.48
31.72,20.81
32.86,21.02
33.29,20.61
32.5,20.91
30.79,20.44
27.38,18.47
19.19,14.57
16.18,13.42
19.07,12.99
22.3,13.79
23.49,15.16
29.65,16.51
30.98,17.56
31.15,19.46
29.43,20.3
29.39,18.43
32.37,18.58
32.39,19.39
32.9,20.65
30.7,14.99
16.85,13.23
23.93,13.55
21.39,16.97
25.27,19.5
21.63,11.26
15.98,7.19
22.56,8.57
22.34,9.69
26.96,11.9
29.16,15.03
29.63,19.35
30.36,19.86
26.88,17.86
30.75,18.5
31.08,18.0
31.31,18.65
30.94,19.72
30.41,19.12
24.85,12.07
16.3,2.24
12.33,2.93
12.1,3.91
13.28,7.34
12.6,1.5
12.03,1.56
16.33,-0.36
14.45,-0.22
14.26,1.14
16.82,-1.66
11.9,-1.24
18.93,1.77
17.35,1.05
14.18,1.51
13.76,3.73
9.37,6.3
11.43,3.97
18.16,3.31
16.4,2.54
20.48,5.01
18.39,8.97
10.69,5.09
8.08,0.55
13.57,0.64
16.21,6.84
15.85,9.86
15.46,3.46
12.37,-0.99
6.19,-0.34
6.6,-5.8
2.54,-6.86
6.82,-5.81
6.93,-0.02
2.3,-5.69
0.61,-5.7
1.19,-1.36
3.76,-0.88
7.36,1.04
10.8,0.99
5.45,2.25
3.44,-2.38
8.01,-3.11
9.68,-2.65
11.09,-1.16
12.82,0.71
14.76,0.51
2.25,-4.95
-3.86,-7.03
0.25,-7.6
5.7,-0.8
10.54,5.06
14.38,7.45
17.18,3.89
4.43,0.27
1.25,-2.15
-0.4,-3.71
4.87,-6.56
3.06,-7.26
-2.4,-6.16
4.21,-7.94
0.97,-9.48
7.25,-7.75
10.46,0.61
9.55,3.47
10.54,5.61
8.24,3.29
9.33,-0.52
9.06,-3.52
7.49,-3.88
11.91,-1.84
8.46,4.94
6.37,-0.49
4.39,-1.66
2.78,-2.95
6.73,-3.21
8.0,-4.31
9.05,-3.87
13.52,4.16
13.98,-0.16
2.05,-2.74
6.29,-2.91
16.83,4.51
5.56,2.98
4.81,0.34
4.41,-1.64
10.23,-0.33
11.93,-0.74
11.67,-0.62
14.15,6.99
16.05,-1.97
-1.24,-6.35
-1.82,-6.75
0.85,-6.44
0.94,-2.06
0.2,-3.46
-0.23,-8.99
0.79,-5.67
1.91,0.05
4.4,0.82
2.2,0.38
3.13,-10.64
-7.7,-18.25
-7.11,-18.24
6.97,-8.63
10.37,-4.34
-0.5,-12.16
-3.19,-12.32
1.88,-3.87
-0.8,-6.63
8.76,-9.69
-6.09,-17.38
-15.54,-21.5
-7.69,-19.99
0.54,-7.85
9.39,-2.99
18.11,2.49
13.5,3.72
11.77,3.65
14.34,9.68
17.0,-6.78
-2.85,-10.19
-0.64,-9.97
2.14,-3.93
9.23,1.65
11.35,-3.79
3.25,-3.84
13.15,1.36
1.87,-4.31
2.49,-4.79
0.28,-2.2
0.2,-5.94
2.04,-5.99
8.23,-1.29
7.62,-1.68
5.92,0.7
14.86,4.09
7.4,-5.26
4.46,-5.62
10.29,-3.08
14.22,-1.64
1.65,-1.0
4.06,-0.9
5.08,-0.09
0.09,-10.71
-6.51,-13.37
-4.15,-12.65
-0.94,-10.67
2.18,-4.21
3.2,-0.67
15.18,1.34
9.36,0.05
10.61,-2.99
10.63,-2.7
21.09,6.2
21.56,6.55
7.01,-0.94
8.69,-3.29
11.24,-3.64
9.1,-3.64
10.49,-2.42
13.19,1.32
7.79,1.77
10.46,-3.36
13.76,-2.36
14.99,5.32
9.01,-2.2
9.22,-2.73
15.33,-1.17
21.93,4.98
16.33,11.07
15.31,-1.58
3.19,-4.86
8.13,-3.24
14.85,-0.26
16.44,3.45
21.28,8.64
15.34,9.06
20.39,9.69
20.73,12.54
22.87,10.03
21.15,5.4
21.04,7.67
27.09,10.09
19.42,4.9
19.36,6.39
22.73,1.95
12.09,2.12
24.73,7.1
24.31,13.15
23.24,6.29
8.31,2.71
6.48,2.46
20.33,4.48
24.76,10.06
24.72,9.59
20.37,10.17
20.33,9.35
17.9,4.93
16.55,5.86
12.47,5.52
25.03,7.87
25.84,12.75
26.73,13.98
23.1,15.51
21.87,14.48
16.13,10.31
21.49,7.62
24.72,9.49
25.9,11.73
28.14,13.78
23.52,12.03
14.6,6.67
18.59,7.35
11.14,8.16
13.4,4.75
20.19,6.9
21.19,8.62
25.31,12.8
29.26,15.66
30.16,19.28
23.75,13.97
21.57,8.89
20.26,9.9
25.11,17.68
28.95,18.15
31.05,18.12
30.22,20.06
29.45,16.43
28.52,19.23
30.06,22.0
26.17,17.46
24.38,16.65
25.76,14.01
27.27,16.42
25.94,8.2
23.96,11.17
26.72,15.9
29.56,17.55
28.36,18.7
25.59,18.88
23.74,19.12
25.71,19.5
23.15,9.16
24.05,10.59
24.58,13.44
19.45,7.56
23.89,12.19
24.45,17.38
26.12,18.48
26.77,18.82
26.54,18.66
27.81,19.42
22.68,15.45
25.58,16.55
24.14,16.35
28.5,18.42
24.7,16.82
28.35,17.42
31.26,19.17
30.81,18.66
31.73,19.67
32.23,21.07
32.42,18.8
31.67,20.28
32.74,20.45
30.07,20.01
31.19,20.6
32.39,21.44
30.43,20.9
31.29,20.03
29.58,17.94
31.61,19.4
32.88,21.42
31.08,17.38
29.36,14.22
31.7,17.0
32.13,20.44
31.37,21.98
30.52,22.07
30.53,21.12
32.8,23.15
32.8,22.44
33.3,22.65
32.65,21.58
25.63,14.71
26.14,13.33
26.15,12.97
27.41,14.35
29.04,15.63
30.37,17.76
30.85,18.82
30.74,19.47
29.57,17.98
28.43,16.15
30.11,17.73
29.57,15.93
30.02,14.89
30.79,16.07
31.65,17.37
30.28,18.43
29.56,17.15
30.94,18.23
30.03,14.65
28.73,14.02
30.07,17.55
28.36,20.67
30.01,18.95
31.06,16.21
28.88,15.59
30.21,17.71
30.15,19.92
33.1,19.64
33.31,20.52
31.78,18.86
29.92,19.67
26.29,18.58
23.69,12.43
25.43,13.3
27.53,15.53
21.64,19.98
26.16,14.73
25.81,11.65
27.88,14.31
29.4,18.99
24.38,17.31
29.43,17.82
27.92,15.33
29.72,17.71
28.47,13.52
25.24,12.15
27.83,14.08
23.83,11.92
25.18,14.54
30.04,16.09
34.17,18.63
32.59,18.82
32.81,19.58
33.0,15.69
27.44,13.01
30.61,15.98
32.04,17.14
28.92,14.71
30.41,15.13
30.59,15.78
30.26,17.77
30.94,15.84
30.97,18.29
27.66,9.06
25.94,10.14
29.42,13.13
25.75,9.3
32.17,13.12
32.39,18.49
32.91,17.9
33.95,17.46
33.51,17.84
33.53,17.5
31.88,11.31
21.89,8.38
26.62,9.42
22.76,12.47
19.67,5.35
22.62,5.98
23.79,8.04
26.82,11.93
22.43,1.39
13.64,0.34
20.29,1.46
20.07,2.59
23.6,4.86
10.35,1.62
15.3,0.78
17.65,1.55
22.16,4.32
24.11,10.06
21.76,10.6
16.36,2.51
18.78,3.15
19.75,7.32
14.94,9.26
18.14,10.33
18.27,3.55
20.18,4.53
16.18,9.32
13.22,10.22
10.43,-2.48
8.48,-2.92
10.8,-2.54
11.95,-1.67
15.62,2.6
10.88,-1.73
12.49,-0.86
5.94,-6.71
2.36,-6.89
8.45,-2.81
17.6,3.79
12.49,-9.1
-5.22,-13.28
-0.33,-11.7
5.71,-5.67
6.44,-5.6
7.81,-4.43
8.89,-3.75
5.39,-0.85
7.86,-1.25
8.55,3.08
12.36,4.49
7.14,-1.58
3.74,-0.16
9.68,0.23
14.41,1.91
14.6,4.73
13.29,1.49
3.35,1.35
6.04,2.34
13.57,2.95
9.21,0.8
2.61,-0.77
3.69,-0.75
10.0,-2.95
10.77,-3.37
9.35,-5.02
7.2,-4.82
13.12,-1.48
13.47,-2.05
-1.91,-8.24
2.51,-7.52
6.35,-5.32
8.06,1.15
6.23,-1.19
1.67,-1.46
0.83,-1.15
1.9,-6.02
-1.23,-10.7
3.77,-9.12
7.57,-6.36
11.52,-4.12
12.45,-3.74
14.72,-2.56
15.56,-2.31
18.49,-1.12
17.47,7.84
14.62,6.29
15.5,6.62
16.21,5.12
5.21,1.21
2.74,0.07
8.95,-0.31
10.45,5.66
10.68,3.66
3.61,-2.24
8.79,-2.49
8.5,-2.68
8.77,-2.23
4.17,-3.07
13.94,-2.52
17.16,9.52
18.31,2.22
5.43,1.25
7.74,1.46
9.56,-0.33
12.86,0.68
4.36,-5.26
2.1,-4.98
10.53,-8.36
-7.75,-10.32
-2.97,-8.81
-0.03,-9.32
3.7,-8.59
8.41,-0.15
7.67,1.19
1.63,-0.65
6.82,-3.24
3.06,-2.87
1.53,-0.14
2.0,-0.22
3.68,-0.2
3.33,-0.21
5.52,-0.13
17.55,1.12
19.7,4.19
13.89,-0.19
2.64,-0.35
0.53,-3.02
1.06,-3.13
1.92,-4.96
9.78,-3.57
7.01,0.2
5.12,-1.9
2.37,-1.24
2.69,-12.34
-4.37,-13.09
6.98,-9.57
9.99,-2.06
11.63,-0.31
10.15,-3.99
6.22,-4.15
0.79,-9.94
3.21,-9.74
9.53,-6.84
13.25,0.62
6.75,4.24
7.51,1.71
2.89,-3.98
1.75,-4.23
2.36,-7.37
3.54,-6.96
16.65,-3.32
12.13,8.54
14.35,-0.08
15.95,-1.32
15.34,-0.58
2.4,-4.69
10.27,-4.49
18.1,-0.26
17.83,8.78
13.38,5.62
10.62,3.54
16.57,4.32
11.03,1.53
5.74,0.94
7.05,1.01
8.84,3.33
11.88,2.9
15.42,4.53
19.85,11.6
21.6,0.26
3.15,-1.82
5.8,-1.32
11.02,2.3
11.69,3.07
17.03,3.55
20.36,6.69
23.46,12.57
25.8,16.05
18.28,7.89
16.26,4.82
8.02,4.24
11.49,0.15
16.33,2.54
20.6,6.34
21.64,7.6
14.43,7.23
21.09,8.67
26.17,14.02
27.28,7.39
12.82,0.35
10.87,0.92
16.89,5.39
16.98,9.69
9.53,0.71
8.66,-3.21
10.79,-4.12
10.1,-0.23
10.9,1.15
12.61,1.75
14.41,3.11
18.62,5.17
14.08,-0.22
21.53,3.94
12.95,9.9
19.4,7.39
19.6,6.71
15.58,1.78
19.24,5.9
24.35,14.02
18.21,7.11
9.6,6.14
19.89,6.97
27.78,13.08
22.21,6.26
20.86,7.48
9.08,4.41
15.32,2.56
19.51,7.3
12.19,-2.3
12.98,0.79
17.85,3.05
10.04,1.41
15.82,4.7
14.23,8.25
27.39,13.88
23.26,15.84
26.43,17.27
25.8,16.03
19.76,14.28
18.14,11.66
14.33,11.32
17.97,12.77
24.84,14.26
27.85,16.97
30.08,17.38
30.78,17.61
29.93,19.01
25.85,18.73
27.25,17.45
24.28,12.96
22.9,10.5
22.05,7.32
24.93,12.2
30.89,18.27
31.33,20.29
29.12,18.02
30.53,18.33
32.55,16.03
28.91,15.78
30.5,18.88
28.9,22.75
31.43,14.96
26.99,12.64
29.17,12.43
25.71,12.88
23.8,10.99
25.08,12.82
27.23,13.7
28.22,14.23
28.5,16.07
31.22,17.05
32.33,17.91
29.47,19.07
29.55,19.63
25.97,15.76
26.88,14.01
28.74,16.8
30.62,21.2
25.6,19.84
27.11,21.0
30.33,20.21
29.36,20.12
31.73,19.57
31.73,18.11
32.32,19.35
33.61,19.73
33.64,20.25
32.48,20.09
32.76,20.66
32.85,20.43
33.21,21.14
29.62,18.4
30.99,17.21
28.04,15.83
28.37,15.46
30.53,16.61
31.63,20.6
27.29,17.62
30.85,19.66
32.58,22.41
33.28,20.99
31.69,20.94
32.14,20.32
28.77,20.89
29.44,18.57
30.18,17.44
30.83,18.75
32.92,21.61
31.75,20.53
29.89,17.52
31.1,19.98
23.12,19.75
25.91,19.74
27.48,17.42
26.58,17.49
27.18,16.72
24.75,12.12
23.91,13.48
25.63,14.28
26.64,13.12
28.4,15.62
30.86,18.12
29.09,19.24
28.65,19.36
28.54,19.95
29.89,20.14
26.89,18.87
29.99,18.51
28.12,15.87
29.24,17.12
23.75,13.66
25.28,12.52
26.56,14.37
27.56,16.79
27.26,17.89
28.69,18.45
30.65,19.66
31.88,19.81
30.97,21.25
27.99,22.44
28.16,20.59
28.93,13.59
26.04,15.9
26.38,17.54
27.58,19.94
27.51,20.32
28.84,15.58
25.84,9.61
26.92,11.73
26.88,15.76
29.4,16.91
30.4,16.21
30.75,16.61
29.83,18.27
23.03,17.03
28.68,17.53
27.29,13.98
25.87,10.95
22.8,8.54
25.83,9.09
27.08,10.67
19.78,5.93
20.4,4.49
22.82,5.64
23.49,6.24
24.12,8.17
22.71,10.07
24.54,10.42
26.04,11.7
24.77,13.61
26.24,13.84
18.87,6.23
17.81,6.53
23.95,5.22
19.71,2.53
16.87,4.07
18.6,7.03
17.0,0.36
17.48,1.67
22.72,5.1
28.9,6.74
25.75,7.46
27.65,9.17
23.4,16.27
25.33,16.45
24.48,4.72
20.84,4.78
25.36,6.5
16.81,0.04
14.35,-1.15
16.96,0.76
15.85,9.34
12.62,8.0
16.62,8.82
20.58,12.12
27.24,13.03
25.21,6.68
12.36,5.78
10.97,6.18
9.4,7.14
10.85,7.21
12.04,8.72
10.78,4.61
9.88,-0.99
14.57,0.45
10.79,-3.13
9.79,-2.49
18.36,0.71
21.99,5.37
19.56,3.66
21.45,3.39
23.4,3.88
26.65,8.7
26.16,10.55
25.53,11.78
12.76,-0.01
12.9,-0.07
13.36,-2.28
17.04,-0.05
13.66,1.54
13.16,0.87
6.2,-2.39
9.86,-1.9
18.47,5.58
17.68,9.02
9.94,6.59
9.72,1.46
9.25,1.85
10.48,4.22
14.6,7.69
10.58,7.32
12.69,-0.23
9.7,-2.64
11.91,-2.5
2.69,-1.98
0.71,-6.36
6.57,-5.93
6.73,-3.77
7.15,-2.58
6.83,-4.15
3.33,-3.86
0.79,-1.9
2.38,-1.12
13.3,-1.92
16.04,-1.85
17.71,4.39
16.36,3.72
5.63,2.09
2.18,-6.53
1.69,-5.93
1.03,-1.68
0.17,-5.62
3.67,-5.78
5.24,-0.06
6.72,0.27
8.94,0.32
7.5,-0.73
13.27,-1.29
-1.7,-11.01
-7.58,-11.78
3.46,-9.86
11.59,-1.79
2.26,-3.34
5.39,-4.13
11.1,-2.27
0.17,-2.53
10.02,0.37
3.56,1.18
2.45,-2.0
7.72,-1.78
1.75,-0.25
2.77,-0.7
3.72,-0.69
0.36,-2.0
0.37,-7.61
0.25,-7.41
-1.55,-4.69
2.93,-4.14
8.15,-2.15
8.98,-0.32
6.2,-1.5
1.45,-1.32
1.34,-1.55
1.94,-2.23
6.79,-2.77
3.02,-2.67
10.51,-2.16
2.78,-10.09
1.84,-9.89
1.09,-1.62
3.19,-0.56
7.05,-0.72
0.52,-8.48
-0.82,-11.05
1.46,-10.8
3.24,-3.74
5.16,-2.61
-1.15,-6.39
0.91,-6.8
2.43,-5.76
3.75,-4.06
2.87,-6.3
1.83,-11.39
-5.34,-12.19
1.42,-8.78
-1.15,-6.19
-4.67,-7.51
-3.38,-7.56
-1.27,-6.57
-2.25,-9.1
-3.52,-9.65
-6.74,-11.68
-6.56,-17.16
-4.24,-15.97
-1.22,-10.98
-2.12,-14.76
0.69,-11.41
7.95,-8.62
4.54,0.95
12.66,-0.17
16.8,-2.46
8.39,-2.24
8.01,-0.54
13.57,6.38
16.48,2.11
7.96,-4.76
7.33,-4.66
17.11,-2.42
11.6,-4.21
8.7,-4.51
9.01,-4.15
11.01,-3.66
18.62,-1.29
19.29,0.87
20.92,8.79
18.21,7.03
15.9,4.54
12.45,-0.53
11.07,0.94
4.96,0.95
14.06,2.92
17.04,5.7
15.28,-0.19
10.65,-1.99
16.18,-1.77
19.37,1.59
19.92,4.33
20.07,9.17
22.69,6.58
17.72,7.99
13.69,4.05
23.32,6.41
10.88,-1.83
15.18,-0.01
23.03,5.42
11.22,-1.72
4.34,-5.42
9.29,-3.84
17.93,0.85
23.62,5.37
24.9,7.41
25.63,9.11
27.37,12.93
21.11,10.7
26.93,11.57
18.27,8.89
11.55,8.13
20.37,7.74
19.33,8.96
17.04,3.04
13.23,0.18
16.81,2.6
13.89,1.1
17.89,3.01
19.96,2.73
17.74,-1.22
7.95,-1.45
12.65,-0.41
16.21,3.7
11.97,6.42
17.47,3.15
24.16,7.31
27.84,16.78
26.54,17.36
20.5,9.6
21.55,1.49
22.58,4.76
25.04,13.43
22.6,15.37
21.17,9.08
16.65,3.15
17.45,4.27
17.42,1.96
15.28,4.79
16.67,1.94
16.34,4.68
15.95,3.85
17.09,2.82
19.37,3.78
21.32,5.0
22.35,10.61
21.16,12.7
20.78,13.7
25.59,14.19
27.02,15.05
28.83,14.68
28.66,13.38
29.47,14.64
29.79,15.9
30.94,16.01
30.87,18.14
25.43,16.94
27.37,17.77
21.93,8.01
14.52,4.53
19.08,6.9
23.24,10.39
23.68,14.5
18.54,16.12
22.53,13.98
29.39,14.43
29.15,16.64
27.83,19.33
27.45,20.23
25.39,20.6
25.27,20.72
27.03,20.27
30.46,19.36
32.89,19.81
31.2,14.73
30.92,13.46
27.06,13.0
26.86,12.88
29.35,15.58
32.13,18.47
28.08,18.06
30.52,22.32
27.66,12.36
21.92,10.22
24.98,12.49
27.84,18.71
27.36,21.89
29.68,21.6
31.38,20.69
32.39,20.97
33.84,21.3
28.72,20.36
25.77,15.29
24.18,13.34
25.73,14.87
29.95,18.71
31.23,19.73
31.65,19.47
30.72,20.83
27.31,16.33
23.89,16.09
25.81,17.5
26.08,20.07
27.89,20.83
27.23,18.95
28.84,20.15
30.76,20.54
28.24,20.46
27.0,19.26
27.27,17.11
28.02,17.3
28.64,17.26
27.1,16.23
27.5,16.1
28.77,16.96
30.15,19.05
30.53,20.92
31.51,17.07
30.84,18.0
30.68,19.95
30.84,20.3
27.84,17.62
22.88,13.88
26.98,12.38
25.73,13.36
27.01,13.39
27.53,14.97
29.04,16.37
28.37,18.49
29.88,18.58
30.74,19.54
25.82,21.51
31.92,22.72
32.32,23.62
33.49,21.14
30.36,20.52
28.13,18.59
24.78,18.18
27.37,19.19
29.04,19.25
30.62,20.38
29.78,18.92
30.74,18.98
31.07,18.85
32.28,19.56
32.78,20.13
33.22,21.04
30.39,19.99
33.15,20.23
33.03,20.29
32.7,21.32
32.07,21.03
25.4,20.09
25.62,18.45
26.43,12.98
26.17,13.03
25.98,14.54
26.0,17.57
26.3,12.57
28.51,13.94
28.75,16.89
27.24,11.81
24.98,11.08
26.08,12.11
27.51,15.12
29.41,17.95
29.89,18.43
30.47,19.32
24.88,14.68
27.84,15.71
30.87,16.96
31.8,17.69
29.95,19.05
22.62,18.4
23.93,13.91
15.14,9.82
18.96,6.37
23.1,8.2
21.23,6.93
24.11,9.03
28.83,14.74
28.84,14.52
29.16,13.74
26.98,12.15
26.51,12.14
24.43,14.61
23.44,16.49
22.9,14.62
25.9,15.48
24.72,16.85
24.76,15.85
25.89,14.65
28.01,14.88
28.66,17.68
27.52,17.9
20.95,11.6
25.14,12.45
27.7,18.51
24.15,9.95
16.72,4.66
19.95,4.3
21.62,4.86
21.77,6.12
22.76,7.0
21.43,9.64
12.39,7.27
15.51,7.71
22.86,12.35
16.56,8.35
14.4,1.32
15.1,1.52
12.65,8.53
15.92,10.58
13.12,9.21
17.09,2.25
12.56,2.09
9.63,-3.05
9.9,-2.89
10.76,-2.97
11.96,-2.79
14.49,-1.85
17.69,-0.92
21.05,1.86
17.64,2.9
20.68,5.91
17.26,3.01
10.71,1.32
4.27,0.58
4.98,-2.72
5.06,-2.23
16.29,-0.52
19.13,4.16
8.38,-3.87
5.78,-4.27
11.79,-1.32
7.81,-1.62
4.67,-6.86
5.84,-6.98
12.81,-1.11
8.84,-3.7
1.67,-4.09
9.12,-0.26
8.01,-6.09
7.11,-6.48
12.67,-1.17
11.2,2.97
18.19,1.24
16.89,1.62
12.77,0.1
16.74,1.69
6.1,-6.12
-1.85,-5.76
5.23,-5.34
14.27,-1.52
18.78,9.04
17.06,-2.58
9.16,-3.21
12.05,-2.06
14.34,-1.62
18.05,11.82
16.32,-1.34
8.24,-1.13
11.67,-1.7
1.93,-5.67
6.65,-5.72
7.32,-5.34
2.69,-5.85
11.4,-4.06
17.48,9.07
20.34,6.9
15.25,5.89
20.45,5.38
11.38,4.33
9.38,5.64
9.03,5.55
17.37,8.54
14.15,2.44
1.84,-5.87
1.06,-7.09
6.07,-6.53
6.37,-9.07
-6.9,-12.75
-6.98,-13.08
6.04,-11.12
6.47,-8.61
-0.08,-11.05
1.56,-10.68
10.02,-1.56
8.14,-2.11
1.67,-3.38
0.13,-6.67
0.89,-6.87
-2.13,-4.19
5.93,-4.5
9.72,-6.8
-3.55,-8.48
-2.9,-13.67
0.44,-13.57
2.57,-8.93
4.57,-7.25
-1.73,-15.26
-4.26,-15.76
1.75,-9.92
-1.19,-17.78
-3.11,-17.76
5.19,-8.03
5.29,-6.91
15.94,-0.51
7.71,-1.22
-1.19,-7.19
-4.51,-11.81
-4.84,-12.65
3.41,-10.2
2.05,-10.26
8.21,-8.53
10.98,-1.19
6.43,-2.89
12.28,-1.96
-1.34,-8.07
-2.27,-9.97
0.28,-9.52
12.0,-7.23
16.76,7.84
12.75,-5.11
1.67,-5.89
0.26,-6.84
14.8,-4.36
17.63,3.9
16.47,-2.22
-1.25,-2.83
2.42,-1.81
-0.32,-3.89
3.0,-5.89
9.53,-5.67
11.45,-3.8
19.14,1.61
20.56,2.06
8.03,-1.26
12.94,-1.09
23.82,7.29
21.09,11.67
14.53,0.36
4.87,0.36
9.49,-1.62
11.33,-1.3
7.65,-8.37
-2.27,-8.59
11.27,-3.83
17.96,2.92
19.79,2.44
21.92,2.95
22.59,5.0
17.54,8.32
8.92,2.16
17.42,1.91
21.58,3.73
18.75,9.35
19.84,6.53
11.86,4.75
7.21,2.27
4.58,-2.39
5.76,-6.32
6.52,-4.97
8.91,0.23
26.45,8.01
8.73,1.09
6.61,-3.16
12.39,-0.97
15.51,2.07
16.03,5.05
13.41,6.08
13.83,5.67
11.59,1.81
8.87,1.12
7.13,-2.11
17.95,0.45
17.62,10.64
21.86,11.31
20.67,4.16
16.42,4.19
21.65,7.93
17.53,1.37
10.77,1.79
6.84,0.84
11.57,1.82
19.34,6.63
18.44,7.09
26.15,10.81
29.03,15.99
28.26,18.23
20.26,3.24
14.79,1.67
18.45,4.43
18.77,7.45
22.65,11.64
25.83,13.46
22.94,6.14
22.27,10.12
25.9,10.1
15.25,10.24
16.72,11.99
22.1,9.69
16.98,7.84
21.46,9.84
25.9,12.54
28.95,17.0
30.3,11.78
29.79,14.52
29.15,14.82
29.4,13.59
30.18,12.95
25.16,10.49
27.69,13.03
22.75,14.86
27.57,15.93
30.52,20.54
28.9,17.05
19.9,10.66
18.45,9.8
23.91,11.64
28.63,18.15
22.34,14.08
19.77,11.11
22.72,12.18
27.44,15.14
30.66,17.51
30.8,18.03
30.75,19.04
24.1,12.36
26.75,11.21
28.03,12.49
28.13,15.41
26.98,18.25
27.04,16.05
28.11,13.9
24.94,13.66
22.24,14.37
25.43,15.17
29.04,19.72
33.21,23.6
34.14,22.99
33.62,23.02
33.12,23.99
30.14,15.28
25.84,10.65
26.18,11.64
30.11,12.88
33.23,17.61
34.05,15.56
29.8,14.11
30.61,14.81
30.51,17.59
28.69,14.27
26.28,10.09
25.82,9.63
29.24,13.46
32.56,20.37
32.52,20.75
30.18,19.24
30.47,17.02
32.34,21.33
35.24,23.39
34.12,22.34
27.68,21.62
25.01,20.22
26.19,15.86
29.41,16.63
30.28,19.8
30.28,16.58
29.88,17.78
29.07,15.68
28.89,19.89
31.23,21.35
24.06,20.87
28.5,18.88
30.55,20.81
33.07,19.99
31.16,19.2
32.55,20.3
31.05,22.48
31.81,22.17
26.99,19.99
25.46,19.27
28.3,20.85
30.18,20.82
26.91,14.56
27.3,17.31
26.34,18.54
29.27,19.61
27.88,18.6
32.26,21.24
28.32,21.07
28.26,21.55
30.51,20.49
31.49,21.25
31.58,21.69
29.4,21.4
27.38,15.77
28.5,15.12
25.14,12.97
26.95,15.59
25.99,18.1
26.45,15.25
27.31,15.32
27.35,14.75
28.67,14.64
29.48,16.58
28.84,18.12
26.62,17.36
26.2,15.38
27.45,13.69
28.78,14.4
29.1,16.44
29.24,17.24
29.59,18.43
32.33,20.83
31.43,20.03
28.47,13.57
27.18,13.5
29.35,15.11
29.69,17.94
24.75,18.78
26.87,19.52
27.6,20.15
25.93,16.0
26.31,13.04
25.97,13.32
28.84,16.01
28.31,18.41
25.94,13.91
21.81,12.33
21.09,12.6
26.55,12.86
27.77,12.71
28.16,13.59
28.52,13.67
28.92,16.19
28.15,15.34
30.7,16.33
34.1,16.65
21.33,6.23
19.85,7.88
24.81,12.33
23.34,10.21
20.37,5.06
19.02,3.76
16.11,4.62
19.71,5.48
21.71,6.56
23.25,7.23
21.76,6.61
21.19,3.0
22.22,3.27
24.56,5.37
23.88,7.93
16.19,0.31
14.74,-0.41
17.94,1.84
22.86,4.91
23.78,7.15
24.3,6.49
17.87,1.08
19.62,2.33
17.31,2.83
22.19,4.77
9.68,1.17
6.56,0.05
12.11,-2.21
14.67,-0.38
22.25,5.44
24.77,10.2
25.2,8.76
25.0,9.97
23.2,7.96
11.83,-0.17
14.69,1.24
19.47,3.15
20.8,4.34
16.32,9.28
17.62,12.54
19.95,7.0
17.69,6.01
22.64,5.99
24.28,10.91
21.95,7.77
21.7,5.01
19.33,5.93
17.1,4.21
23.32,4.52
22.24,7.16
16.87,-0.42
0.02,-1.87
3.57,-1.84
6.53,-1.8
5.41,1.48
2.77,-1.9
-0.06,-3.29
1.3,-7.95
2.07,-8.29
1.49,-8.14
9.1,-5.69
13.74,-4.93
15.37,-3.79
17.35,-2.13
12.3,-3.71
12.72,-3.56
12.33,5.34
7.77,4.64
15.76,1.05
3.3,-6.75
4.15,-7.16
13.58,1.47
11.61,-6.72
5.61,-6.96
7.97,-4.35
11.0,6.28
10.05,5.09
7.21,4.45
9.22,4.53
7.88,4.29
7.65,2.32
7.12,-0.93
7.74,-0.95
12.54,4.94
7.05,1.04
4.66,-0.84
0.72,-4.54
0.96,-8.12
0.64,-7.91
7.38,-6.35
6.29,-5.81
6.73,-22.34
-16.77,-22.66
-9.03,-16.94
-6.96,-14.33
-3.24,-9.06
-0.36,-4.67
9.58,-3.65
14.22,8.45
16.09,8.74
