20170101
7.82,-1.6
12.47,5.87
12.94,-3.77
-1.77,-7.11
-5.92,-14.23
-9.74,-15.9
-8.5,-16.6
-5.51,-15.15
4.36,-6.42
12.78,-1.55
18.01,0.29
18.53,-1.21
1.57,-1.17
2.74,0.22
3.62,0.25
14.78,3.35
15.2,2.88
4.8,1.72
10.43,2.49
14.92,7.46
18.14,5.82
15.97,6.5
8.9,3.6
7.25,1.83
14.83,1.59
2.54,-1.14
1.75,-3.96
1.39,-3.81
-0.21,-6.8
6.71,-7.61
7.81,2.9
6.0,-2.35
1.85,-5.49
-0.87,-11.53
4.33,-11.53
10.75,-2.39
15.82,-1.26
15.87,2.42
5.48,-4.6
-2.73,-9.53
12.05,-4.96
18.33,8.99
15.55,-2.85
9.43,-2.94
11.44,1.49
6.91,-2.3
8.82,-0.43
19.61,3.9
17.44,5.94
15.98,1.54
19.69,3.44
18.31,8.87
20.05,11.95
20.5,13.27
24.67,2.53
1.82,-6.48
8.45,-5.51
10.43,4.74
17.89,8.26
15.33,0.76
7.11,-1.89
3.74,-2.99
9.78,-1.56
19.25,0.01
17.04,9.35
13.47,5.11
15.87,1.86
21.06,0.94
6.1,-3.96
2.58,-6.15
3.66,-5.14
3.2,-4.6
0.19,-6.91
1.43,-8.1
6.19,-6.27
8.77,0.8
5.97,-1.36
10.33,0.42
16.63,4.56
16.68,-0.72
6.31,-1.95
15.27,-1.17
24.01,13.16
25.03,13.41
18.69,6.69
20.11,7.93
15.31,8.51
16.51,8.08
24.75,11.15
13.06,4.68
9.94,2.4
18.71,4.7
20.73,12.36
19.8,8.4
24.01,5.47
8.48,1.41
13.24,-0.56
18.34,3.43
25.32,10.0
26.13,14.95
19.42,5.6
20.78,7.43
25.98,8.84
28.07,12.77
27.76,16.73
26.46,13.15
21.37,10.14
25.13,13.42
27.45,16.6
27.32,10.26
15.98,7.53
12.79,5.51
18.79,6.77
23.76,9.76
24.3,12.44
28.5,15.44
18.32,7.36
21.51,9.9
26.9,15.84
26.15,13.15
17.62,7.93
18.92,4.38
13.27,7.76
14.56,7.48
10.0,4.35
16.43,3.43
17.34,0.47
18.43,5.91
19.31,11.18
28.85,13.74
20.85,11.84
18.77,6.8
23.45,10.61
27.68,12.95
28.28,13.93
29.36,17.69
28.53,20.98
28.43,18.09
28.18,15.9
27.48,15.84
25.03,8.7
21.9,9.38
23.7,13.72
18.31,13.23
17.66,10.33
26.25,15.25
28.34,16.81
23.45,15.1
27.64,13.38
26.52,12.24
26.9,10.31
26.67,10.09
28.71,12.04
30.81,13.97
30.67,18.85
29.54,15.08
24.96,11.49
19.84,10.04
24.17,10.45
28.06,14.2
29.34,16.25
30.94,18.29
32.45,21.13
29.52,19.08
29.8,19.07
27.75,18.18
30.67,18.4
30.88,20.94
28.15,16.61
27.04,14.83
28.85,17.42
31.61,20.54
27.7,20.87
24.89,16.48
25.49,11.3
25.52,10.97
23.58,10.18
23.64,10.64
27.13,16.5
30.73,20.86
29.01,19.81
28.72,16.68
29.76,16.51
30.87,19.18
29.53,18.98
29.03,20.69
25.81,18.31
30.76,16.7
27.57,13.61
28.71,17.94
29.5,21.83
26.69,19.73
32.03,22.14
30.65,21.67
29.32,15.0
28.12,15.8
29.73,17.45
30.78,19.63
31.58,17.82
31.14,19.74
32.36,22.3
33.17,22.85
32.86,21.14
29.35,19.38
29.39,16.4
27.53,15.82
30.06,18.54
28.84,22.46
28.08,15.57
25.94,12.77
28.22,15.33
29.78,17.72
28.75,17.47
29.04,16.67
29.64,19.34
24.19,10.62
25.07,14.02
22.19,16.9
24.64,14.14
26.58,10.93
27.47,13.68
28.91,15.53
27.47,17.3
27.01,13.47
27.95,15.8
27.43,17.3
30.36,18.26
31.69,21.1
30.67,20.9
29.0,18.16
30.9,18.34
31.72,19.14
31.62,21.28
28.56,14.99
26.24,10.9
25.87,11.61
25.21,10.89
25.68,11.73
27.71,14.29
26.09,16.45
26.17,14.16
27.54,15.61
27.33,14.79
15.72,12.19
20.03,12.13
27.07,13.09
30.07,15.53
22.81,8.65
19.53,7.74
20.61,7.83
24.48,9.68
23.03,8.24
22.83,8.25
22.29,8.93
20.82,14.22
17.92,15.68
22.37,12.4
27.05,12.78
28.53,14.82
29.53,16.59
27.79,18.91
26.38,17.46
29.84,18.05
31.98,18.81
32.04,17.38
31.91,16.41
32.32,14.99
31.4,15.08
31.67,16.81
29.51,11.94
23.0,7.95
24.88,7.4
22.78,5.89
23.45,6.96
26.21,10.76
28.39,13.71
26.41,16.94
23.23,16.8
26.71,17.44
28.05,13.76
20.23,14.63
22.38,15.33
22.34,16.14
19.46,13.98
17.94,12.08
23.01,11.52
28.06,14.13
23.17,7.37
16.93,3.27
19.88,3.55
20.9,4.84
23.67,7.03
24.95,7.5
23.95,9.8
25.24,13.24
17.35,7.83
11.23,5.36
10.85,0.03
16.95,0.15
14.49,2.07
4.36,1.41
3.89,-1.11
8.16,-0.3
7.52,-0.24
15.35,2.43
19.88,12.95
16.03,6.86
19.07,8.82
23.46,9.53
12.34,6.57
9.12,4.42
11.52,-0.59
13.31,-1.8
2.78,-4.14
6.6,-3.47
8.91,2.05
7.14,1.37
11.34,0.83
9.95,0.78
4.2,-0.48
15.33,1.0
18.03,2.54
3.48,-3.72
9.66,-3.46
13.41,-2.44
4.98,-4.6
8.18,-2.8
13.96,-1.63
15.11,-2.2
12.2,-2.55
17.28,0.33
17.53,4.15
14.85,2.77
12.34,-2.54
12.06,-2.62
13.15,-1.9
14.94,-1.38
18.2,3.69
9.08,-2.42
7.12,-2.41
-0.3,-8.3
0.14,-8.84
-0.54,-6.76
3.08,-6.76
8.55,-4.68
-0.31,-8.16
7.37,-6.08
-0.35,-6.84
1.15,-4.9
10.63,-0.64
7.07,2.66
7.87,4.85
9.63,1.63
9.3,-1.98
12.7,-1.87
12.3,2.74
3.42,-1.09
1.18,-6.36
-2.38,-8.13
-5.74,-16.58
-9.29,-16.93
-5.61,-12.76
-3.99,-7.41
-6.22,-15.23
-9.55,-19.06
-12.56,-22.09
-8.35,-22.05
-4.14,-17.22
-7.45,-18.41
-8.63,-20.21
-7.07,-20.26
2.85,-10.29
3.05,-0.28
5.14,-0.57
14.64,4.03
14.59,-1.25
-0.31,-10.38
-5.26,-15.9
-5.85,-16.0
-2.3,-16.13
-12.0,-17.58
-6.02,-14.07
0.4,-12.28
4.15,-7.2
8.9,0.21
12.41,6.09
13.3,2.47
3.63,-0.98
-0.18,-6.06
7.86,-5.44
14.2,0.23
9.91,-2.44
11.45,-3.1
1.34,-5.14
0.75,-5.72
11.49,-0.9
6.36,-11.11
-4.28,-11.93
4.37,-6.51
3.39,-10.2
-2.26,-10.4
-0.05,-3.85
-0.71,-8.73
0.06,-8.32
10.48,-1.5
5.35,-0.7
1.46,-6.37
4.21,-6.82
7.02,-4.88
14.97,5.63
19.86,8.58
7.25,-1.94
2.5,-1.46
12.32,-1.45
22.98,12.5
25.38,11.82
11.54,3.46
11.03,3.84
16.19,7.81
15.1,7.03
9.1,-1.04
13.05,-1.04
16.37,0.73
13.26,9.84
14.19,0.14
9.23,-3.15
10.27,-2.47
10.88,-1.08
8.91,-0.1
13.71,-0.65
3.69,-2.26
-0.3,-4.84
6.51,-4.0
10.3,-1.14
6.82,-2.05
5.18,-4.2
4.67,-5.48
5.19,-4.6
14.23,-3.16
8.4,-2.34
6.96,-1.98
14.58,-0.55
16.78,-0.06
2.62,-2.13
4.34,-4.73
7.99,-4.19
10.36,-1.86
1.93,-2.52
8.17,-1.68
14.61,3.41
13.28,10.34
14.2,10.56
14.63,5.4
9.34,-0.08
15.72,1.67
9.41,-0.43
9.65,0.01
23.45,1.24
3.09,-3.77
10.67,-1.68
14.88,-2.34
5.97,-4.85
6.35,-1.79
5.99,-1.48
7.13,-2.05
18.03,0.66
26.46,13.85
26.6,16.09
20.22,11.71
12.08,0.78
2.21,-0.48
10.75,0.74
22.44,1.93
12.54,-0.62
16.33,1.61
18.22,6.05
19.36,8.94
14.65,9.7
13.45,10.71
19.19,4.46
20.15,4.16
21.44,6.4
13.97,0.04
16.86,0.82
22.95,4.74
27.32,14.12
28.6,18.85
25.81,17.7
26.3,13.73
19.07,11.61
26.83,10.14
22.85,7.38
25.71,9.52
28.35,15.69
28.42,14.25
30.04,17.8
29.28,16.83
30.81,17.68
32.15,20.26
31.24,18.8
25.5,16.21
27.91,17.47
23.5,18.24
25.51,16.81
30.35,17.91
29.55,18.44
29.23,14.54
27.22,13.29
28.16,13.07
30.26,17.95
29.59,18.37
32.09,18.67
32.46,19.96
30.67,21.56
26.98,20.35
28.66,19.38
28.89,17.76
30.28,19.34
26.88,12.18
24.68,11.32
28.28,13.57
25.93,14.41
30.47,18.03
31.52,17.43
32.23,17.4
25.81,18.04
25.54,18.5
27.36,19.69
28.73,13.95
28.75,14.81
30.99,17.95
33.55,20.41
33.91,21.37
33.11,22.27
32.61,20.88
30.49,21.62
26.31,18.66
24.67,18.28
24.86,17.6
28.02,19.89
23.64,19.73
25.54,19.37
28.54,18.27
30.56,19.36
31.96,19.66
32.64,22.09
32.38,22.23
31.97,21.53
30.6,21.75
34.15,22.43
33.65,21.33
28.02,13.57
27.39,14.54
31.01,17.33
32.31,19.33
32.51,20.56
29.51,15.18
29.24,15.25
31.65,17.11
32.93,20.15
28.72,21.1
29.67,19.98
30.33,14.52
29.66,15.06
29.91,17.91
27.33,18.01
24.56,19.1
26.55,16.67
25.65,16.38
27.93,16.6
29.89,16.75
29.36,16.46
26.57,13.88
26.96,14.69
27.32,17.95
24.85,18.85
24.55,17.65
26.34,16.34
28.53,16.75
29.87,19.27
31.41,19.45
32.07,20.08
31.72,20.17
29.69,20.68
29.28,18.22
29.14,18.54
29.94,19.78
29.57,16.9
29.48,16.78
29.17,16.36
30.08,18.71
25.5,19.68
26.73,20.64
27.21,20.0
28.53,18.28
29.59,19.08
28.21,19.83
26.87,17.24
24.66,11.27
25.97,12.33
24.57,13.87
27.72,20.39
31.89,21.76
31.82,21.63
32.18,21.49
30.7,19.34
28.3,17.2
30.52,18.43
29.1,19.43
31.66,20.78
32.79,20.95
33.25,20.53
32.4,20.89
30.73,20.41
27.35,18.45
19.24,14.54
16.19,13.41
19.01,13.0
22.21,13.82
23.48,15.13
29.59,16.49
30.95,17.53
31.1,19.44
29.34,20.29
29.28,18.38
32.3,18.54
32.32,19.34
32.83,20.62
30.67,14.96
16.86,13.23
23.83,13.56
21.34,16.96
25.25,19.5
21.59,11.22
15.94,7.16
22.51,8.56
22.3,9.69
26.89,11.95
29.04,15.25
29.5,19.34
30.23,19.94
26.86,17.96
30.69,18.42
31.01,17.89
31.22,18.64
30.83,19.71
30.33,19.01
24.85,12.11
16.28,2.22
12.33,2.99
12.07,3.95
13.29,7.33
12.6,1.48
11.99,1.59
16.37,-0.39
14.45,-0.21
14.28,1.12
16.71,-1.65
11.79,-1.15
18.83,1.79
17.27,1.04
14.14,1.55
13.58,3.78
9.35,6.32
11.23,3.99
18.08,3.32
16.34,2.5
20.4,4.84
18.4,9.08
10.84,5.05
7.87,0.46
13.59,0.59
16.17,6.74
15.86,10.01
15.43,3.38
12.28,-1.02
6.05,-0.39
6.5,-5.76
2.53,-6.87
6.79,-5.87
6.97,-0.04
2.27,-5.69
0.57,-5.65
1.15,-1.42
3.66,-0.86
7.3,1.13
10.84,1.0
5.35,2.25
3.32,-2.38
7.88,-3.02
9.5,-2.52
10.98,-1.08
12.67,0.7
14.68,0.5
2.2,-4.9
-4.0,-7.09
0.07,-7.7
5.49,-0.92
10.32,5.03
14.34,7.4
17.3,3.94
4.4,0.25
1.13,-2.16
-0.45,-3.73
4.89,-6.56
2.96,-7.31
-2.5,-6.06
4.17,-7.96
1.12,-9.59
7.19,-7.86
10.33,0.75
9.42,3.46
10.63,5.59
8.25,3.25
9.03,-0.42
8.9,-3.56
7.47,-3.93
11.82,-1.87
8.45,4.91
6.32,-0.5
4.28,-1.66
2.6,-2.93
6.59,-3.16
8.0,-4.35
8.93,-3.87
13.5,4.07
14.02,-0.1
2.02,-2.71
6.24,-2.91
16.8,4.59
5.52,2.93
4.83,0.3
4.33,-1.73
10.27,-0.28
11.85,-0.78
11.62,-0.69
14.25,6.79
16.08,-2.0
-1.37,-6.42
-1.93,-6.82
0.83,-6.39
0.86,-2.1
0.1,-3.5
-0.36,-9.12
0.72,-5.65
1.82,0.0
4.38,0.81
2.11,0.21
3.02,-10.8
-7.83,-18.38
-7.19,-18.42
6.93,-8.68
10.36,-4.36
-0.58,-12.29
-3.32,-12.44
1.95,-3.82
-0.91,-6.74
8.73,-9.77
-6.16,-17.46
-15.66,-21.76
-7.82,-20.33
0.52,-7.95
9.4,-3.04
18.1,2.5
13.52,3.75
11.81,3.63
14.3,9.68
17.02,-6.82
-2.93,-10.26
-0.66,-10.03
2.08,-3.97
9.23,1.6
11.37,-3.8
3.2,-3.93
13.1,1.33
1.86,-4.42
2.44,-4.84
0.22,-2.27
0.16,-6.14
2.01,-6.1
8.24,-1.3
7.63,-1.6
5.89,0.67
14.87,4.06
7.4,-5.3
4.43,-5.67
10.26,-3.07
14.16,-1.62
1.63,-1.02
4.1,-0.96
5.05,-0.12
0.04,-10.65
-6.63,-13.45
-4.32,-12.68
-1.09,-10.69
2.18,-4.36
3.17,-0.72
15.12,1.27
9.24,0.0
10.59,-3.18
10.6,-2.81
21.08,6.14
21.48,6.52
6.96,-0.91
8.63,-3.47
11.1,-3.8
9.02,-3.76
10.46,-2.37
13.13,1.09
7.75,1.69
10.36,-3.49
13.76,-2.31
15.07,5.31
8.91,-2.29
9.18,-2.85
15.31,-1.07
21.92,5.1
16.19,11.05
15.23,-1.75
3.04,-4.98
8.09,-3.15
14.78,-0.23
16.38,3.69
21.17,8.69
15.26,9.11
20.36,9.78
20.74,12.53
22.83,10.15
21.09,5.23
20.97,7.69
27.02,10.17
19.39,4.84
19.38,6.52
22.94,1.96
12.05,2.12
24.68,7.24
24.2,13.32
23.24,6.33
8.35,2.62
6.38,2.55
20.26,4.46
24.69,10.21
24.61,9.58
20.41,10.18
20.23,9.43
17.77,4.74
16.53,5.89
12.41,5.6
24.97,7.93
25.77,12.77
26.73,13.92
23.08,15.5
21.86,14.52
16.14,10.38
21.48,7.56
24.71,9.45
25.87,11.74
28.08,13.84
23.56,12.1
14.69,6.69
18.56,7.4
11.04,8.2
13.23,4.68
20.19,6.9
21.12,8.49
25.22,13.05
29.19,15.53
30.09,19.43
23.7,14.08
21.54,8.88
20.27,9.89
24.99,17.84
28.89,18.15
31.01,18.05
30.16,20.1
29.4,16.35
28.47,19.42
30.02,22.06
26.14,17.45
24.29,16.65
25.64,13.89
27.22,16.42
25.92,8.07
23.87,11.12
26.67,16.12
29.49,17.44
28.31,18.68
25.58,18.91
23.59,19.08
25.7,19.48
23.07,9.05
23.99,10.54
24.5,13.51
19.35,7.49
23.86,12.4
24.32,17.38
26.09,18.44
26.79,18.77
26.52,18.54
27.77,19.4
22.6,15.47
25.57,16.58
24.0,16.27
28.42,18.44
24.65,16.8
28.3,17.34
31.21,19.17
30.76,18.59
31.7,19.59
32.17,21.03
32.27,18.74
31.63,20.28
32.66,20.43
30.02,20.09
31.13,20.57
32.37,21.37
30.35,20.75
31.26,19.98
29.55,17.86
31.57,19.38
32.81,21.4
30.98,17.29
29.32,13.99
31.64,16.93
32.05,20.39
31.38,21.98
30.42,22.07
30.44,21.0
32.75,23.11
32.75,22.33
33.23,22.56
32.54,21.51
25.67,14.67
26.01,13.22
26.07,12.87
27.33,14.2
29.0,15.58
30.35,17.66
30.82,18.75
30.7,19.48
29.53,17.99
28.44,16.09
30.17,17.79
29.53,15.89
30.03,14.83
30.76,16.01
31.6,17.31
30.27,18.46
29.53,17.02
30.91,18.19
29.95,14.56
28.67,13.89
30.07,17.63
28.35,20.7
29.98,18.87
30.97,16.08
28.86,15.46
30.22,17.65
30.23,19.93
33.12,19.62
33.3,20.55
31.73,18.87
29.89,19.64
26.23,18.53
23.65,12.41
25.43,13.3
27.55,15.67
21.62,19.96
26.11,14.65
25.75,11.51
27.83,14.45
29.37,19.03
24.31,17.27
29.41,17.85
27.83,15.27
29.69,17.84
28.42,13.47
25.19,12.05
27.71,14.16
23.86,11.8
25.14,14.56
30.08,16.09
34.16,18.72
32.56,18.72
32.82,19.49
33.0,15.61
27.45,12.9
30.65,16.08
32.05,17.14
28.9,14.65
30.45,15.1
30.54,15.77
30.18,17.65
30.92,15.68
30.94,18.5
27.66,8.88
25.9,10.15
29.39,13.07
25.71,9.19
32.13,13.39
32.42,18.53
32.93,17.81
33.97,17.51
33.43,17.82
33.49,17.43
31.85,11.34
21.82,8.39
26.57,9.56
22.76,12.43
19.63,5.24
22.6,5.94
23.88,8.28
26.76,12.13
22.47,1.32
13.57,0.17
20.21,1.37
20.0,2.57
23.53,4.99
10.26,1.53
15.24,0.63
17.63,1.67
22.16,4.53
24.13,10.14
21.73,10.63
16.33,2.43
18.81,3.2
19.78,7.43
14.96,9.27
18.09,10.36
18.23,3.53
20.21,4.59
16.17,9.32
13.18,10.32
10.51,-2.49
8.44,-2.98
10.75,-2.6
11.86,-1.66
15.54,2.73
10.81,-1.81
12.42,-0.87
5.89,-6.72
2.36,-6.93
8.39,-2.86
17.54,3.82
12.55,-9.08
-5.29,-13.37
-0.41,-11.77
5.55,-5.77
6.43,-5.74
7.76,-4.52
8.98,-3.7
5.35,-0.85
7.99,-1.27
8.54,3.05
12.32,4.44
7.1,-1.65
3.73,-0.12
9.57,0.17
14.33,1.9
14.51,4.76
13.2,1.47
3.3,1.32
6.01,2.3
13.57,2.91
9.16,0.79
2.63,-0.8
3.57,-0.79
9.95,-3.01
10.72,-3.44
9.28,-5.07
7.16,-4.73
13.06,-1.6
13.41,-1.98
-2.02,-8.37
2.45,-7.56
6.27,-5.38
8.05,1.34
6.16,-1.22
1.71,-1.45
0.79,-1.14
1.83,-6.04
-1.32,-10.75
3.72,-9.09
7.64,-6.29
11.6,-4.15
12.49,-3.71
14.79,-2.6
15.52,-2.34
18.53,-1.11
17.43,7.96
14.61,6.46
15.43,6.71
16.19,5.23
5.11,1.19
2.67,0.08
8.89,-0.22
10.44,5.6
10.71,3.68
3.56,-2.29
8.73,-2.51
8.46,-2.72
8.69,-2.18
4.09,-3.07
13.91,-2.59
17.13,9.47
18.38,2.23
5.45,1.29
7.76,1.5
9.46,-0.39
12.9,0.69
4.28,-5.33
1.94,-5.09
10.49,-8.47
-7.8,-10.4
-3.03,-8.83
-0.04,-9.48
3.69,-8.64
8.38,-0.22
7.64,1.15
1.63,-0.7
6.79,-3.31
3.11,-3.02
1.47,-0.21
1.96,-0.27
3.59,-0.26
3.31,-0.27
5.4,-0.12
17.49,1.1
19.63,4.3
13.81,-0.26
2.59,-0.34
0.52,-3.09
0.99,-3.18
1.86,-5.06
9.76,-3.63
7.25,0.2
5.08,-1.95
2.35,-1.23
2.67,-12.33
-4.39,-13.14
6.91,-9.61
10.0,-2.04
11.58,-0.27
10.15,-4.08
6.16,-4.17
0.71,-10.12
3.19,-9.84
9.51,-6.96
13.28,0.62
6.63,4.21
7.48,1.69
2.9,-4.07
1.64,-4.26
2.35,-7.51
3.44,-7.07
16.51,-3.29
12.09,8.53
14.34,-0.2
15.91,-1.27
15.29,-0.48
2.29,-4.66
10.32,-4.52
18.03,-0.09
17.81,8.7
13.32,5.65
10.53,3.54
16.6,4.51
10.96,1.42
5.72,0.89
6.98,0.95
8.77,3.3
11.79,2.89
15.41,4.49
19.8,11.61
21.58,0.25
3.13,-1.87
5.74,-1.37
10.97,2.25
11.65,3.09
17.06,3.61
20.25,6.87
23.47,12.54
25.82,16.06
18.23,7.98
16.2,4.71
8.01,4.27
11.38,0.04
16.26,2.68
20.55,6.34
21.66,7.68
14.29,7.33
21.06,8.76
26.07,14.05
27.22,7.45
12.82,0.34
10.87,0.97
16.85,5.46
16.95,9.95
9.48,0.72
8.62,-3.34
10.75,-4.24
10.06,-0.07
10.85,1.19
12.58,1.85
14.36,3.19
18.51,5.38
14.01,-0.32
21.51,4.07
12.82,9.92
19.37,7.29
19.61,6.71
15.48,1.7
19.17,6.2
24.28,14.1
18.14,7.14
9.51,6.17
19.83,7.01
27.77,13.11
22.17,6.1
20.86,7.4
8.98,4.38
15.24,2.34
19.48,7.4
12.05,-2.4
12.89,0.97
17.76,2.96
9.97,1.24
15.76,4.75
14.22,8.31
27.41,13.96
23.11,15.77
26.38,17.31
25.82,16.06
19.7,14.3
17.98,11.62
14.31,11.26
18.01,12.77
24.79,14.25
27.8,16.95
30.05,17.35
30.8,17.48
29.83,19.01
25.79,18.67
27.18,17.41
24.13,13.02
22.86,10.41
21.96,7.15
24.93,12.18
30.87,18.33
31.27,20.43
29.15,17.89
30.5,18.23
32.56,16.02
28.84,15.79
30.41,19.05
28.86,22.9
31.43,14.9
26.95,12.49
29.13,12.24
25.64,12.88
23.73,11.06
25.03,12.8
27.13,13.55
28.14,14.07
28.41,15.97
31.19,16.95
32.28,17.7
29.54,19.1
29.47,19.69
25.93,15.53
26.86,13.75
28.7,16.72
30.51,21.27
25.61,19.77
27.04,21.05
30.34,20.17
29.31,20.04
31.69,19.42
31.7,17.9
32.27,19.14
33.58,19.58
33.56,20.11
32.41,19.93
32.71,20.51
32.84,20.28
33.16,21.05
29.5,18.13
30.83,17.1
27.97,15.7
28.33,15.32
30.5,16.43
31.6,20.69
27.37,17.45
30.79,19.57
32.51,22.29
33.23,20.86
31.66,20.92
32.11,20.23
28.75,20.82
29.39,18.51
30.13,17.29
30.77,18.64
32.87,21.53
31.7,20.55
29.81,17.31
31.08,19.99
23.06,19.72
25.87,19.8
27.63,17.39
26.61,17.45
27.17,16.65
24.75,12.06
23.88,13.51
25.58,14.24
26.54,13.03
28.38,15.55
30.84,18.0
28.91,19.24
28.6,19.3
28.58,19.93
29.9,20.13
26.64,18.86
29.94,18.43
28.03,15.77
29.18,17.11
23.57,13.6
25.24,12.39
26.55,14.47
27.54,16.84
27.13,17.81
28.66,18.35
30.57,19.6
31.79,19.7
30.9,21.22
28.0,22.46
28.13,20.52
28.93,13.54
26.03,16.01
26.35,17.48
27.53,19.98
27.55,20.47
28.85,15.6
25.83,9.64
26.9,11.85
26.88,15.8
29.36,16.82
30.36,16.15
30.75,16.57
29.92,18.33
23.0,16.97
28.73,17.56
27.3,13.97
25.84,10.9
22.74,8.44
25.83,9.0
27.06,10.72
19.76,5.95
20.38,4.45
22.82,5.66
23.41,6.18
24.09,8.17
22.68,10.07
24.49,10.3
26.0,11.71
24.68,13.62
26.19,13.72
18.92,6.13
17.75,6.49
23.73,5.2
19.57,2.49
16.74,4.18
18.6,7.11
17.13,0.31
17.39,1.75
22.58,5.22
28.78,6.72
25.63,7.44
27.5,9.13
23.26,16.36
25.03,16.55
24.31,4.68
20.8,4.8
25.24,6.6
16.8,0.03
14.22,-1.23
16.88,0.76
15.68,9.35
12.67,8.06
16.58,8.86
20.67,12.09
27.19,13.03
25.14,6.7
12.28,5.75
10.94,6.11
9.38,7.15
10.89,7.23
12.06,8.77
10.79,4.65
9.76,-1.01
14.46,0.54
10.73,-3.14
9.79,-2.48
18.39,0.83
21.99,5.41
19.52,3.59
21.45,3.34
23.39,3.85
26.63,8.7
26.19,10.53
25.57,11.74
12.66,0.04
12.83,0.0
13.38,-2.33
16.92,-0.08
13.58,1.58
13.08,0.89
6.16,-2.38
9.82,-1.85
18.45,5.75
17.7,9.04
9.78,6.6
9.87,1.43
9.26,1.95
10.35,4.08
14.54,7.68
10.54,7.32
12.65,-0.2
9.77,-2.64
11.95,-2.55
2.69,-2.0
0.66,-6.39
6.57,-5.91
6.75,-3.78
7.11,-2.48
6.8,-4.18
3.29,-3.9
0.73,-1.93
2.3,-1.11
13.25,-1.95
16.07,-1.95
17.67,4.45
16.36,3.72
5.6,2.21
2.16,-6.57
1.65,-5.91
1.01,-1.68
0.14,-5.62
3.69,-5.64
5.19,-0.08
6.72,0.31
8.91,0.36
7.54,-0.69
13.24,-1.33
-1.77,-11.02
-7.53,-11.82
3.47,-9.83
11.55,-1.92
2.18,-3.21
5.43,-4.1
11.12,-2.27
0.15,-2.58
9.9,0.36
3.48,1.17
2.41,-1.8
7.64,-1.6
1.71,-0.29
2.73,-0.67
3.67,-0.68
0.23,-2.01
0.35,-7.76
0.26,-7.59
-1.58,-4.7
2.8,-4.15
8.06,-2.15
8.93,-0.3
6.15,-1.51
1.39,-1.26
1.31,-1.54
1.75,-2.23
6.7,-2.7
2.97,-2.55
10.49,-2.16
2.71,-10.19
1.82,-9.92
0.99,-1.65
3.11,-0.59
6.97,-0.81
0.39,-8.42
-0.85,-11.1
1.46,-10.78
3.14,-3.81
5.15,-2.67
-1.26,-6.49
0.88,-6.9
2.33,-5.85
3.69,-4.11
2.74,-6.35
1.78,-11.4
-5.42,-12.14
1.45,-8.83
-1.2,-6.29
-4.82,-7.58
-3.44,-7.61
-1.2,-6.56
-2.26,-8.97
-3.42,-9.51
-6.74,-11.64
-6.44,-17.19
-4.25,-15.97
-1.28,-10.75
-2.07,-14.82
0.76,-11.47
7.95,-8.63
4.44,0.98
12.57,-0.19
16.77,-2.48
8.36,-2.14
8.06,-0.53
13.71,6.41
16.38,2.08
7.91,-4.82
7.32,-4.67
17.05,-2.42
11.51,-4.29
8.69,-4.49
8.99,-4.22
10.95,-3.7
18.62,-1.25
19.22,0.83
20.87,8.84
18.14,7.04
15.85,4.44
12.37,-0.62
11.18,0.97
4.86,0.87
13.84,2.85
17.02,5.74
15.04,-0.25
10.58,-1.96
16.19,-1.68
19.4,1.83
19.96,4.4
20.11,9.32
22.69,6.54
17.7,8.08
13.56,3.98
23.33,6.66
10.79,-1.91
15.16,0.12
23.01,5.56
11.07,-1.75
4.13,-5.41
9.26,-3.76
17.79,0.99
23.43,5.32
24.82,7.45
25.51,9.09
27.26,13.01
20.99,10.75
26.85,11.66
18.19,8.91
11.46,8.15
20.27,7.66
19.24,9.02
17.09,3.07
13.04,0.1
16.68,2.69
13.7,1.0
17.76,3.04
19.87,2.68
17.7,-1.16
7.79,-1.41
12.57,-0.56
16.12,3.63
11.9,6.44
17.39,3.18
24.08,7.5
27.76,16.9
26.53,17.38
20.36,9.6
21.45,1.47
22.47,4.78
25.0,13.42
22.59,15.36
21.17,9.12
16.57,3.14
17.36,4.28
17.3,1.96
15.25,4.81
16.75,1.95
16.31,4.7
15.89,3.86
17.03,2.82
19.29,3.77
21.25,5.01
22.27,10.68
21.08,12.7
20.65,13.67
25.55,14.15
26.96,15.01
28.79,14.68
28.59,13.37
29.36,14.59
29.69,15.9
30.87,16.01
30.81,18.15
25.42,16.92
27.3,17.79
21.85,8.05
14.41,4.56
18.92,6.91
23.18,10.5
23.64,14.54
18.46,16.19
22.55,13.91
29.41,14.37
29.09,16.68
27.77,19.37
27.42,20.27
25.39,20.61
25.24,20.72
26.92,20.27
30.46,19.39
32.85,19.79
31.13,14.66
30.87,13.34
26.97,12.9
26.81,12.82
29.31,15.58
32.07,18.52
28.03,18.04
30.48,22.47
27.61,12.34
21.82,10.08
24.9,12.4
27.81,18.73
27.31,21.87
29.61,21.62
31.34,20.62
32.39,20.95
33.85,21.23
28.7,20.39
25.73,15.36
24.12,13.34
25.68,14.91
29.92,18.78
31.19,19.78
31.6,19.52
30.67,20.82
27.24,16.29
23.84,16.06
25.79,17.45
26.09,20.07
27.82,20.82
27.18,18.93
28.79,20.15
30.7,20.59
28.18,20.44
26.95,19.25
27.22,17.09
27.98,17.27
28.58,17.22
27.03,16.13
27.43,16.03
28.72,16.91
30.11,19.06
30.5,20.91
31.46,17.05
30.77,17.96
30.64,19.96
30.78,20.29
27.8,17.67
22.91,13.88
26.93,12.34
25.69,13.35
26.99,13.32
27.46,14.96
29.0,16.35
28.34,18.48
29.81,18.52
30.7,19.57
25.77,21.52
31.82,22.67
32.28,23.59
33.43,21.15
30.36,20.52
28.1,18.56
24.77,18.15
27.33,19.16
29.01,19.21
30.56,20.36
29.72,18.86
30.7,18.93
31.03,18.8
32.23,19.49
32.72,20.1
33.15,21.03
30.36,19.94
33.07,20.21
32.97,20.28
32.62,21.33
31.99,21.01
25.29,20.13
25.57,18.41
26.42,12.91
26.17,13.0
25.98,14.64
26.06,17.6
26.33,12.51
28.46,14.03
28.7,16.98
27.19,11.68
24.85,10.96
26.09,12.05
27.46,15.15
29.38,17.94
29.83,18.44
30.43,19.29
24.8,14.58
27.82,15.69
30.87,16.92
31.79,17.63
29.98,19.14
22.54,18.37
23.84,13.89
15.15,9.77
18.76,6.21
23.08,8.32
21.17,6.83
24.12,9.17
28.81,14.89
28.81,14.5
29.06,13.61
26.83,12.09
26.41,12.07
24.35,14.52
23.31,16.49
22.82,14.59
25.9,15.44
24.65,16.85
24.7,15.82
25.77,14.67
27.89,14.9
28.55,17.67
27.44,17.87
20.96,11.61
25.13,12.42
27.62,18.5
24.08,9.95
16.56,4.67
19.82,4.26
21.54,4.83
21.69,6.11
22.69,6.97
21.32,9.66
12.3,7.32
15.4,7.77
22.65,12.32
16.52,8.31
14.38,1.29
15.04,1.5
12.64,8.53
15.77,10.61
13.04,9.18
17.01,2.12
12.53,2.09
9.63,-3.2
9.94,-2.97
10.75,-3.07
11.95,-2.86
14.5,-1.94
17.74,-0.96
21.04,1.81
17.6,2.78
20.63,5.76
17.25,3.04
10.62,1.23
4.23,0.59
4.82,-2.76
5.01,-2.26
16.19,-0.59
19.07,4.14
8.29,-3.87
5.79,-4.24
11.64,-1.3
7.68,-1.61
4.61,-6.96
5.85,-7.12
12.72,-1.24
8.78,-3.64
1.67,-4.01
9.0,-0.23
7.9,-6.21
7.07,-6.61
12.51,-1.41
11.05,2.94
18.13,1.12
16.76,1.63
12.66,-0.04
16.59,1.58
5.93,-6.25
-1.9,-5.82
5.13,-5.29
14.14,-1.57
18.75,9.01
17.07,-2.62
9.12,-3.26
12.05,-2.09
14.34,-1.58
17.96,11.9
16.27,-1.46
8.21,-1.19
11.65,-1.65
1.91,-5.81
6.61,-5.88
7.28,-5.58
2.64,-5.97
11.36,-4.17
17.41,9.1
20.23,6.85
15.19,5.87
20.38,5.28
11.21,4.31
9.3,5.64
8.98,5.56
17.32,8.61
14.11,2.42
1.72,-6.05
0.99,-7.18
6.05,-6.61
6.39,-9.17
-6.97,-12.72
-7.1,-13.02
5.99,-11.19
6.48,-8.68
-0.26,-11.23
1.52,-10.81
9.99,-1.61
8.12,-2.09
1.5,-3.41
0.07,-6.73
0.73,-6.94
-2.25,-4.15
5.81,-4.46
9.71,-6.82
-3.61,-8.48
-2.96,-13.83
0.41,-13.73
2.46,-9.22
4.4,-7.17
-1.85,-15.41
-4.24,-15.92
1.72,-9.91
-1.24,-18.04
-3.23,-18.11
5.13,-8.13
5.27,-7.04
15.91,-0.52
7.71,-1.1
-1.16,-7.25
-4.57,-11.81
-4.78,-12.64
3.46,-10.14
2.14,-10.34
8.14,-8.58
10.95,-1.13
6.36,-2.99
12.22,-1.92
-1.36,-8.08
-2.34,-10.13
0.28,-9.53
11.86,-7.22
16.74,7.91
12.68,-5.06
1.6,-5.87
0.15,-6.99
14.73,-4.42
17.58,4.03
16.42,-2.26
-1.28,-2.87
2.33,-1.86
-0.43,-3.87
2.95,-6.04
9.44,-5.79
11.36,-3.87
19.07,1.55
20.43,2.11
7.82,-1.38
12.78,-1.17
23.85,7.26
21.07,11.78
14.56,0.32
4.9,0.35
9.43,-1.74
11.23,-1.42
7.68,-8.33
-2.37,-8.6
11.2,-3.91
17.87,3.15
19.72,2.46
21.9,2.98
22.55,5.04
17.49,8.29
8.95,2.2
17.29,1.89
21.53,3.79
18.57,9.31
19.86,6.54
11.86,4.73
7.13,2.11
4.28,-2.33
5.59,-6.52
6.4,-4.99
8.89,0.15
26.44,8.0
8.87,1.07
6.56,-3.23
12.17,-0.82
15.3,2.33
15.86,4.89
13.16,6.08
13.71,5.63
11.44,1.7
8.67,1.11
6.86,-2.2
17.82,0.65
17.48,10.71
21.7,11.38
20.52,4.28
16.25,4.32
21.47,7.99
17.45,1.36
10.66,1.77
6.66,0.87
11.41,1.96
19.22,6.64
18.26,6.84
26.02,10.9
28.89,16.07
28.14,18.44
20.42,3.26
14.68,1.55
18.17,4.55
18.54,7.46
22.52,11.62
25.61,13.49
22.99,6.12
22.27,10.44
25.84,10.15
15.14,10.27
16.73,12.03
22.08,9.76
16.81,7.83
21.38,9.82
25.78,12.5
28.84,17.02
30.11,11.57
29.64,14.54
29.03,14.82
29.27,13.55
30.1,12.95
25.07,10.32
27.55,12.91
22.79,14.94
27.46,15.99
30.44,20.68
28.81,17.16
19.88,10.63
18.29,9.7
23.84,11.66
28.53,18.18
22.32,14.09
19.55,11.15
22.7,12.11
27.36,15.24
30.63,17.55
30.73,17.88
30.7,19.07
24.08,12.29
26.71,11.05
27.97,12.43
28.08,15.42
26.78,18.25
27.0,16.06
28.05,13.85
24.8,13.56
22.26,14.39
25.31,15.17
29.01,19.82
33.09,23.66
34.07,22.95
33.53,22.91
33.1,23.95
30.05,15.19
25.7,10.47
26.13,11.49
30.02,12.76
33.13,17.59
33.92,15.37
29.68,13.94
30.52,14.61
30.4,17.58
28.63,14.14
26.2,9.94
25.77,9.46
29.15,13.29
32.44,20.55
32.35,20.71
30.09,19.24
30.44,16.85
32.23,21.41
35.08,23.29
33.93,22.3
27.72,21.62
24.91,20.17
26.16,15.84
29.36,16.57
30.21,19.93
30.21,16.44
29.76,17.75
28.95,15.58
28.9,19.93
31.14,21.39
23.87,20.9
28.53,18.67
30.5,20.75
33.03,19.91
31.08,19.07
32.51,20.14
31.05,22.43
31.75,22.18
26.99,20.02
25.51,19.3
28.19,20.8
30.11,20.88
26.85,14.35
27.33,17.36
26.2,18.47
29.25,19.61
27.96,18.49
32.23,21.25
28.45,21.08
28.24,21.57
30.32,20.43
31.43,21.24
31.47,21.68
29.5,21.44
27.34,15.66
28.4,15.05
25.14,12.93
26.98,15.57
25.95,18.04
26.47,15.15
27.24,15.26
27.27,14.66
28.63,14.52
29.42,16.53
28.7,18.06
26.51,17.29
26.1,15.34
27.34,13.56
28.68,14.32
29.05,16.51
29.19,17.19
29.54,18.35
32.3,20.84
31.3,20.03
28.35,13.48
27.11,13.42
29.29,15.08
29.57,17.97
24.82,18.78
26.86,19.51
27.59,20.21
25.94,16.0
26.28,12.99
25.94,13.26
28.8,16.12
28.13,18.5
25.96,13.95
21.76,12.26
21.11,12.55
26.49,12.79
27.73,12.65
28.1,13.6
28.39,13.56
28.79,16.26
28.03,15.21
30.57,16.35
34.01,16.64
21.29,6.16
19.86,8.01
24.66,12.37
23.23,10.12
20.27,4.95
18.9,3.62
15.99,4.56
19.62,5.48
21.65,6.61
23.11,7.28
21.65,6.6
21.01,2.93
22.09,3.24
24.45,5.41
23.73,7.77
16.01,0.28
14.64,-0.56
17.81,1.88
22.72,4.79
23.65,7.04
24.31,6.47
17.76,0.96
19.43,2.35
17.24,2.71
22.05,4.82
9.57,1.18
6.4,0.03
11.99,-2.27
14.45,-0.32
22.1,5.56
24.58,10.2
25.08,8.55
24.87,9.9
23.26,8.0
11.76,-0.27
14.65,1.25
19.43,3.15
20.73,4.35
16.31,9.23
17.58,12.57
19.95,6.99
17.63,6.0
22.59,5.94
24.22,10.97
21.97,7.83
21.65,4.87
19.26,5.96
16.98,4.33
23.33,4.7
22.16,7.36
16.86,-0.45
-0.02,-1.9
3.5,-1.82
6.51,-1.78
5.38,1.49
2.6,-1.95
-0.17,-3.31
1.24,-8.0
2.01,-8.34
1.42,-8.14
9.03,-5.65
13.67,-5.05
15.35,-3.87
17.36,-2.11
12.21,-3.77
12.68,-3.6
12.25,5.31
7.7,4.65
15.72,1.09
3.24,-6.86
4.1,-7.29
13.5,1.38
11.71,-6.83
5.62,-7.0
8.06,-4.46
11.08,6.35
10.07,5.11
7.17,4.4
9.19,4.49
7.84,4.21
7.57,2.4
7.03,-1.01
7.66,-1.04
12.59,4.93
7.09,1.04
4.68,-0.85
0.6,-4.67
0.8,-8.24
0.61,-8.02
7.37,-6.49
6.18,-5.84
6.71,-22.43
-16.91,-22.76
-9.18,-17.04
-7.11,-14.37
-3.32,-9.14
-0.38,-4.59
9.53,-3.6
14.23,8.38
16.14,8.76
