20170101
8.66,-1.31
12.65,5.74
13.06,-4.41
-1.84,-6.96
-5.45,-13.45
-9.23,-16.0
-7.47,-16.5
-5.05,-15.09
5.02,-6.25
12.95,-1.38
18.27,0.02
18.84,-1.18
1.88,-1.29
3.27,0.48
4.1,0.52
14.78,4.06
14.65,3.1
5.43,1.32
10.83,2.93
14.48,7.72
18.64,5.96
15.5,6.34
8.5,2.91
7.98,2.3
15.27,1.43
2.92,-1.17
2.05,-4.15
2.15,-4.16
0.8,-6.74
6.68,-7.66
7.89,2.59
6.52,-2.62
2.37,-5.14
-0.47,-10.36
4.3,-10.7
11.15,-1.58
16.28,-0.85
16.25,2.21
6.28,-4.92
-1.63,-8.33
13.09,-4.34
18.55,9.01
15.65,-2.72
9.76,-2.64
11.96,1.43
7.72,-1.45
10.73,-0.33
19.71,4.61
17.67,6.51
16.46,2.63
20.35,3.62
18.0,10.03
20.65,11.75
20.73,12.91
24.55,1.43
2.31,-5.98
9.03,-5.02
11.08,5.31
18.41,8.55
15.06,0.34
8.08,-2.04
4.61,-2.66
12.23,-1.3
19.72,0.0
17.54,9.5
14.24,5.4
16.27,2.58
21.16,0.98
6.58,-3.45
3.44,-5.72
4.3,-5.34
2.86,-4.62
0.71,-6.88
2.23,-7.78
7.18,-6.4
9.38,1.58
6.58,0.26
11.11,1.39
19.05,5.14
17.29,-0.52
6.89,-1.75
15.01,-1.29
24.22,12.92
25.0,13.55
18.75,6.4
19.69,7.11
15.79,8.91
17.27,8.52
24.76,10.88
12.66,4.35
11.5,2.36
19.33,4.2
21.61,11.6
19.95,8.46
22.4,4.57
9.64,1.4
14.06,-0.6
19.55,2.03
25.59,9.99
25.98,15.04
19.48,4.79
20.95,5.8
26.67,7.63
28.28,11.86
28.34,17.17
26.65,12.22
21.34,8.48
25.69,10.53
27.8,16.99
27.27,9.54
15.58,7.44
13.55,5.26
20.84,6.1
24.4,8.47
24.67,11.57
28.84,15.29
17.75,6.99
20.4,9.0
26.76,14.73
24.61,12.62
16.82,7.72
19.15,4.52
12.8,6.66
13.05,7.53
12.57,4.69
17.41,3.36
17.96,1.5
18.75,4.55
22.67,11.36
29.39,13.9
20.72,11.8
19.86,7.4
24.24,11.33
27.6,13.13
28.49,14.13
29.65,16.98
28.8,20.41
28.86,18.33
28.21,15.59
27.0,15.36
25.24,8.66
22.54,9.69
23.66,13.26
17.72,12.92
18.71,10.25
26.58,14.26
28.72,16.69
24.65,14.93
28.36,13.43
27.0,12.68
27.1,10.44
26.8,10.51
29.0,12.35
30.89,14.84
30.9,18.31
30.65,15.02
25.45,11.93
21.3,9.63
24.5,11.47
28.63,14.13
29.89,15.4
31.34,18.5
32.88,20.68
31.24,19.16
32.07,19.19
28.52,18.35
31.0,18.82
30.87,20.84
27.93,16.28
27.57,14.69
29.61,16.65
32.13,19.77
27.67,21.16
24.66,16.28
25.84,11.86
25.7,11.14
24.25,10.55
24.02,11.02
27.47,15.26
30.8,20.5
29.05,19.3
28.97,16.78
30.01,16.92
30.64,18.68
30.18,19.34
29.2,20.52
26.13,18.7
31.04,17.11
28.24,14.3
29.37,17.12
29.78,22.32
27.15,19.8
32.16,21.79
30.34,21.73
29.41,15.14
28.36,15.78
30.08,17.33
30.86,19.17
31.46,18.01
31.12,19.56
32.36,22.27
33.58,23.25
33.82,21.08
29.56,19.45
29.55,16.63
27.77,16.23
30.27,18.18
28.97,22.21
28.27,15.66
26.02,13.17
28.33,15.18
29.94,17.4
29.3,17.99
29.36,17.19
30.18,18.73
23.96,10.88
25.42,12.76
22.39,16.94
25.54,13.96
26.88,11.48
27.41,13.27
29.29,15.27
27.52,16.44
27.38,13.24
27.9,15.58
28.3,17.15
30.77,18.32
31.77,20.39
31.0,19.69
29.59,18.45
31.46,18.22
32.38,18.8
32.28,20.57
28.51,14.65
26.63,11.24
26.26,11.79
25.82,11.25
26.09,11.82
27.93,13.67
27.13,16.4
26.32,14.82
27.92,15.65
27.69,15.61
16.24,12.55
23.01,11.82
28.03,12.93
30.82,15.67
23.11,8.31
20.07,7.18
21.53,7.31
25.3,9.21
23.69,8.32
23.43,8.14
22.72,9.02
21.11,14.41
18.61,16.03
23.22,12.86
28.29,13.19
29.91,15.25
30.52,16.57
27.93,19.37
27.05,17.67
30.94,18.24
32.76,19.03
32.7,17.48
32.27,16.72
32.43,15.02
32.04,15.35
32.16,17.01
29.28,12.23
23.25,7.77
25.14,7.14
23.92,5.38
24.38,5.75
26.87,10.54
28.95,14.58
26.63,17.71
23.69,17.15
27.34,17.52
28.27,12.87
19.86,13.89
22.33,14.82
21.84,15.77
18.31,13.48
17.87,12.87
23.6,11.2
28.74,14.78
23.16,6.86
17.5,2.85
20.53,2.84
21.78,3.93
24.54,6.73
25.3,7.26
24.1,9.61
25.71,14.44
17.68,7.92
11.22,4.3
11.14,-0.57
17.48,-0.22
13.02,1.68
4.44,1.35
4.27,-1.53
8.09,-0.5
7.71,-0.72
15.55,1.73
20.0,12.46
16.87,6.72
20.16,9.32
23.25,9.47
12.41,6.58
9.51,4.26
11.75,-0.94
13.62,-2.25
3.5,-3.87
7.32,-3.72
8.5,1.94
8.35,-0.06
11.8,-0.01
9.89,0.67
5.98,-1.82
16.04,0.55
18.17,2.08
3.83,-3.88
10.11,-3.51
13.67,-3.29
5.67,-4.66
9.29,-2.62
14.51,-1.58
15.47,-2.31
12.73,-2.9
17.63,0.21
17.86,4.7
14.71,2.74
12.84,-2.22
12.27,-2.48
13.82,-1.61
15.55,-1.29
18.69,4.21
8.9,-2.22
7.64,-2.26
-0.15,-8.56
0.38,-9.02
0.53,-6.66
4.01,-6.2
9.8,-3.97
0.17,-7.89
7.94,-5.77
0.91,-5.81
1.33,-4.23
10.65,-1.1
7.52,2.96
7.78,5.28
9.95,1.91
9.69,-1.57
12.91,-1.67
12.21,2.63
3.27,-1.34
1.66,-6.29
-1.69,-8.05
-5.55,-16.43
-8.77,-16.78
-4.89,-12.63
-3.6,-7.75
-5.25,-15.13
-8.68,-18.63
-11.27,-20.96
-7.49,-20.92
-3.49,-16.29
-6.84,-17.57
-7.74,-19.06
-6.28,-19.06
3.58,-9.75
3.54,-0.21
6.04,-0.13
14.67,4.61
15.3,-2.57
-1.39,-9.97
-4.41,-16.43
-5.1,-16.48
-2.34,-16.6
-12.08,-17.93
-6.28,-14.46
0.44,-12.07
5.74,-6.73
9.73,0.74
12.91,7.13
13.63,2.28
3.64,-1.17
0.59,-5.33
9.05,-4.46
14.18,1.15
10.27,-2.98
11.71,-3.53
1.72,-5.66
1.34,-6.15
11.73,-0.97
6.41,-10.84
-3.83,-11.75
4.45,-6.34
3.63,-10.86
-1.87,-11.16
0.18,-4.63
0.31,-8.77
1.09,-8.4
10.96,-1.04
4.96,-0.88
1.28,-6.89
4.5,-7.27
7.11,-4.89
15.2,5.17
20.1,7.63
7.39,-1.73
2.73,-1.8
12.62,-1.46
23.09,12.37
25.5,9.78
10.43,3.66
11.78,4.18
16.01,7.31
15.28,6.42
9.78,-0.9
13.35,-1.0
16.75,0.35
13.5,9.88
14.19,0.12
9.68,-2.4
10.89,-2.13
11.53,-1.03
9.59,0.15
13.8,-0.71
4.03,-2.73
1.39,-4.69
7.57,-4.02
10.68,-0.88
6.74,-2.0
5.22,-3.96
6.06,-5.54
5.94,-5.08
15.23,-2.45
9.63,-2.71
8.62,-2.19
14.68,-0.35
16.72,-0.19
2.66,-1.91
6.03,-3.99
9.04,-3.65
10.91,-1.59
2.54,-2.18
8.4,-1.92
14.89,2.54
13.5,9.57
14.32,9.64
14.23,5.02
10.65,0.43
15.61,1.26
9.35,-0.95
10.09,-0.67
22.71,1.0
3.14,-3.51
10.98,-2.34
15.0,-2.05
6.22,-4.77
6.39,-2.19
6.33,-1.85
6.93,-2.06
18.54,-0.41
26.68,13.22
26.86,15.64
20.91,10.65
11.64,0.53
2.59,-0.65
11.01,0.34
22.32,1.54
12.91,-0.96
16.5,1.15
18.16,5.61
19.67,8.46
14.66,9.68
13.59,10.35
19.25,4.37
20.13,4.13
21.44,5.85
14.67,-0.09
17.28,0.6
23.55,5.48
27.6,14.44
29.02,18.48
25.39,17.5
26.36,13.29
20.28,11.72
27.8,9.34
23.22,7.97
25.92,9.81
28.66,15.36
29.02,15.01
30.32,18.52
29.71,16.67
31.48,18.27
32.67,19.92
31.51,18.48
26.18,16.37
28.75,17.32
23.43,18.11
25.85,17.09
30.88,17.82
29.74,18.27
29.78,15.03
27.86,14.03
28.56,13.84
30.81,17.79
30.6,18.02
32.74,18.18
33.38,20.05
31.05,21.61
26.91,20.33
29.26,19.61
29.65,18.2
30.59,19.6
27.29,12.63
24.89,12.23
28.73,13.52
26.58,15.36
31.14,18.16
32.1,18.34
32.68,17.63
25.3,18.08
25.79,18.63
27.68,19.65
29.14,14.08
28.85,15.15
31.13,18.49
33.63,20.85
33.85,22.1
33.21,22.7
32.75,20.9
30.52,21.35
26.67,18.67
24.88,18.15
24.37,17.22
27.48,19.83
24.04,19.94
25.37,19.39
28.85,18.04
30.4,19.92
31.82,20.21
32.63,22.62
32.91,22.46
32.01,21.85
31.66,22.07
34.21,22.63
33.76,21.28
27.92,13.04
27.27,14.01
31.14,17.75
32.85,19.84
33.05,20.27
29.69,15.86
29.26,15.84
31.75,17.09
33.03,20.8
29.64,21.05
30.39,19.11
30.68,14.81
29.82,15.3
30.04,17.59
29.89,18.54
25.01,18.94
26.44,16.53
25.86,16.44
29.01,17.37
30.25,16.88
29.72,16.01
26.87,14.29
27.19,14.91
27.33,17.77
23.73,18.54
24.09,17.2
26.88,15.78
29.33,16.82
30.14,19.27
31.8,19.69
32.55,20.12
32.28,20.28
29.67,20.55
29.8,18.37
29.4,18.79
30.2,19.64
29.94,17.04
30.13,16.83
29.65,16.34
30.84,19.24
25.28,19.64
27.21,20.38
27.91,19.75
28.78,18.46
30.13,19.18
28.47,20.01
27.28,17.35
25.25,11.75
26.61,12.29
24.0,13.94
29.04,20.3
32.28,21.96
32.41,21.59
32.9,21.59
31.09,18.64
28.77,17.32
30.71,18.44
29.67,19.75
32.08,20.59
33.27,20.69
33.6,20.37
33.13,20.75
31.07,20.52
27.31,18.09
19.14,14.94
16.4,13.77
20.05,12.4
22.99,12.88
23.34,14.87
29.91,16.07
30.89,16.95
31.3,19.02
29.97,19.85
30.57,18.59
32.84,18.62
32.87,19.2
33.37,20.51
30.72,15.02
16.9,13.28
24.77,13.39
21.9,16.8
25.21,18.72
21.81,10.96
16.7,7.26
22.9,8.18
22.5,9.17
27.1,11.26
29.45,13.36
30.05,18.73
30.66,18.94
26.7,16.77
31.06,18.66
31.35,18.01
31.5,18.24
31.24,19.42
30.43,19.4
24.52,11.37
15.76,1.88
12.2,2.33
12.48,2.99
12.75,7.12
12.21,0.87
12.11,0.91
16.08,-0.36
14.6,-0.66
13.63,0.52
17.11,-2.37
12.41,-2.28
19.13,0.72
17.44,0.35
14.35,0.97
14.22,2.57
9.61,5.54
12.89,3.57
18.41,2.92
16.79,2.27
20.83,5.68
18.42,7.49
10.25,5.03
9.67,0.57
14.28,0.35
16.36,7.47
15.97,8.31
15.43,3.19
12.77,-1.23
6.59,-0.09
6.88,-6.78
2.98,-6.9
6.74,-5.77
7.1,-0.39
1.9,-6.63
0.74,-6.42
1.38,-1.53
4.46,-1.62
8.07,0.58
10.36,0.85
5.8,1.5
3.85,-3.2
9.15,-3.92
11.49,-3.48
11.68,-1.48
13.71,0.3
15.66,0.22
2.28,-5.87
-3.63,-7.32
1.2,-7.84
7.22,-0.63
12.3,5.53
14.81,7.88
16.27,3.76
4.63,0.34
1.69,-2.01
0.25,-3.33
4.77,-6.16
3.8,-6.97
-1.91,-6.36
4.74,-7.5
1.16,-9.16
7.64,-7.28
11.35,0.63
9.87,4.37
10.02,5.88
8.5,3.29
10.91,-0.82
10.22,-3.23
7.84,-3.59
12.76,-1.7
8.35,5.05
6.57,-0.41
5.12,-1.73
3.19,-3.01
7.68,-3.28
8.58,-4.04
9.39,-3.76
13.93,4.71
13.57,-0.33
2.26,-2.92
6.82,-3.16
17.24,4.29
5.69,2.95
4.66,-0.17
5.04,-1.35
10.3,-0.52
12.42,-0.33
12.56,-0.16
14.14,7.95
15.99,-1.69
-0.56,-6.71
-0.77,-7.17
1.1,-7.56
1.67,-1.83
0.83,-3.93
0.97,-7.77
1.2,-4.16
2.63,0.41
5.03,0.73
3.06,0.11
3.74,-10.44
-6.46,-17.08
-6.42,-16.88
7.65,-8.21
10.46,-4.81
-0.04,-12.05
-2.63,-12.26
1.97,-3.86
-0.26,-6.15
8.82,-9.91
-5.62,-17.24
-14.91,-20.35
-7.18,-19.07
1.31,-7.66
10.29,-3.36
18.13,2.82
13.56,3.19
11.87,2.76
14.39,8.77
16.74,-7.19
-2.56,-10.18
-0.35,-9.92
2.53,-3.99
9.47,1.34
11.15,-4.41
3.97,-4.07
13.4,0.44
1.71,-4.23
2.8,-4.73
0.7,-2.39
0.32,-5.01
2.33,-5.45
8.08,-1.44
7.58,-2.36
6.13,0.41
14.84,4.24
7.1,-5.36
5.28,-5.74
10.73,-3.42
14.33,-1.9
1.52,-1.24
4.22,-1.01
5.04,-0.71
0.55,-11.86
-6.3,-13.5
-3.73,-12.67
-0.56,-10.83
2.09,-3.68
3.66,-0.64
15.7,1.58
9.8,-0.3
11.19,-2.5
10.57,-2.7
21.06,6.43
22.01,6.71
7.14,-1.07
9.44,-2.73
11.86,-3.19
9.76,-3.54
10.86,-3.08
12.99,1.99
7.68,1.5
11.52,-2.99
14.0,-2.59
13.57,5.42
9.4,-1.99
9.51,-2.59
15.5,-1.87
21.89,5.44
17.08,11.1
15.3,-1.63
3.82,-4.53
8.36,-3.31
15.11,-0.52
16.73,3.16
21.47,8.91
15.81,8.61
20.65,9.58
20.53,12.22
23.17,9.81
21.19,6.11
21.34,8.0
27.13,9.68
19.02,4.92
18.84,6.05
20.86,1.71
12.52,2.01
24.8,7.17
24.83,12.92
22.38,5.77
7.99,3.13
6.84,2.11
20.89,4.41
25.22,10.39
24.8,9.46
19.6,9.81
19.95,8.08
18.22,5.42
16.38,4.92
12.72,5.4
24.87,7.8
26.13,12.98
26.65,13.99
22.6,15.52
21.5,14.21
15.77,9.34
21.97,7.73
24.8,9.36
26.05,11.47
28.34,13.86
23.27,11.01
13.98,6.24
17.93,7.03
11.07,7.7
14.61,5.05
20.65,6.74
21.56,9.28
25.99,11.9
29.71,16.05
30.55,18.55
24.02,13.14
21.51,9.1
19.46,9.84
25.49,17.13
29.44,18.1
31.24,18.96
30.26,19.96
29.5,16.68
29.0,18.88
30.3,21.36
26.65,17.15
25.12,16.67
26.13,14.53
27.58,16.46
26.2,8.78
24.4,11.26
26.91,15.65
30.02,17.89
28.51,18.78
26.1,19.02
24.51,19.04
25.62,19.39
23.42,9.67
24.41,10.79
25.0,13.12
20.16,7.8
24.15,11.59
24.56,17.0
26.51,18.28
26.75,19.1
26.75,19.02
27.72,19.65
23.32,14.75
25.67,16.0
24.67,17.08
28.71,18.56
25.0,16.74
28.44,17.5
31.37,19.21
30.83,18.87
31.79,19.76
32.44,21.13
32.96,18.72
31.6,19.94
32.99,20.48
30.67,19.63
31.51,20.24
32.65,21.55
30.75,21.29
31.47,20.12
29.75,17.9
31.89,19.21
33.3,21.46
31.51,17.19
29.57,14.82
31.99,17.3
32.52,20.66
31.2,21.92
30.5,21.94
31.2,21.45
33.3,23.36
33.06,22.75
33.52,22.94
33.12,21.74
25.59,14.47
26.8,13.58
26.61,13.11
27.82,14.47
29.37,15.52
30.66,17.95
31.14,19.13
30.82,19.65
29.73,18.09
28.51,15.92
29.88,17.0
29.81,15.95
30.21,15.35
31.12,16.34
31.97,17.45
30.34,18.39
29.59,17.38
31.15,17.78
30.45,15.13
29.21,14.64
30.1,17.09
28.57,20.65
29.97,19.33
31.5,16.51
28.96,15.78
30.18,17.57
29.61,19.65
32.98,19.25
33.39,20.0
32.0,18.94
30.01,19.69
26.23,18.91
24.17,12.69
25.38,13.02
27.33,14.48
21.95,20.26
26.52,14.96
26.16,12.15
28.19,13.99
29.55,18.93
24.41,17.23
29.4,17.63
28.13,15.41
29.91,17.2
28.58,13.51
25.37,12.65
28.09,13.99
23.87,12.36
25.02,14.76
30.15,16.03
34.2,18.16
32.63,19.09
32.67,19.66
32.73,15.18
27.73,13.24
30.33,15.16
31.84,16.7
28.82,14.78
30.04,15.05
30.77,15.49
30.76,17.73
31.11,16.44
31.15,17.68
27.68,9.53
26.07,9.92
29.38,13.27
25.78,9.39
32.47,11.88
32.04,18.13
32.85,17.97
33.8,16.36
33.57,17.76
33.26,17.41
31.25,10.12
22.0,8.19
26.77,8.36
21.74,12.3
20.54,5.18
22.92,5.87
23.85,6.46
27.07,11.18
21.67,1.07
13.8,0.77
20.6,1.93
20.23,2.35
23.68,4.27
10.78,1.39
15.47,0.98
17.77,1.39
22.1,3.12
23.99,9.23
21.39,9.59
16.27,2.89
18.9,2.68
18.67,7.87
14.6,8.88
18.41,9.88
18.35,3.3
19.02,4.03
15.88,9.07
12.96,9.08
9.69,-2.75
8.58,-2.76
11.04,-2.34
12.26,-1.62
15.72,3.12
11.2,-1.42
12.35,-0.64
5.99,-6.85
2.43,-6.98
8.81,-2.45
17.7,4.26
11.54,-10.12
-5.06,-13.34
-0.17,-11.82
6.34,-5.52
6.64,-5.34
8.04,-4.13
8.6,-3.68
5.55,-0.89
7.08,-1.47
8.17,3.54
12.42,4.41
7.51,-1.78
3.68,-0.76
10.02,0.11
14.74,2.31
14.97,5.63
13.49,1.23
3.62,1.19
6.34,2.3
13.44,3.21
9.59,0.83
2.39,-0.73
4.45,-0.65
10.32,-2.63
11.55,-3.02
9.69,-4.66
7.54,-4.82
13.55,-1.41
13.79,-2.74
-1.88,-7.69
3.14,-7.35
6.93,-5.05
8.02,0.54
6.39,-1.29
1.39,-1.98
1.12,-1.27
2.37,-6.09
-0.86,-10.22
4.11,-8.9
7.77,-5.91
11.13,-3.84
12.67,-3.58
15.25,-2.11
16.3,-1.94
18.57,-1.04
17.65,8.74
14.92,5.58
15.98,6.46
16.57,4.79
5.45,1.03
2.8,-0.23
9.17,-0.67
10.61,6.41
10.52,3.18
3.96,-2.38
9.4,-2.6
8.87,-2.63
9.08,-2.3
4.95,-2.9
14.12,-2.35
17.4,9.85
18.22,1.9
5.48,1.18
7.48,1.03
10.16,-0.74
13.07,0.96
4.74,-4.86
2.84,-4.61
10.82,-8.89
-7.54,-10.28
-3.13,-8.94
0.13,-8.82
3.57,-8.12
8.53,0.35
7.56,1.2
1.67,-0.63
7.05,-3.03
3.22,-2.34
1.66,-0.02
2.51,-0.17
4.23,0.04
3.66,0.03
6.04,-0.04
17.67,1.36
20.63,4.0
14.33,0.27
3.3,-0.58
0.24,-2.87
1.59,-3.02
2.04,-4.36
10.41,-3.11
6.23,0.37
5.49,-1.62
2.62,-1.12
2.65,-12.67
-4.27,-13.19
7.55,-9.6
10.51,-1.78
11.88,0.05
10.2,-3.62
6.42,-3.92
1.34,-9.28
3.33,-9.19
9.66,-5.84
13.31,1.49
7.09,4.73
7.47,1.74
2.84,-3.61
2.57,-4.14
2.65,-6.56
4.05,-6.89
17.4,-2.24
12.15,8.66
14.63,0.57
16.11,-1.22
15.64,-0.66
2.9,-5.14
10.19,-4.98
18.43,0.28
17.71,9.66
13.45,5.14
10.76,3.75
16.41,3.8
11.07,1.88
5.72,0.94
7.5,0.96
9.38,3.5
12.32,3.6
15.41,4.98
20.01,11.64
21.48,-0.02
3.42,-1.57
5.8,-1.16
11.47,2.4
11.69,3.05
17.01,3.54
20.38,6.69
24.04,12.51
25.69,16.23
18.41,7.42
16.4,5.15
8.06,4.03
11.85,0.05
16.7,1.74
21.21,6.58
20.01,7.09
14.99,6.81
21.51,8.15
26.09,14.16
27.21,6.97
12.5,0.01
10.92,0.53
16.97,5.8
16.47,8.15
9.12,0.26
8.56,-3.18
10.44,-4.33
9.82,-0.13
10.53,0.69
12.95,1.05
14.7,2.94
18.69,4.29
14.3,0.02
21.88,3.28
13.39,9.61
19.75,7.6
18.84,6.51
16.1,1.51
19.45,4.6
24.29,13.58
17.73,6.79
9.88,5.54
20.24,6.39
28.03,13.43
22.17,6.42
21.02,7.58
9.24,4.66
15.87,3.42
19.82,7.12
12.88,-2.16
13.57,-0.06
18.24,3.14
10.6,1.88
16.2,4.26
14.09,8.41
27.48,13.48
24.07,15.78
26.93,17.07
25.11,15.49
19.85,14.16
18.99,11.98
14.34,11.53
18.04,12.53
25.17,13.85
28.22,17.06
30.37,17.66
30.98,17.91
30.06,19.11
26.12,18.58
27.44,17.67
24.76,12.69
23.21,11.25
22.43,7.96
25.03,12.62
31.02,18.31
31.51,20.24
29.28,17.89
30.59,18.33
32.7,15.96
29.37,16.08
30.84,18.72
28.74,22.81
31.14,15.0
27.34,13.05
29.64,12.78
26.54,12.96
24.33,10.86
25.37,12.67
27.65,13.94
28.66,14.49
29.1,15.97
31.3,17.47
32.66,18.36
28.42,18.79
30.21,19.44
26.33,16.54
27.22,14.5
29.11,16.8
31.35,21.15
25.67,20.06
27.44,20.92
30.48,20.29
29.69,19.98
31.48,19.98
31.65,18.59
32.44,19.78
33.69,20.14
33.71,20.76
32.79,20.53
33.17,21.0
32.3,20.49
33.45,21.15
30.17,18.81
31.85,17.11
28.3,15.94
28.38,15.67
30.5,16.7
31.73,19.78
26.59,17.83
30.79,19.35
32.72,22.72
33.36,21.15
31.53,20.85
32.03,20.35
29.26,20.96
29.86,18.45
30.23,17.55
31.12,18.67
33.0,21.76
32.04,20.16
30.34,17.84
31.05,19.8
23.28,19.43
25.74,19.22
26.56,17.11
26.82,17.16
27.24,16.88
24.95,12.34
24.25,13.14
25.57,13.84
26.72,13.1
28.52,15.94
30.63,18.68
29.78,19.37
28.93,19.59
28.55,19.96
29.79,20.3
28.03,18.85
30.25,18.78
28.28,16.42
29.68,17.2
24.2,13.62
25.48,12.94
26.63,13.21
27.7,16.13
28.02,17.94
29.04,18.79
31.18,20.07
32.33,20.17
31.18,21.38
28.36,22.33
28.81,20.56
29.39,13.8
26.31,15.35
26.54,17.78
27.3,19.65
27.19,19.47
28.93,14.47
26.03,8.86
27.17,10.57
26.87,15.72
29.7,17.17
30.76,16.32
30.81,16.63
29.4,18.11
23.03,17.53
28.38,17.67
27.49,13.87
26.01,11.26
23.14,8.62
25.83,8.93
27.33,10.43
19.9,5.97
20.44,4.35
22.99,5.21
24.05,6.38
24.21,8.31
22.71,9.66
24.62,10.37
26.15,11.42
24.58,13.46
26.3,13.97
18.28,6.28
18.03,6.53
24.77,4.76
20.16,1.89
17.08,3.05
18.57,6.68
15.59,-0.7
17.59,0.52
23.13,4.61
29.36,6.47
26.39,7.08
28.07,9.1
23.99,15.26
26.46,15.13
25.01,4.1
21.06,4.14
25.92,6.04
16.93,-0.95
14.78,-1.75
17.22,0.01
16.67,8.7
11.82,7.23
17.32,7.98
19.95,11.63
27.44,12.62
25.43,6.36
12.61,5.76
11.03,6.14
9.35,6.73
10.74,6.75
11.78,7.92
10.58,3.03
10.19,-1.41
14.9,0.07
10.71,-3.25
9.61,-2.66
18.5,-0.11
22.16,5.33
19.96,3.92
21.36,3.31
23.29,3.64
26.58,9.63
25.94,10.79
25.1,11.43
12.9,-0.59
13.03,-0.46
13.11,-2.58
17.17,-0.61
13.63,1.67
13.52,1.55
6.58,-2.13
10.13,-2.1
18.58,6.26
17.56,8.42
9.82,6.1
8.81,1.13
9.55,1.49
10.94,4.38
14.89,7.86
10.46,7.35
12.7,-0.83
9.52,-2.66
11.74,-2.36
2.69,-2.29
1.45,-6.14
7.04,-6.07
7.02,-3.81
7.41,-2.77
7.11,-4.11
3.45,-3.74
1.38,-1.32
2.84,-0.77
13.78,-1.76
16.37,-1.55
17.95,4.79
16.19,3.71
5.75,1.81
2.12,-6.55
1.97,-6.07
1.15,-1.52
0.32,-5.82
3.48,-6.18
5.56,0.58
6.89,0.66
9.68,0.35
7.64,-0.8
13.41,-1.79
-2.0,-11.25
-7.82,-11.78
3.74,-9.72
11.99,-1.51
2.7,-3.39
5.55,-4.08
10.85,-2.64
0.35,-2.79
10.04,0.26
3.47,1.12
2.48,-2.99
7.89,-2.67
1.93,-0.42
2.96,-0.8
3.71,-0.74
0.56,-2.21
-0.01,-6.91
-0.08,-6.25
-1.66,-4.5
3.45,-4.22
8.44,-2.07
9.31,-0.31
5.86,-1.65
1.54,-1.67
1.35,-1.86
2.59,-2.01
7.18,-3.0
3.32,-3.46
10.81,-1.93
2.96,-9.72
1.98,-9.87
1.38,-1.38
3.84,-0.27
7.24,-0.62
0.54,-8.53
-0.71,-10.62
1.41,-10.63
3.68,-3.34
5.52,-2.41
-0.72,-5.86
1.15,-6.19
3.32,-5.38
4.14,-4.02
3.55,-6.41
2.48,-11.71
-4.79,-13.01
1.05,-8.52
-0.84,-5.95
-3.56,-7.38
-3.07,-7.47
-1.82,-6.6
-2.41,-10.41
-3.76,-11.15
-6.92,-11.83
-6.77,-16.91
-4.09,-16.02
-1.13,-12.76
-2.06,-14.75
0.83,-11.1
8.23,-8.46
4.91,1.2
13.28,0.64
16.97,-2.34
8.79,-2.54
7.72,-0.4
12.79,6.22
16.89,1.62
8.06,-4.6
7.37,-4.7
17.43,-1.83
11.82,-4.1
8.64,-5.08
9.29,-4.2
11.41,-3.73
18.76,-1.35
19.45,1.26
20.96,9.8
18.47,6.25
15.71,4.7
13.06,-0.29
10.55,1.15
5.1,0.85
14.57,3.16
17.18,5.68
15.88,-0.42
10.66,-2.46
16.01,-2.23
19.18,0.69
19.67,4.26
19.59,8.82
22.61,6.57
17.69,7.96
13.7,4.2
23.34,5.77
10.72,-1.62
15.21,-0.48
23.09,5.42
11.41,-1.97
4.96,-5.78
9.24,-4.54
18.18,0.26
23.99,5.57
24.98,7.75
25.8,9.61
27.05,12.07
21.09,10.76
26.67,10.68
18.39,8.91
11.47,8.46
20.37,8.2
19.3,8.72
17.4,2.65
13.75,0.87
16.78,2.3
14.24,1.78
17.79,2.67
20.04,2.76
16.38,-1.89
8.5,-1.82
12.83,0.55
15.99,3.5
11.79,6.15
17.37,3.43
24.1,6.23
27.82,16.46
25.74,17.03
20.82,9.7
22.04,2.25
23.12,4.83
25.09,13.75
22.56,15.45
20.61,8.5
17.09,3.47
17.58,3.78
17.85,1.59
15.31,4.53
16.3,1.91
16.47,4.25
16.23,3.58
17.38,3.11
19.64,4.29
21.4,5.05
22.53,9.73
21.58,12.82
21.91,14.27
25.46,15.01
27.08,15.62
28.85,15.18
28.75,13.43
29.67,14.77
30.35,15.97
31.1,16.2
31.15,18.32
25.34,17.44
27.45,17.64
22.38,7.45
14.49,4.3
20.1,6.66
23.48,10.86
23.99,14.07
18.99,15.92
22.35,14.18
29.47,14.86
29.25,16.6
27.95,19.04
27.79,20.35
25.06,20.77
25.59,20.67
27.51,20.02
30.74,19.32
33.27,19.94
31.69,14.95
31.5,13.69
27.58,13.4
27.36,13.49
29.72,15.69
32.68,18.69
28.34,17.88
30.72,21.52
27.42,12.29
22.32,11.0
25.38,13.19
27.79,19.05
27.5,22.15
29.88,21.78
31.39,20.91
32.32,20.98
33.91,21.06
28.73,20.23
26.23,14.32
24.6,13.33
26.11,14.66
30.09,18.26
31.35,19.6
31.82,19.39
30.87,20.85
28.1,16.26
24.18,16.35
25.78,17.71
25.64,20.06
28.1,21.02
27.34,18.73
29.06,20.03
31.0,20.43
28.47,20.41
27.13,18.98
27.65,17.27
28.23,17.42
29.03,17.71
27.58,17.32
27.76,16.9
29.12,17.84
30.31,19.03
30.86,21.17
31.71,17.39
31.26,18.2
31.02,19.82
31.23,20.32
27.77,17.17
22.56,14.08
27.44,12.85
26.06,13.57
27.2,13.83
28.11,14.87
29.39,16.37
28.69,18.62
30.53,18.97
31.05,19.2
26.39,21.61
32.93,23.41
32.69,24.16
34.14,21.06
30.38,20.71
28.6,19.07
24.54,18.64
28.03,19.65
29.2,19.63
31.07,20.75
30.39,19.51
31.38,19.72
31.57,19.4
32.88,20.31
33.3,20.42
33.8,21.27
30.96,20.4
34.06,20.59
33.93,20.65
33.17,21.32
32.85,21.31
26.64,20.1
26.43,18.69
26.71,13.55
26.35,13.48
26.21,14.19
26.03,18.07
26.54,12.98
28.88,13.44
29.2,16.91
27.58,12.67
25.5,12.09
26.28,12.65
28.04,15.72
29.8,18.05
30.3,18.4
30.81,19.97
24.84,14.82
28.27,15.52
30.98,17.26
31.95,18.4
29.9,18.96
23.24,18.69
24.73,14.11
15.18,9.81
19.72,7.24
23.28,8.05
21.5,7.71
24.35,8.35
29.44,14.68
29.59,15.39
29.76,15.21
27.91,13.48
27.0,13.56
24.24,15.86
24.46,16.3
22.93,15.01
25.78,15.89
24.84,17.04
24.51,15.93
26.23,14.31
28.64,14.34
28.86,18.24
27.68,17.77
19.88,11.5
24.86,12.32
28.19,18.83
25.15,9.62
17.0,5.05
20.17,4.66
21.86,4.95
21.89,5.89
23.02,7.16
20.82,10.05
12.68,7.61
16.06,7.38
23.79,12.56
16.3,8.6
14.35,1.77
15.62,1.72
12.61,8.68
16.43,10.58
13.42,9.14
17.58,2.97
12.46,2.16
9.79,-2.45
9.89,-2.51
10.72,-2.55
11.97,-2.51
14.72,-1.44
17.75,-0.9
21.31,1.97
17.39,3.88
20.86,5.79
16.83,2.88
10.74,1.75
4.28,0.47
5.45,-2.83
5.0,-2.45
16.7,-0.08
19.02,4.43
8.7,-3.9
6.17,-4.32
12.48,-1.22
8.09,-1.54
4.81,-6.31
5.91,-6.36
13.25,-0.33
9.0,-4.15
1.39,-4.69
9.82,-0.02
8.12,-5.61
7.58,-6.05
13.26,-0.15
11.52,3.51
18.52,1.84
17.83,1.35
12.7,0.72
17.32,2.27
6.52,-5.65
-1.89,-5.54
5.67,-5.37
14.68,-1.13
19.32,9.7
17.31,-2.39
9.17,-2.86
12.41,-1.62
14.33,-1.2
18.53,11.77
16.65,-1.16
8.07,-1.16
11.36,-1.58
2.01,-5.27
6.73,-5.3
7.9,-4.97
3.08,-5.33
11.6,-3.55
17.88,8.76
20.84,7.39
15.76,6.01
20.6,5.7
12.13,4.41
9.72,5.39
9.23,5.73
17.73,8.78
14.44,2.62
2.29,-5.18
1.01,-6.3
6.13,-5.95
6.11,-8.87
-6.51,-13.19
-6.8,-13.43
6.44,-10.53
6.34,-8.5
0.5,-10.12
1.87,-9.99
10.46,-1.21
8.36,-1.34
2.26,-2.64
0.53,-6.54
1.86,-6.62
-1.8,-4.78
6.76,-5.05
9.99,-7.01
-3.39,-8.39
-2.82,-12.77
0.55,-12.69
3.09,-6.91
5.34,-7.24
-1.37,-14.44
-4.4,-14.9
2.37,-9.02
-0.71,-15.91
-2.54,-16.03
5.54,-7.14
5.47,-6.98
16.63,0.15
7.97,-1.46
-1.08,-7.06
-3.94,-11.77
-5.02,-12.77
3.35,-9.97
1.81,-9.58
9.02,-8.22
11.31,-1.76
6.63,-2.73
12.49,-1.83
-1.47,-8.25
-1.86,-9.38
0.98,-9.52
13.01,-7.47
17.36,8.45
12.93,-5.4
2.1,-6.04
1.17,-6.14
15.28,-4.13
18.2,4.66
16.85,-2.27
-1.31,-2.98
2.83,-1.8
-0.13,-4.02
3.48,-5.53
10.14,-5.41
11.93,-3.85
19.42,2.43
21.42,2.25
8.25,-1.12
13.72,-1.26
23.87,7.25
22.09,10.0
14.42,0.28
4.57,0.33
10.47,-0.59
11.39,-0.46
7.05,-8.65
-1.88,-8.92
11.63,-3.03
18.55,2.7
20.01,3.12
22.01,3.06
22.93,4.63
17.7,8.45
8.91,2.15
18.04,1.79
21.87,3.66
18.72,9.33
19.78,6.46
11.25,4.64
7.63,2.87
5.63,-2.6
6.91,-5.29
7.02,-4.98
8.92,0.8
26.5,7.87
7.96,1.37
6.77,-2.95
13.36,-2.19
15.98,0.68
16.32,6.05
14.25,6.67
14.32,5.92
11.66,2.4
9.25,1.37
8.08,-1.82
18.53,-0.73
17.97,10.91
22.46,11.1
21.16,3.95
16.57,3.79
21.72,7.73
17.58,1.91
11.3,1.94
7.48,0.83
12.03,1.24
19.59,6.79
19.03,8.18
26.35,9.87
29.08,15.1
28.55,17.63
18.77,3.57
14.78,2.38
19.16,3.63
19.36,7.81
22.61,12.11
26.47,13.57
22.66,6.63
22.31,8.51
25.93,10.23
15.45,10.33
16.67,12.56
22.23,9.59
17.89,8.48
22.06,9.58
26.31,12.49
29.54,17.6
31.16,13.82
30.46,14.72
29.68,15.0
29.51,13.9
30.11,12.69
25.55,11.82
28.17,13.16
21.92,14.52
27.94,15.17
30.73,19.7
28.98,17.21
20.17,11.05
19.19,10.65
24.43,12.1
29.12,18.04
22.98,14.71
20.46,11.06
22.76,12.19
27.81,14.42
30.78,18.28
31.31,19.42
30.64,19.3
24.56,12.81
27.04,12.16
28.51,12.79
28.78,15.23
27.85,18.53
27.49,16.31
28.53,14.14
25.68,14.2
22.0,14.35
26.19,15.06
29.66,19.55
33.63,23.59
34.37,23.83
33.99,23.98
33.16,24.65
30.65,15.96
26.29,12.03
26.6,12.76
30.67,13.86
33.5,18.32
34.46,17.34
30.34,15.7
31.01,16.32
30.85,17.68
28.66,15.34
26.83,10.65
26.4,10.34
29.66,14.35
33.08,20.55
33.19,21.13
30.55,19.5
30.85,18.44
32.89,20.61
36.26,24.25
34.69,22.96
27.62,21.98
26.02,20.5
26.54,16.01
29.69,16.76
30.74,19.32
30.54,17.34
30.44,18.17
29.74,16.39
28.97,20.38
31.44,21.27
24.96,20.71
28.81,20.01
31.06,21.14
33.54,20.38
31.59,20.15
32.99,21.09
31.34,22.84
32.03,22.07
26.98,19.53
25.49,18.97
28.67,20.93
30.52,20.67
27.43,15.55
27.5,17.19
26.93,19.17
29.79,19.85
27.79,19.44
32.66,20.72
28.18,20.52
28.3,21.01
31.59,21.38
31.91,21.26
32.2,22.07
29.81,21.19
27.94,16.68
29.23,15.94
25.5,13.5
27.08,15.02
26.45,18.69
26.89,15.77
27.84,15.68
27.92,15.49
29.48,15.48
30.15,16.53
29.55,18.89
27.14,17.64
27.4,15.88
28.46,14.54
29.6,14.86
29.88,15.87
29.99,18.0
30.2,18.83
33.0,20.89
32.28,20.32
29.46,14.37
27.89,13.62
29.76,15.58
30.33,18.08
23.95,18.77
26.8,19.6
27.72,19.89
25.96,15.89
26.75,13.56
26.12,13.34
29.04,15.61
29.34,18.67
25.73,13.33
22.24,12.27
21.4,12.38
26.93,13.05
28.4,13.09
28.35,14.02
29.06,14.59
29.62,16.2
28.82,15.66
31.63,16.38
34.7,16.28
21.86,6.3
19.76,8.03
25.71,12.3
24.04,10.26
20.89,5.38
19.75,3.8
16.74,4.6
20.0,5.44
21.52,5.77
23.34,6.26
21.97,6.2
21.44,2.76
22.39,3.17
24.66,5.01
24.25,8.48
16.48,0.25
14.81,-0.12
18.28,1.33
23.26,4.75
24.11,8.7
23.3,5.6
17.73,0.98
19.89,1.69
17.43,3.17
22.02,3.58
9.5,0.83
6.89,-1.01
12.19,-2.35
15.18,-0.89
22.6,5.32
25.16,10.73
25.39,10.15
25.29,11.1
22.22,7.92
12.44,-0.23
14.52,0.65
19.22,2.79
21.08,3.62
15.92,8.94
17.38,12.38
20.11,7.2
18.05,6.04
22.64,5.98
24.43,11.89
21.08,6.92
21.58,5.36
19.17,6.15
17.37,5.2
23.22,5.27
22.55,7.99
17.6,-0.78
-0.05,-1.87
3.51,-2.61
6.44,-2.25
5.26,1.37
3.33,-1.98
0.21,-3.26
1.38,-7.87
2.21,-8.54
1.8,-8.48
9.43,-5.12
13.88,-4.09
15.16,-3.37
16.95,-1.83
12.54,-3.61
12.75,-3.68
12.43,5.26
8.0,4.95
15.92,0.29
3.57,-6.35
4.24,-7.09
13.7,1.85
11.58,-6.81
5.59,-7.05
7.62,-3.69
10.74,5.73
9.8,4.46
7.51,4.34
8.77,4.98
7.97,4.52
7.89,2.28
7.63,-0.69
8.17,-0.56
12.3,4.85
6.7,1.03
4.37,-0.92
1.2,-4.64
1.5,-8.0
0.84,-7.66
7.34,-5.7
6.6,-5.29
6.59,-22.2
-16.5,-22.46
-8.46,-16.7
-6.43,-14.67
-3.12,-8.81
-0.41,-4.55
9.95,-3.49
14.2,8.81
15.35,7.98
