20170101
8.7,-0.96
12.81,5.94
13.24,-4.09
-1.49,-6.71
-5.13,-13.1
-9.07,-15.67
-7.43,-16.21
-4.97,-14.88
5.16,-6.12
12.83,-1.05
18.24,0.17
18.91,-0.91
2.09,-0.97
3.37,0.73
4.2,0.7
14.81,4.26
14.91,3.27
5.71,1.41
10.97,3.17
14.51,7.59
18.55,5.95
15.56,6.4
8.76,2.93
8.14,2.3
15.36,1.47
3.05,-1.07
2.22,-4.09
2.34,-4.03
1.02,-6.57
6.88,-7.47
7.96,2.7
6.67,-2.38
2.48,-4.97
-0.49,-10.15
4.42,-10.62
11.24,-1.29
16.29,-0.64
16.23,2.49
6.38,-4.57
-1.5,-8.18
13.15,-4.3
18.5,9.07
16.02,-2.63
9.78,-2.53
11.95,1.66
7.81,-1.34
10.85,-0.33
19.75,4.75
17.53,6.69
16.33,2.63
20.46,3.61
18.18,10.17
20.79,11.99
20.67,13.19
24.65,1.77
2.4,-5.83
9.02,-4.9
11.2,5.32
18.49,8.56
15.34,0.49
8.18,-1.89
4.66,-2.57
12.44,-1.25
19.73,0.06
17.59,9.58
14.23,5.53
16.25,2.82
21.41,1.25
6.7,-3.36
3.54,-5.66
4.5,-5.21
3.16,-4.37
0.8,-6.74
2.29,-7.68
7.21,-6.11
9.54,1.68
6.69,0.21
11.15,1.3
19.38,5.49
17.38,-0.3
7.01,-1.63
15.16,-1.15
24.25,13.08
25.1,13.55
18.87,6.54
19.96,7.3
15.96,8.96
17.4,8.68
24.8,10.93
12.78,4.49
11.18,2.48
19.4,4.36
21.74,11.74
20.07,8.56
22.73,4.71
9.75,1.48
14.14,-0.47
19.61,2.29
25.7,10.18
26.16,15.15
19.5,5.1
21.09,6.04
26.85,7.97
28.51,12.11
28.49,17.23
26.81,12.4
21.54,8.9
25.82,11.03
27.96,16.99
27.42,9.77
15.78,7.49
13.55,5.36
20.52,6.23
24.5,8.72
24.72,11.71
28.97,15.27
17.89,7.14
20.67,9.34
26.96,15.0
24.85,12.66
16.8,7.79
19.26,4.64
12.94,6.81
13.16,7.6
12.41,4.75
17.49,3.44
18.02,1.55
18.81,4.69
22.44,11.42
29.46,14.0
20.85,11.82
19.89,7.45
24.23,11.32
27.77,13.16
28.63,14.19
29.8,17.06
28.94,20.45
29.03,18.43
28.4,15.67
27.35,15.47
25.34,8.74
22.73,9.75
23.83,13.31
18.05,12.96
18.75,10.31
26.67,14.42
28.84,16.74
24.59,15.04
28.51,13.52
27.11,12.77
27.25,10.6
26.92,10.62
29.1,12.39
31.03,14.9
31.03,18.24
30.72,15.06
25.54,12.0
21.31,9.72
24.59,11.45
28.72,14.18
29.97,15.55
31.43,18.54
33.0,20.64
31.29,19.13
32.1,19.25
28.6,18.4
31.11,18.8
31.0,20.82
28.06,16.37
27.67,14.8
29.72,16.67
32.24,19.75
27.76,21.11
24.78,16.35
25.92,11.94
25.83,11.27
24.37,10.71
24.12,11.12
27.56,15.35
30.93,20.48
29.15,19.35
29.1,16.95
30.12,17.05
30.77,18.91
30.22,19.42
29.27,20.57
26.17,18.69
31.07,17.12
28.34,14.39
29.47,17.26
29.9,22.33
27.26,19.83
32.23,21.86
30.52,21.8
29.54,15.31
28.43,15.89
30.17,17.47
30.98,19.33
31.58,18.15
31.24,19.73
32.46,22.35
33.67,23.38
33.9,21.15
29.65,19.52
29.68,16.77
27.88,16.28
30.41,18.24
29.08,22.31
28.36,15.78
26.13,13.29
28.42,15.25
29.98,17.53
29.39,18.07
29.42,17.32
30.23,18.93
24.08,11.0
25.51,13.02
22.51,16.82
25.55,14.03
27.04,11.66
27.52,13.53
29.39,15.39
27.63,16.52
27.45,13.38
28.02,15.76
28.47,17.27
30.86,18.45
31.87,20.57
31.1,19.85
29.67,18.66
31.5,18.35
32.51,18.98
32.34,20.74
28.63,14.79
26.67,11.41
26.34,11.87
25.86,11.38
26.17,11.96
28.07,13.84
27.19,16.61
26.43,14.94
28.0,15.7
27.73,15.65
16.19,12.57
22.82,11.91
27.94,13.0
30.79,15.9
23.11,8.49
20.08,7.38
21.48,7.5
25.26,9.37
23.73,8.51
23.41,8.33
22.67,9.4
21.12,14.48
18.59,16.02
23.17,13.0
28.23,13.4
29.84,15.4
30.47,16.68
28.02,19.46
27.06,17.76
30.87,18.34
32.73,19.13
32.66,17.6
32.26,16.83
32.51,15.22
32.01,15.56
32.15,17.11
29.38,12.43
23.24,7.96
25.16,7.37
23.93,5.49
24.37,5.98
26.9,10.58
29.03,14.51
26.78,17.52
23.83,16.96
27.4,17.36
28.38,13.04
19.93,14.05
22.45,15.01
21.95,15.74
18.38,13.43
17.88,12.6
23.64,11.18
28.8,14.48
23.29,6.87
17.51,2.92
20.57,2.97
21.82,4.07
24.58,6.69
25.36,7.25
24.21,9.63
25.78,14.4
17.8,7.95
11.41,4.43
11.24,-0.36
17.51,-0.16
13.22,1.72
4.45,1.23
4.29,-1.64
8.21,-0.6
7.77,-0.7
15.63,1.84
20.06,12.43
16.95,6.9
20.13,9.33
23.4,9.47
12.52,6.68
9.39,4.36
11.77,-0.8
13.64,-2.08
3.63,-3.93
7.33,-3.63
8.77,2.08
8.41,0.25
11.79,0.2
9.91,0.75
6.06,-1.68
16.04,0.55
18.09,2.14
3.98,-3.81
10.07,-3.51
13.69,-3.01
5.74,-4.52
9.35,-2.61
14.44,-1.48
15.56,-2.12
12.74,-2.7
17.56,0.5
17.79,4.77
14.72,2.87
12.85,-2.1
12.33,-2.35
13.73,-1.56
15.36,-1.24
18.66,4.17
9.5,-2.16
7.71,-2.27
0.13,-8.33
0.38,-8.83
0.47,-6.66
4.07,-6.13
9.87,-4.03
0.31,-7.84
8.08,-5.84
1.06,-5.8
1.28,-4.3
10.79,-1.05
7.55,2.94
7.9,5.35
10.16,2.14
9.87,-1.4
13.15,-1.52
12.43,2.79
3.47,-1.35
1.97,-6.16
-1.58,-7.87
-5.03,-16.08
-8.68,-16.49
-4.66,-12.58
-3.14,-7.76
-4.89,-14.88
-8.57,-18.38
-11.21,-20.71
-7.47,-20.68
-3.4,-16.23
-6.82,-17.31
-7.81,-18.75
-6.36,-18.88
3.57,-9.92
3.55,-0.11
6.09,0.04
14.81,4.57
15.37,-2.17
-1.23,-9.9
-4.59,-16.25
-5.16,-16.29
-2.15,-16.12
-11.83,-17.6
-5.93,-14.31
0.57,-11.97
5.66,-6.7
9.74,0.71
13.0,7.23
13.72,2.44
3.76,-1.11
0.66,-5.27
9.02,-4.43
14.2,1.12
10.57,-2.55
11.74,-3.55
1.84,-5.51
1.38,-5.96
11.86,-0.99
6.63,-10.5
-3.8,-11.62
4.52,-6.34
3.76,-10.43
-1.74,-10.73
0.44,-4.43
0.28,-8.56
1.06,-8.19
11.04,-1.14
5.36,-0.69
1.5,-6.58
4.68,-6.89
7.24,-4.61
15.31,5.26
20.22,8.15
7.67,-1.55
2.76,-1.66
12.79,-1.4
23.24,12.35
25.56,10.3
11.13,3.75
11.84,4.24
16.21,7.4
15.35,6.54
9.69,-0.7
13.41,-0.9
16.77,0.5
13.48,9.94
14.3,0.36
9.77,-2.22
11.01,-1.97
11.57,-0.88
9.73,0.33
13.91,-0.63
4.06,-2.53
1.55,-4.55
7.78,-3.9
10.49,-0.69
7.02,-1.82
5.35,-3.75
6.33,-5.41
5.94,-4.82
15.36,-2.25
9.66,-2.42
8.82,-1.83
14.75,-0.1
16.72,-0.02
2.64,-1.81
5.86,-4.03
9.03,-3.64
10.89,-1.54
2.57,-2.04
8.56,-1.63
15.16,2.92
13.75,9.73
14.52,9.77
14.54,5.14
10.63,0.51
15.74,1.31
9.43,-0.77
10.15,-0.49
22.83,1.01
3.18,-3.41
11.09,-2.23
15.07,-2.03
6.29,-4.59
6.45,-1.98
6.41,-1.67
7.02,-1.89
18.62,-0.31
26.77,13.29
26.92,15.77
20.97,10.65
11.69,0.6
2.6,-0.57
11.05,0.4
22.6,1.62
12.9,-0.74
16.6,1.32
18.33,5.73
19.81,8.66
14.76,9.71
13.64,10.34
19.37,4.61
20.33,4.22
21.56,5.99
14.81,0.03
17.37,0.8
23.59,5.44
27.68,14.35
29.08,18.5
25.49,17.61
26.42,13.47
20.24,11.8
27.9,9.42
23.33,8.08
26.02,9.86
28.78,15.42
29.14,15.06
30.41,18.58
29.8,16.75
31.54,18.3
32.74,19.92
31.64,18.56
26.3,16.47
28.79,17.37
23.55,18.13
25.93,17.16
31.0,17.89
29.88,18.34
29.88,15.13
27.92,14.13
28.65,13.91
30.95,17.88
30.68,18.12
32.81,18.31
33.42,20.04
31.14,21.63
27.09,20.38
29.29,19.61
29.7,18.29
30.71,19.6
27.37,12.78
24.94,12.3
28.79,13.56
26.67,15.5
31.21,18.22
32.17,18.29
32.78,17.72
25.55,18.14
25.87,18.63
27.83,19.7
29.19,14.28
28.92,15.17
31.25,18.51
33.77,20.9
34.0,22.11
33.33,22.72
32.87,20.98
30.65,21.39
26.8,18.79
24.96,18.25
24.55,17.34
27.65,19.91
24.07,20.04
25.48,19.4
28.92,18.15
30.52,19.99
31.92,20.26
32.75,22.7
32.99,22.53
32.13,21.89
31.67,22.14
34.38,22.68
33.94,21.31
28.05,13.15
27.37,14.18
31.27,17.8
32.94,19.93
33.17,20.4
29.81,16.0
29.36,15.93
31.85,17.15
33.12,20.87
29.64,21.16
30.41,19.25
30.76,14.97
29.86,15.42
30.17,17.62
29.92,18.55
25.08,18.95
26.6,16.63
25.95,16.52
29.06,17.43
30.34,17.02
29.82,16.12
26.96,14.39
27.29,15.0
27.42,17.83
23.92,18.62
24.28,17.44
27.07,16.0
29.44,16.95
30.31,19.33
32.0,19.77
32.73,20.18
32.39,20.38
29.82,20.62
29.98,18.55
29.59,18.9
30.33,19.75
30.15,17.21
30.25,16.98
29.77,16.47
30.94,19.31
25.48,19.7
27.31,20.46
28.05,19.94
28.97,18.62
30.29,19.35
28.59,20.15
27.38,17.44
25.38,11.82
26.68,12.36
24.14,14.13
29.13,20.47
32.41,22.03
32.55,21.69
33.03,21.7
31.25,18.85
28.9,17.5
30.82,18.67
29.72,19.85
32.15,20.73
33.32,20.86
33.66,20.54
33.15,20.88
31.13,20.64
27.39,18.3
19.22,15.05
16.35,13.75
19.95,12.51
22.9,12.98
23.44,15.0
29.92,16.4
30.94,17.23
31.44,19.2
30.06,20.08
30.64,18.69
32.94,18.73
32.93,19.4
33.42,20.69
30.82,15.23
16.9,13.38
24.78,13.54
21.89,16.82
25.32,18.87
21.83,11.31
16.63,7.51
22.93,8.48
22.56,9.35
27.27,11.42
29.68,13.7
30.25,18.86
30.84,19.1
26.89,16.99
31.19,18.71
31.58,18.07
31.72,18.3
31.44,19.51
30.62,19.41
24.7,11.46
15.87,2.08
12.3,2.44
12.49,3.15
12.79,7.19
12.24,1.04
12.14,1.07
16.13,-0.23
14.63,-0.53
13.72,0.69
17.18,-2.26
12.41,-2.1
19.26,0.91
17.53,0.53
14.38,1.09
14.23,2.84
9.63,5.69
12.97,3.66
18.61,2.97
16.83,2.35
20.88,5.69
18.55,7.81
10.83,5.08
9.85,0.76
14.2,0.61
16.37,7.51
16.03,8.55
15.48,3.35
12.8,-1.01
6.57,0.02
6.8,-6.48
3.19,-6.84
6.89,-5.59
7.04,-0.28
2.05,-6.43
0.84,-6.23
1.42,-1.5
4.59,-1.47
8.23,0.56
10.59,0.9
5.95,1.67
3.9,-2.99
9.23,-3.67
11.47,-3.15
11.85,-1.15
13.76,0.43
15.72,0.27
2.35,-5.75
-3.61,-7.2
1.2,-7.65
7.34,-0.55
12.32,5.67
14.93,7.97
16.57,3.86
4.53,0.37
1.74,-1.98
0.39,-3.26
4.88,-5.91
3.99,-6.78
-1.81,-6.1
4.94,-7.34
1.66,-9.07
7.64,-7.25
11.39,0.81
10.04,4.51
10.23,5.95
8.81,3.29
10.73,-0.76
10.42,-3.14
7.99,-3.5
12.89,-1.66
8.42,4.93
6.63,-0.38
5.11,-1.63
3.28,-2.92
7.75,-3.16
8.65,-3.97
9.28,-3.67
14.1,4.68
13.82,-0.21
2.35,-2.74
7.07,-2.95
17.32,4.56
5.76,3.07
4.81,-0.03
5.07,-1.07
10.26,-0.25
12.44,-0.19
12.72,-0.01
14.26,8.11
16.08,-1.6
-0.38,-6.55
-0.63,-7.01
1.15,-7.46
1.77,-1.77
0.91,-3.71
1.05,-7.35
1.27,-4.14
2.71,0.55
5.21,0.89
3.17,0.1
3.94,-10.2
-6.3,-16.88
-6.24,-16.69
7.72,-8.03
10.5,-4.77
0.02,-11.81
-2.57,-11.96
2.06,-3.72
-0.12,-5.79
8.91,-9.76
-5.55,-16.98
-14.86,-19.97
-6.92,-18.79
1.5,-7.43
10.26,-3.13
18.38,2.78
13.61,3.42
12.22,3.22
14.5,9.02
17.19,-7.02
-2.42,-10.07
-0.38,-9.78
2.64,-3.85
9.84,1.43
11.39,-4.14
3.74,-3.87
13.49,0.57
1.83,-4.07
2.97,-4.62
0.93,-2.26
0.42,-5.03
2.22,-5.36
8.26,-1.36
7.76,-2.04
6.23,0.68
14.84,4.34
7.3,-5.21
5.03,-5.55
10.97,-3.37
14.67,-1.8
1.6,-1.07
4.14,-0.85
5.09,-0.48
0.67,-11.51
-6.18,-13.4
-3.58,-12.5
-0.49,-10.66
2.09,-3.93
3.63,-0.53
15.76,1.57
10.08,-0.07
11.25,-2.4
10.58,-2.53
21.02,6.36
22.02,6.59
7.18,-0.92
9.45,-2.67
11.92,-3.12
9.73,-3.41
10.93,-2.8
13.23,2.08
7.78,1.57
11.66,-2.97
14.09,-2.53
13.84,5.41
9.48,-1.93
9.56,-2.53
15.65,-1.59
21.91,5.44
17.23,11.19
15.59,-1.45
3.88,-4.51
8.42,-3.25
15.17,-0.45
16.84,3.16
21.64,8.86
15.69,8.79
20.6,9.65
20.59,12.23
23.21,9.91
21.33,6.12
21.53,8.01
27.23,9.84
19.27,4.99
19.06,6.09
21.3,1.8
12.5,2.06
24.88,7.13
24.9,12.98
22.61,5.87
8.05,3.11
6.92,2.13
20.93,4.35
25.26,10.29
24.98,9.59
19.98,9.98
20.19,8.37
18.27,5.41
16.5,5.18
12.8,5.4
25.0,7.81
26.36,12.86
26.82,14.04
22.83,15.55
21.75,14.39
16.0,9.73
22.0,7.83
24.86,9.38
26.18,11.73
28.36,13.84
23.44,11.35
14.08,6.46
18.19,7.13
11.26,7.86
14.54,5.01
20.71,6.8
21.61,9.22
25.97,12.09
29.83,16.07
30.62,18.69
24.15,13.32
21.75,9.13
19.75,9.94
25.64,17.24
29.47,18.27
31.34,18.99
30.39,20.16
29.63,16.76
29.08,18.74
30.38,21.61
26.7,17.29
25.09,16.78
26.18,14.57
27.61,16.53
26.3,8.87
24.43,11.32
26.98,15.52
30.1,17.93
28.57,18.86
26.02,18.92
24.5,19.13
25.74,19.47
23.51,9.74
24.43,10.88
25.02,13.14
20.23,7.86
24.16,11.68
24.74,17.15
26.53,18.43
26.87,19.16
26.8,19.11
27.89,19.69
23.35,14.88
25.72,16.11
24.58,17.1
28.79,18.56
25.11,16.8
28.59,17.56
31.47,19.26
30.95,18.94
31.9,19.84
32.52,21.23
33.0,18.81
31.69,20.02
33.07,20.5
30.66,19.67
31.56,20.31
32.7,21.59
30.8,21.34
31.55,20.18
29.83,18.04
31.95,19.28
33.33,21.54
31.58,17.35
29.63,14.87
32.06,17.34
32.58,20.68
31.28,21.99
30.61,22.03
31.22,21.55
33.31,23.4
33.14,22.77
33.61,22.99
33.19,21.74
25.7,14.57
26.82,13.64
26.65,13.2
27.88,14.52
29.46,15.61
30.75,17.96
31.24,19.12
30.94,19.7
29.8,18.13
28.69,16.16
30.08,17.27
29.94,16.14
30.32,15.46
31.18,16.39
32.06,17.48
30.48,18.55
29.73,17.44
31.26,18.03
30.66,15.24
29.31,14.72
30.27,17.3
28.71,20.73
30.13,19.43
31.64,16.58
29.09,15.88
30.37,17.69
29.91,19.78
33.19,19.42
33.62,20.19
32.21,18.92
30.28,19.74
26.47,18.96
24.17,12.79
25.51,13.22
27.47,14.75
22.0,20.31
26.57,15.02
26.27,12.22
28.27,14.14
29.72,19.01
24.69,17.41
29.62,17.82
28.21,15.51
30.03,17.32
28.78,13.7
25.48,12.73
28.25,14.08
23.94,12.37
25.17,14.75
30.24,16.12
34.36,18.28
32.75,19.2
32.81,19.8
32.92,15.51
27.76,13.32
30.5,15.37
31.93,16.94
28.95,14.92
30.16,15.17
30.84,15.7
30.75,17.88
31.17,16.42
31.23,17.71
27.83,9.68
26.1,10.09
29.54,13.28
25.88,9.58
32.53,12.1
32.24,18.33
32.99,18.11
33.94,16.52
33.7,17.87
33.46,17.5
31.48,10.32
22.07,8.21
26.88,8.59
22.02,12.32
20.47,5.31
22.97,6.0
23.81,6.73
27.17,11.41
21.85,1.18
13.84,0.75
20.6,1.94
20.33,2.55
23.77,4.55
10.79,1.46
15.49,1.03
17.76,1.55
22.19,3.5
24.07,9.47
21.58,9.69
16.42,2.82
18.98,2.75
18.93,7.85
14.7,8.93
18.46,9.92
18.36,3.44
19.17,4.2
15.93,9.11
13.04,9.25
9.86,-2.64
8.59,-2.75
11.12,-2.26
12.29,-1.6
15.82,2.9
11.21,-1.35
12.46,-0.65
6.22,-6.77
2.44,-6.88
8.86,-2.46
17.76,4.09
11.95,-9.91
-5.03,-13.15
-0.07,-11.76
6.37,-5.51
6.58,-5.37
8.09,-4.08
8.64,-3.65
5.64,-0.86
7.12,-1.31
8.25,3.54
12.57,4.47
7.54,-1.63
3.75,-0.59
10.04,0.2
14.83,2.28
15.07,5.5
13.67,1.35
3.7,1.26
6.43,2.41
13.8,3.23
9.66,0.85
2.51,-0.63
4.45,-0.58
10.38,-2.43
11.61,-2.83
9.73,-4.38
7.61,-4.62
13.7,-1.42
13.85,-2.49
-1.55,-7.66
3.43,-7.34
7.07,-4.98
8.07,0.83
6.41,-1.19
1.6,-1.78
1.24,-1.1
2.45,-5.93
-0.76,-9.95
4.18,-8.72
7.85,-5.62
11.28,-3.67
12.68,-3.39
15.41,-1.99
16.27,-1.8
18.66,-0.95
17.58,8.59
15.06,6.03
16.03,6.76
16.55,4.87
5.57,1.13
2.87,-0.14
9.27,-0.7
10.64,6.19
10.69,3.42
4.13,-2.2
9.38,-2.58
8.87,-2.57
9.15,-2.18
5.14,-2.88
14.21,-2.43
17.47,9.95
18.32,2.01
5.55,1.07
7.75,1.31
10.57,-0.55
13.34,0.83
5.0,-4.97
3.22,-4.6
11.04,-8.37
-7.23,-10.14
-3.08,-8.86
0.21,-8.91
3.73,-8.22
8.69,0.26
7.72,1.34
1.92,-0.64
7.13,-2.98
3.43,-2.36
1.75,0.07
2.58,-0.12
4.29,0.03
3.72,0.15
6.08,0.1
17.67,1.32
20.66,4.28
14.38,0.33
3.35,-0.4
0.41,-2.8
1.58,-2.94
2.14,-4.38
10.54,-3.13
6.61,0.5
5.53,-1.49
2.67,-0.97
2.74,-12.4
-4.24,-12.93
7.58,-9.55
10.57,-1.67
12.04,0.12
10.4,-3.55
6.55,-3.83
1.5,-9.17
3.33,-9.12
9.72,-5.91
13.38,1.38
7.17,4.77
7.69,1.95
3.03,-3.59
2.61,-3.96
2.79,-6.32
4.05,-6.75
17.45,-2.42
12.39,8.55
14.66,0.63
16.24,-1.06
15.63,-0.5
2.94,-4.95
10.23,-4.82
18.42,0.15
17.77,9.47
13.61,5.29
10.98,3.68
16.57,3.77
11.29,2.02
5.88,1.01
7.51,1.08
9.18,3.55
12.4,3.57
15.66,4.99
20.1,11.72
21.66,0.13
3.49,-1.52
5.99,-1.12
11.77,2.55
11.8,3.13
17.08,3.64
20.7,6.72
24.44,12.65
25.93,16.28
18.65,7.54
16.47,5.2
8.23,4.14
12.0,0.16
16.77,1.92
21.24,6.6
20.38,7.14
15.09,6.98
21.57,8.45
26.19,14.15
27.35,7.05
12.66,0.14
11.02,0.67
17.02,5.66
16.62,8.25
9.4,0.4
8.72,-3.05
10.64,-4.15
9.99,-0.28
10.79,0.77
12.91,1.18
14.68,2.98
18.83,4.48
14.41,0.11
21.98,3.43
13.39,9.8
19.81,7.67
19.0,6.57
16.07,1.76
19.49,4.94
24.34,13.56
17.96,6.91
9.97,5.75
20.3,6.48
28.06,13.26
22.36,6.54
21.2,7.68
9.22,4.64
15.89,3.43
19.87,7.0
12.9,-2.07
13.56,-0.01
18.36,3.21
10.68,2.01
16.18,4.3
14.04,8.48
27.61,13.46
24.13,15.94
27.0,17.22
25.24,15.64
19.93,14.16
19.08,12.08
14.44,11.64
18.1,12.52
25.26,13.97
28.33,17.05
30.38,17.73
31.0,17.95
30.09,19.14
26.05,18.64
27.49,17.68
24.78,12.78
23.24,11.2
22.48,8.09
25.12,12.4
31.08,18.24
31.58,20.17
29.35,18.04
30.66,18.43
32.81,16.05
29.4,16.06
30.83,18.66
28.87,22.7
31.29,15.09
27.4,13.17
29.69,12.92
26.68,12.99
24.33,10.85
25.41,12.68
27.65,14.05
28.7,14.59
29.09,15.99
31.4,17.52
32.73,18.38
28.71,18.83
30.23,19.42
26.39,16.69
27.31,14.61
29.15,16.83
31.32,21.12
25.78,20.09
27.46,20.96
30.57,20.36
29.74,20.11
31.62,20.1
31.78,18.66
32.54,19.82
33.81,20.2
33.83,20.83
32.88,20.59
33.27,21.09
32.45,20.58
33.52,21.22
30.19,18.91
31.89,17.16
28.41,16.02
28.43,15.76
30.59,16.8
31.81,19.88
26.73,17.94
30.87,19.48
32.81,22.81
33.43,21.27
31.65,20.93
32.13,20.43
29.33,21.02
29.9,18.53
30.33,17.66
31.21,18.78
33.11,21.83
32.12,20.22
30.41,18.01
31.16,19.87
23.34,19.56
25.8,19.46
26.76,17.24
26.88,17.26
27.33,16.89
25.03,12.38
24.32,13.3
25.7,14.0
26.79,13.2
28.61,15.76
30.76,18.59
29.75,19.39
28.98,19.62
28.61,20.04
29.94,20.37
27.97,18.96
30.3,18.76
28.33,16.3
29.75,17.29
24.35,13.8
25.59,13.02
26.71,13.4
27.77,16.47
27.97,18.17
29.11,18.9
31.2,20.07
32.36,20.25
31.25,21.49
28.43,22.41
28.8,20.65
29.41,13.97
26.37,15.62
26.48,17.83
27.28,19.77
27.27,19.7
28.87,14.84
26.04,9.16
27.14,10.82
26.86,15.68
29.65,17.17
30.67,16.36
30.76,16.69
29.59,18.17
23.02,17.53
28.41,17.72
27.47,14.02
25.95,11.43
23.11,8.76
25.86,9.14
27.28,10.62
19.94,6.03
20.42,4.57
22.98,5.34
23.98,6.53
24.14,8.41
22.65,9.83
24.58,10.6
26.15,11.58
24.61,13.72
26.27,13.99
18.44,6.45
17.98,6.61
24.81,4.89
20.25,2.03
17.23,3.23
18.66,6.74
15.89,-0.5
17.6,0.74
23.1,4.74
29.4,6.6
26.35,7.27
28.13,9.2
23.87,15.43
26.4,15.27
25.01,4.23
21.12,4.27
25.9,6.13
17.04,-0.78
14.91,-1.58
17.27,0.26
16.61,8.83
11.89,7.41
17.15,8.19
20.22,11.72
27.51,12.73
25.52,6.43
12.71,5.79
10.97,6.17
9.33,6.81
10.71,6.83
11.94,8.02
10.73,3.26
10.2,-1.34
14.9,0.13
10.89,-3.23
9.8,-2.67
18.4,0.23
22.07,5.39
19.84,4.08
21.34,3.47
23.32,3.81
26.59,9.59
25.99,10.89
25.21,11.4
13.01,-0.45
13.08,-0.4
13.28,-2.35
17.32,-0.37
13.81,1.65
13.53,1.43
6.68,-2.14
10.1,-2.05
18.59,6.2
17.57,8.55
10.2,6.25
9.43,1.25
9.56,1.5
11.04,4.4
14.99,7.91
10.6,7.34
12.83,-0.66
9.56,-2.63
11.74,-2.32
2.76,-2.24
1.41,-6.1
6.96,-6.01
6.99,-3.74
7.29,-2.61
7.23,-4.06
3.67,-3.72
1.37,-1.47
2.78,-0.81
13.78,-1.62
16.43,-1.45
18.0,4.8
16.29,3.76
5.82,1.9
2.24,-6.5
2.17,-6.01
1.32,-1.5
0.35,-5.7
3.52,-6.0
5.63,0.46
6.97,0.63
9.64,0.41
7.77,-0.88
13.48,-1.6
-1.72,-11.06
-7.8,-11.72
3.77,-9.81
12.06,-1.59
2.98,-3.19
5.7,-3.86
11.08,-2.37
0.46,-2.47
10.42,0.34
3.7,1.24
2.59,-3.01
7.96,-2.67
2.04,-0.27
2.99,-0.98
3.8,-0.7
0.6,-2.12
-0.05,-6.93
0.01,-6.44
-1.51,-4.43
3.32,-4.21
8.46,-2.14
9.44,-0.24
6.07,-1.48
1.59,-1.48
1.42,-1.71
2.63,-1.88
7.27,-2.8
3.4,-3.34
10.83,-1.88
3.13,-9.54
2.04,-9.68
1.44,-1.28
3.91,-0.38
7.46,-0.41
0.69,-8.52
-0.75,-10.66
1.43,-10.66
3.8,-3.46
5.81,-2.26
-0.56,-5.8
1.17,-6.09
3.32,-5.21
4.23,-3.89
3.74,-5.87
2.75,-11.11
-4.6,-12.4
1.57,-8.45
-0.67,-5.71
-3.49,-7.23
-2.84,-7.32
-1.62,-6.49
-2.28,-9.88
-3.5,-10.54
-6.7,-11.73
-6.8,-16.72
-3.97,-15.66
-1.04,-12.31
-1.85,-14.42
0.9,-11.09
8.3,-8.3
5.04,1.1
13.36,0.59
17.08,-2.17
8.88,-2.28
7.71,-0.28
12.84,6.36
16.88,1.71
8.14,-4.61
7.42,-4.67
17.4,-1.86
11.94,-3.98
8.63,-4.9
9.29,-4.09
11.4,-3.63
18.71,-1.33
19.49,1.23
21.04,9.48
18.48,6.48
15.84,4.67
13.04,-0.33
10.51,1.11
5.19,0.93
14.87,3.1
17.28,5.64
16.17,-0.34
10.85,-2.35
16.07,-2.15
19.23,0.77
19.74,4.29
19.64,8.81
22.66,6.62
17.77,7.94
13.98,4.25
23.36,5.77
11.16,-1.58
15.25,-0.41
23.14,5.41
11.53,-1.94
5.0,-5.7
9.29,-4.44
18.26,0.33
24.1,5.61
25.1,7.74
25.92,9.61
27.23,12.18
21.22,10.82
26.83,10.83
18.51,8.93
11.54,8.42
20.49,8.13
19.37,8.8
17.38,2.69
13.86,0.82
16.87,2.32
14.29,1.74
17.9,2.75
20.15,2.76
16.81,-1.78
8.59,-1.74
12.91,0.48
16.1,3.5
11.85,6.25
17.49,3.35
24.19,6.31
27.9,16.49
25.96,17.1
20.91,9.72
22.06,2.19
23.07,4.69
25.09,13.68
22.63,15.42
20.74,8.55
17.1,3.45
17.64,3.84
17.88,1.79
15.37,4.54
16.42,2.05
16.53,4.36
16.24,3.79
17.4,3.13
19.67,4.26
21.43,5.02
22.57,9.96
21.56,12.8
21.92,14.21
25.52,15.0
27.12,15.6
28.88,15.22
28.77,13.43
29.69,14.77
30.34,15.88
31.13,16.15
31.15,18.19
25.4,17.41
27.5,17.69
22.45,7.68
14.54,4.54
20.0,6.64
23.49,10.72
23.99,14.29
18.96,15.91
22.4,14.1
29.48,14.83
29.36,16.71
27.95,19.13
27.78,20.34
25.1,20.7
25.56,20.7
27.49,20.1
30.69,19.34
33.25,19.89
31.69,15.02
31.48,13.76
27.56,13.4
27.34,13.49
29.73,15.6
32.6,18.7
28.38,18.1
30.76,21.43
27.53,12.34
22.36,10.93
25.4,13.01
27.87,18.89
27.56,22.12
29.93,21.76
31.48,21.01
32.4,21.08
33.96,21.2
28.87,20.43
26.19,14.43
24.64,13.32
26.11,14.79
30.11,18.28
31.45,19.64
31.96,19.39
30.95,20.91
28.15,16.72
24.26,16.5
26.0,17.93
25.81,20.17
28.18,21.01
27.43,18.86
29.13,20.04
31.09,20.57
28.55,20.54
27.21,19.09
27.7,17.28
28.27,17.46
29.08,17.73
27.7,17.28
27.89,16.87
29.17,17.75
30.41,19.13
30.92,21.28
31.8,17.47
31.29,18.29
31.05,19.85
31.26,20.39
27.88,17.18
22.68,14.16
27.46,12.74
26.19,13.56
27.33,13.79
28.17,14.9
29.47,16.32
28.78,18.34
30.62,18.85
31.16,19.54
26.45,21.6
32.95,23.3
32.77,24.14
34.17,21.09
30.57,20.66
28.63,19.09
24.59,18.63
28.05,19.61
29.29,19.53
31.13,20.65
30.4,19.39
31.41,19.45
31.63,19.28
32.97,20.09
33.41,20.46
33.88,21.37
31.09,20.34
34.09,20.5
33.89,20.51
33.24,21.27
32.92,21.29
26.61,20.06
26.42,18.72
26.76,13.5
26.34,13.4
26.2,14.31
26.07,17.96
26.55,12.94
28.92,13.55
29.21,16.89
27.62,12.57
25.56,11.97
26.3,12.6
28.01,15.66
29.77,18.06
30.3,18.42
30.82,19.83
24.97,14.93
28.31,15.65
31.03,17.28
32.0,18.34
29.96,19.02
23.3,18.68
24.69,14.04
15.3,9.73
19.74,7.12
23.32,8.07
21.58,7.6
24.36,8.45
29.34,14.59
29.53,15.29
29.76,15.07
27.99,13.31
27.04,13.43
24.39,15.81
24.51,16.33
23.07,14.94
25.89,15.88
24.91,17.02
24.67,15.91
26.35,14.31
28.78,14.41
28.95,18.23
27.76,17.81
20.07,11.49
24.97,12.28
28.26,18.82
25.15,9.61
17.17,4.96
20.31,4.61
21.96,4.96
21.99,5.97
23.09,7.18
21.01,10.05
12.76,7.49
16.1,7.41
23.81,12.54
16.4,8.51
14.41,1.7
15.59,1.72
12.66,8.65
16.51,10.6
13.5,9.13
17.52,2.85
12.47,2.16
9.77,-2.48
9.87,-2.54
10.74,-2.59
11.96,-2.54
14.68,-1.48
17.65,-0.86
21.23,2.01
17.48,3.74
20.89,5.88
16.85,2.9
10.72,1.68
4.28,0.45
5.48,-2.82
5.05,-2.38
16.73,-0.16
19.11,4.36
8.69,-3.9
6.1,-4.36
12.51,-1.33
8.04,-1.55
4.78,-6.33
5.88,-6.39
13.21,-0.38
8.9,-4.16
1.45,-4.68
9.86,-0.1
8.1,-5.6
7.48,-6.06
13.37,-0.15
11.76,3.38
18.77,1.8
17.96,1.45
12.91,0.72
17.38,2.36
6.7,-5.59
-1.67,-5.49
5.76,-5.38
14.81,-1.25
19.23,9.64
17.26,-2.43
9.12,-2.89
12.4,-1.73
14.39,-1.2
18.58,11.76
16.71,-0.96
8.53,-0.92
11.85,-1.57
1.93,-5.3
6.68,-5.32
7.93,-4.83
3.09,-5.34
11.69,-3.67
17.85,9.04
20.99,7.53
15.83,6.3
20.8,5.72
12.54,4.38
9.89,5.6
9.35,5.71
17.77,8.75
14.49,3.0
2.54,-5.0
1.19,-6.43
6.24,-6.06
6.39,-8.59
-6.52,-12.97
-6.7,-13.3
6.41,-10.67
6.47,-8.37
0.72,-10.13
1.81,-9.98
10.48,-1.14
8.39,-1.43
2.31,-2.5
0.63,-6.23
1.59,-6.38
-1.68,-4.66
6.67,-4.96
10.1,-6.84
-3.34,-8.41
-2.79,-12.92
0.54,-12.81
3.11,-7.1
5.51,-7.0
-1.32,-14.35
-4.29,-14.83
2.38,-9.18
-0.64,-16.11
-2.52,-16.07
5.58,-7.1
5.45,-6.69
16.55,-0.14
8.13,-1.33
-0.85,-6.94
-3.86,-11.6
-4.8,-12.58
3.54,-10.1
2.11,-9.3
9.13,-8.07
11.43,-1.63
6.89,-2.63
12.84,-1.83
-1.3,-8.03
-1.56,-9.2
1.05,-9.41
13.24,-7.32
17.38,8.26
13.14,-5.2
2.09,-5.89
1.19,-6.17
15.36,-4.23
18.17,4.14
16.79,-2.12
-1.14,-2.82
2.94,-1.68
0.0,-3.87
3.56,-5.42
10.05,-5.34
11.87,-3.81
19.42,2.22
21.34,2.14
8.53,-1.13
13.73,-1.23
23.85,7.06
21.8,10.3
14.7,0.29
4.68,0.3
10.36,-0.79
11.49,-0.64
7.48,-8.62
-1.87,-8.85
11.6,-3.14
18.46,2.64
20.03,2.94
21.98,2.98
22.84,4.65
17.73,8.28
8.96,2.15
17.94,1.77
21.8,3.6
18.94,9.33
19.82,6.46
11.51,4.6
7.61,2.72
5.66,-2.61
6.85,-5.48
7.01,-4.98
8.97,0.74
26.51,7.81
8.16,1.28
6.81,-2.96
13.31,-2.01
16.01,0.84
16.34,5.83
14.2,6.53
14.29,5.83
11.83,2.35
9.28,1.3
8.01,-1.84
18.49,-0.62
18.06,10.82
22.4,11.08
21.2,3.95
16.68,3.8
21.82,7.7
17.67,1.81
11.26,1.9
7.5,0.82
12.03,1.31
19.62,6.73
19.02,7.99
26.41,10.02
29.19,15.26
28.55,17.61
19.07,3.51
14.95,2.29
19.21,3.69
19.37,7.72
22.73,12.02
26.42,13.54
22.74,6.56
22.37,8.84
25.97,10.21
15.43,10.34
16.68,12.43
22.31,9.71
17.79,8.27
21.97,9.6
26.28,12.55
29.48,17.49
31.1,13.48
30.4,14.68
29.66,14.99
29.57,13.84
30.19,12.81
25.59,11.52
28.2,13.15
22.06,14.57
27.93,15.32
30.73,19.81
29.07,17.08
20.14,10.99
19.06,10.45
24.31,12.09
29.09,18.09
22.85,14.57
20.46,11.04
22.78,12.19
27.78,14.48
30.81,18.14
31.3,19.19
30.74,19.18
24.53,12.76
27.07,12.0
28.5,12.74
28.75,15.29
27.84,18.45
27.49,16.3
28.52,14.12
25.67,14.2
22.09,14.37
26.18,15.15
29.67,19.59
33.65,23.6
34.42,23.72
34.01,23.84
33.21,24.45
30.6,15.84
26.25,11.82
26.59,12.59
30.69,13.83
33.57,18.17
34.54,17.08
30.34,15.47
31.04,16.1
30.88,17.8
28.78,15.19
26.81,10.7
26.37,10.33
29.65,14.18
33.13,20.29
33.23,21.22
30.61,19.49
30.86,18.24
32.89,20.86
36.24,24.17
34.77,22.93
27.66,21.87
25.93,20.47
26.5,16.08
29.71,16.88
30.75,19.52
30.6,17.24
30.47,18.21
29.75,16.4
29.02,20.23
31.55,21.38
24.96,20.81
28.83,19.91
31.04,21.16
33.55,20.31
31.63,19.9
33.04,21.03
31.39,22.87
32.1,22.13
27.06,19.65
25.53,19.18
28.74,21.08
30.58,20.73
27.41,15.6
27.49,17.26
26.9,19.12
29.81,19.87
27.87,19.32
32.73,20.88
28.33,20.74
28.36,21.26
31.53,21.08
32.01,21.22
32.26,22.05
29.89,21.27
28.01,16.68
29.27,15.78
25.56,13.42
27.17,15.39
26.51,18.68
26.92,15.79
27.92,15.63
28.02,15.42
29.5,15.45
30.22,16.7
29.65,18.73
27.18,17.62
27.35,15.94
28.43,14.48
29.57,14.8
29.94,16.05
30.08,18.0
30.24,18.84
33.06,20.92
32.32,20.3
29.43,14.24
27.85,13.69
29.77,15.58
30.33,18.07
24.29,18.81
26.87,19.63
27.76,19.98
26.07,15.97
26.77,13.58
26.16,13.41
29.09,15.8
29.22,18.7
25.77,13.53
22.3,12.31
21.44,12.48
26.92,13.03
28.35,13.12
28.41,14.09
29.04,14.56
29.56,16.19
28.81,15.77
31.58,16.51
34.71,16.52
21.84,6.38
19.84,8.1
25.67,12.42
24.05,10.38
20.97,5.39
19.78,3.8
16.73,4.61
20.03,5.54
21.58,6.07
23.41,6.54
21.95,6.29
21.45,3.04
22.38,3.24
24.73,5.16
24.31,8.38
16.54,0.38
14.86,-0.15
18.27,1.5
23.24,5.15
24.12,8.27
23.59,5.78
17.95,1.19
19.89,1.98
17.63,3.15
22.16,3.95
9.73,0.92
6.94,-0.75
12.24,-2.24
15.23,-0.82
22.69,5.36
25.23,10.65
25.4,9.95
25.3,10.96
22.48,7.9
12.48,-0.05
14.62,0.87
19.31,2.89
21.03,3.95
15.97,9.02
17.44,12.33
20.07,7.35
17.99,6.22
22.65,6.15
24.45,11.58
21.26,7.29
21.66,5.47
19.29,6.29
17.45,5.2
23.28,5.29
22.5,8.19
17.51,-0.75
0.08,-1.97
3.45,-2.28
6.52,-1.98
5.32,1.41
3.41,-1.95
0.24,-3.26
1.44,-7.9
2.23,-8.37
1.79,-8.32
9.39,-5.04
13.85,-4.06
15.16,-3.15
17.02,-1.69
12.63,-3.47
12.76,-3.59
12.45,5.29
8.04,4.93
15.94,0.45
3.65,-6.34
4.38,-7.04
13.77,1.83
11.99,-6.48
5.62,-6.84
7.58,-3.69
11.07,5.9
10.02,4.85
7.57,4.6
9.06,5.12
8.16,4.64
7.95,2.12
7.58,-0.58
8.27,-0.51
12.35,4.99
6.96,1.08
4.56,-0.83
1.19,-4.4
1.56,-7.79
0.93,-7.53
7.41,-5.69
6.71,-5.32
6.77,-22.06
-16.23,-22.3
-8.46,-16.65
-6.4,-14.4
-2.92,-8.8
-0.31,-4.83
10.03,-3.68
14.31,8.83
15.85,8.32
