20170101
8.2,-1.2
12.89,6.11
13.25,-3.8
-1.4,-6.84
-5.36,-13.32
-9.41,-15.72
-8.16,-16.35
-5.29,-15.07
4.99,-6.54
12.74,-1.13
18.2,-0.01
18.91,-1.01
1.97,-0.81
3.24,0.69
4.02,0.75
14.87,4.1
15.31,3.27
5.16,1.62
10.96,3.0
14.88,7.54
18.65,6.11
15.73,6.66
9.02,3.21
7.84,2.12
15.25,1.69
2.98,-0.95
2.15,-4.07
2.01,-3.82
0.45,-6.49
6.93,-7.33
8.37,2.93
6.83,-2.25
2.47,-5.01
-0.19,-10.49
4.81,-10.83
11.26,-1.48
16.28,-0.79
16.18,2.89
5.82,-4.54
-2.02,-8.52
12.61,-4.65
18.54,9.33
16.01,-2.63
9.71,-2.71
11.87,1.74
7.49,-1.6
9.86,-0.25
19.94,4.34
17.39,6.2
15.89,2.38
20.43,3.47
18.69,9.86
20.72,12.07
20.72,13.35
24.78,2.22
2.5,-5.87
8.91,-5.03
11.18,5.2
18.43,8.74
15.39,0.69
7.75,-1.76
4.52,-2.54
11.59,-1.18
19.67,0.22
17.47,9.68
14.26,5.26
16.34,3.02
21.42,1.49
7.05,-3.25
3.41,-5.47
4.27,-4.96
3.2,-4.06
0.81,-6.62
2.19,-7.52
6.66,-6.1
9.4,1.67
6.76,-0.28
10.99,1.04
18.62,5.51
17.42,-0.06
7.02,-1.47
15.42,-0.99
24.3,13.17
25.27,13.54
19.19,6.98
20.3,7.76
16.18,9.15
17.31,8.8
24.95,10.96
13.25,4.7
10.75,2.63
19.27,4.67
21.74,11.98
20.31,8.59
23.62,5.04
9.58,1.53
13.9,-0.28
19.31,2.78
25.81,9.97
26.44,15.23
19.6,5.66
21.53,6.47
26.91,8.46
28.74,12.26
28.55,16.78
26.86,12.63
21.86,9.51
25.97,11.98
28.07,16.63
27.66,9.98
16.09,7.44
13.31,5.5
20.12,6.41
24.53,8.88
24.8,12.08
29.1,15.15
18.35,7.4
21.23,9.74
27.35,15.48
25.55,12.91
17.25,7.84
19.53,4.64
13.53,6.86
13.99,7.46
11.71,4.58
17.41,3.5
18.07,1.38
18.97,4.8
21.98,11.29
29.44,14.0
21.03,11.8
19.52,7.33
24.16,10.89
28.0,13.27
28.75,14.26
29.86,17.11
28.93,20.4
29.14,18.22
28.66,15.67
27.75,15.38
25.42,8.81
22.58,9.56
23.98,13.43
18.11,13.0
18.56,10.4
26.7,14.55
28.91,16.71
24.35,15.05
28.5,13.56
27.32,12.62
27.38,10.57
27.08,10.5
29.31,12.23
31.11,14.81
31.06,18.55
30.44,14.94
25.55,11.99
20.98,10.1
24.62,11.11
28.57,14.11
29.83,16.14
31.38,18.65
33.06,20.84
31.0,19.1
31.19,19.15
28.4,18.4
31.05,18.73
31.19,20.77
28.32,16.47
27.65,14.89
29.64,16.89
32.27,19.89
27.75,21.05
25.01,16.39
25.98,11.75
25.94,11.38
24.37,10.64
24.16,11.02
27.61,15.52
31.04,20.51
29.27,19.6
29.11,16.96
30.18,16.99
30.87,18.96
30.15,19.29
29.25,20.52
26.2,18.47
31.13,16.94
28.22,14.26
29.35,17.47
29.95,22.14
27.16,19.93
32.28,21.93
30.64,21.85
29.65,15.29
28.41,15.89
30.19,17.4
31.0,19.42
31.7,18.21
31.34,19.8
32.56,22.36
33.73,23.28
33.71,21.19
29.7,19.46
29.69,16.62
27.82,16.14
30.44,18.08
29.15,22.31
28.42,15.69
26.16,13.25
28.51,15.2
30.09,17.6
29.34,18.01
29.44,17.26
30.23,18.98
24.15,11.08
25.5,13.06
22.37,17.02
25.33,14.13
26.98,11.62
27.69,13.51
29.35,15.64
27.75,16.62
27.45,13.55
28.12,15.87
28.15,17.44
30.85,18.48
32.01,20.6
31.15,20.16
29.51,18.54
31.51,18.42
32.32,19.12
32.29,20.75
28.78,15.01
26.61,11.44
26.29,11.85
25.78,11.33
26.13,12.02
28.02,14.0
26.94,16.53
26.39,14.94
28.0,15.65
27.79,15.25
16.2,12.33
22.06,11.94
27.84,13.18
30.79,15.69
23.12,8.58
20.13,7.57
21.36,7.65
25.25,9.54
23.73,8.53
23.3,8.4
22.68,9.45
21.22,14.32
18.58,15.82
23.07,12.9
28.01,13.23
29.65,15.18
30.46,16.74
28.17,19.41
27.16,17.7
30.8,18.24
32.78,19.09
32.66,17.58
32.4,16.77
32.57,15.3
32.06,15.45
32.26,17.13
29.52,12.4
23.28,8.08
25.36,7.41
23.43,5.85
24.09,6.6
26.72,10.9
28.87,14.34
26.86,17.22
23.9,16.89
27.36,17.45
28.38,13.45
20.15,14.46
22.51,15.28
22.27,16.01
18.87,13.61
17.9,12.54
23.39,11.34
28.66,14.38
23.27,7.33
17.37,3.41
20.4,3.5
21.45,4.83
24.26,7.18
25.31,7.74
24.16,9.95
25.71,13.96
17.81,7.93
11.61,5.22
11.19,0.16
17.47,0.12
14.06,2.04
4.38,1.32
4.15,-1.33
8.51,-0.47
7.91,-0.61
15.54,2.03
20.11,12.67
16.73,6.94
19.53,8.96
23.52,9.48
12.49,6.62
9.23,4.36
11.73,-0.72
13.69,-2.0
3.49,-4.23
7.1,-3.54
9.08,2.12
7.9,1.03
11.67,0.55
10.09,0.75
5.26,-1.14
15.86,0.6
18.08,2.32
3.86,-3.79
9.99,-3.54
13.72,-2.64
5.31,-4.65
8.51,-2.79
14.32,-1.37
15.44,-1.94
12.6,-2.43
17.67,0.82
17.82,4.64
14.9,3.1
12.63,-2.12
12.4,-2.37
13.67,-1.53
15.33,-1.2
18.62,3.95
9.51,-2.33
7.52,-2.32
0.16,-8.19
0.25,-8.83
-0.09,-6.73
3.76,-6.37
9.58,-4.32
0.29,-7.87
7.95,-6.26
0.9,-6.17
1.27,-4.43
10.75,-1.03
7.47,3.07
7.89,5.21
10.15,2.33
9.91,-1.48
13.26,-1.65
12.44,2.93
3.63,-1.06
1.62,-6.35
-1.91,-7.89
-5.09,-16.23
-8.82,-16.59
-5.04,-12.66
-3.32,-7.49
-5.38,-15.03
-8.54,-18.47
-11.62,-20.95
-7.59,-20.95
-3.5,-16.59
-7.12,-17.39
-8.0,-19.08
-6.32,-19.31
3.56,-10.21
3.53,-0.1
6.0,-0.06
14.85,4.59
15.36,-1.8
-1.05,-9.97
-4.75,-16.06
-5.08,-16.26
-2.09,-15.86
-11.81,-17.65
-5.88,-14.35
0.58,-11.93
5.53,-6.68
9.87,0.69
12.98,6.99
13.63,2.41
3.84,-0.94
0.68,-5.52
8.77,-4.77
14.26,0.73
10.41,-2.2
11.66,-3.53
1.86,-5.31
1.3,-5.9
11.9,-1.03
6.72,-10.58
-3.88,-11.73
4.59,-6.38
3.82,-10.11
-1.7,-10.52
0.46,-3.93
0.12,-8.47
0.8,-8.25
11.06,-1.23
5.55,-0.45
1.69,-6.41
4.72,-6.88
7.3,-4.55
15.28,5.47
20.22,8.9
7.86,-1.6
2.67,-1.66
12.81,-1.55
23.28,12.23
25.62,11.05
11.56,3.71
11.74,4.09
16.33,7.68
15.35,6.85
9.69,-0.64
13.43,-0.87
16.81,0.71
13.56,10.04
14.37,0.66
9.71,-2.4
10.85,-2.0
11.7,-0.95
9.86,0.54
14.1,-0.59
4.07,-2.38
1.18,-4.5
7.35,-3.94
10.52,-0.74
7.34,-1.78
5.57,-3.66
5.8,-5.35
5.66,-4.67
15.27,-2.17
9.01,-2.05
8.35,-1.56
14.86,0.0
16.83,0.11
2.83,-1.61
4.91,-4.27
8.6,-3.92
10.93,-1.69
2.68,-2.11
8.68,-1.54
15.19,3.39
14.04,9.96
14.67,10.04
14.79,5.38
10.23,0.6
16.11,1.35
9.8,-0.7
9.88,-0.37
23.47,1.1
3.53,-3.38
11.31,-2.11
15.48,-2.18
6.42,-4.54
6.64,-2.0
6.73,-1.46
7.3,-1.7
18.7,-0.02
26.87,13.28
27.01,16.02
20.81,11.09
12.25,0.67
2.69,-0.61
11.34,0.38
23.09,1.63
12.9,-0.57
16.85,1.55
18.82,5.7
20.07,8.8
14.98,9.58
13.73,10.4
19.65,4.69
20.68,4.3
22.01,5.92
15.0,0.22
17.59,1.0
23.64,5.11
27.77,14.26
29.15,18.55
25.8,17.67
26.68,13.68
20.11,11.82
27.68,9.59
23.47,8.03
26.21,9.75
28.8,15.56
29.07,14.85
30.51,18.14
29.76,16.84
31.42,18.17
32.71,19.99
31.74,18.7
26.15,16.33
28.67,17.23
23.73,18.15
26.01,17.05
30.99,17.82
30.05,18.34
29.74,14.88
28.0,13.99
28.6,13.75
30.94,18.08
30.46,18.24
32.64,18.65
33.18,20.02
31.17,21.5
27.27,20.44
29.24,19.49
29.52,18.11
30.67,19.56
27.3,12.7
25.04,12.08
28.85,13.55
26.55,15.2
31.23,18.21
32.19,18.05
32.85,17.71
25.88,18.11
25.92,18.63
27.93,19.67
29.18,14.17
29.07,14.89
31.38,18.31
33.89,20.85
34.22,21.86
33.48,22.58
32.96,20.99
30.81,21.45
26.78,18.81
25.06,18.23
24.77,17.62
28.0,19.91
24.17,19.86
25.78,19.4
28.9,18.37
30.73,19.8
32.13,20.09
32.92,22.59
32.95,22.52
32.26,21.83
31.41,22.01
34.42,22.67
34.1,21.48
28.29,13.38
27.63,14.44
31.36,17.5
32.83,19.87
33.05,20.51
29.91,15.98
29.59,15.85
31.96,17.28
33.24,20.7
29.47,21.36
30.16,19.7
30.85,15.07
29.97,15.42
30.22,17.87
29.05,18.4
25.0,19.0
26.86,16.68
26.01,16.65
28.8,17.27
30.39,17.08
29.84,16.35
26.95,14.41
27.3,15.16
27.56,17.86
24.44,18.67
24.54,17.57
26.97,16.24
29.27,16.97
30.38,19.37
31.99,19.82
32.65,20.32
32.37,20.44
29.92,20.75
29.79,18.55
29.54,18.8
30.35,19.88
30.06,17.22
30.23,17.06
29.75,16.57
30.83,19.33
25.5,19.76
27.23,20.52
27.87,20.03
28.87,18.63
30.16,19.34
28.62,20.04
27.25,17.5
25.3,11.77
26.58,12.42
24.23,14.05
28.72,20.43
32.38,22.0
32.45,21.72
32.86,21.65
31.28,19.09
28.82,17.55
30.8,18.65
29.76,19.87
32.15,20.92
33.24,21.05
33.63,20.7
33.03,21.08
31.17,20.63
27.55,18.58
19.37,15.16
16.51,13.76
19.66,12.78
22.74,13.35
23.54,15.25
29.99,16.61
31.22,17.55
31.53,19.53
29.84,20.22
30.29,18.84
32.85,18.81
32.83,19.51
33.37,20.66
30.85,15.41
16.87,13.4
24.56,13.59
21.73,17.06
25.41,19.26
21.83,11.51
16.56,7.41
22.84,8.57
22.64,9.63
27.26,11.7
29.65,14.46
30.2,19.24
30.82,19.56
27.13,17.55
31.25,18.62
31.48,18.27
31.74,18.58
31.4,19.71
30.67,19.43
24.86,11.84
16.15,2.49
12.43,2.77
12.21,3.55
13.1,7.4
12.58,1.51
12.05,1.42
16.3,-0.09
14.6,-0.23
14.16,1.13
17.3,-1.77
12.38,-1.57
19.27,1.4
17.71,0.99
14.48,1.25
14.26,3.55
9.64,6.17
12.32,3.96
18.64,3.35
16.82,2.66
20.94,5.39
18.63,8.43
11.08,5.12
9.33,0.9
13.94,0.8
16.39,7.16
16.1,8.98
15.62,3.52
12.86,-0.89
6.61,-0.12
6.86,-6.09
3.2,-6.9
6.96,-5.61
6.9,-0.01
2.3,-6.03
0.86,-5.99
1.5,-1.3
4.31,-1.21
8.0,0.74
10.9,0.96
6.03,1.97
3.88,-2.69
8.91,-3.47
11.01,-2.9
11.7,-1.1
13.52,0.78
15.7,0.53
2.36,-5.43
-3.55,-7.11
1.0,-7.57
7.06,-0.49
11.87,5.64
14.82,7.88
16.89,3.94
4.75,0.35
1.79,-2.0
0.01,-3.39
5.16,-5.96
3.65,-6.67
-1.81,-5.99
4.9,-7.37
1.43,-8.93
7.64,-7.4
11.12,0.95
10.21,4.51
10.36,6.06
8.61,3.46
10.26,-0.64
10.04,-3.1
8.0,-3.44
12.79,-1.59
8.62,4.93
6.58,-0.3
5.16,-1.54
3.41,-2.84
7.54,-3.12
8.51,-3.81
9.39,-3.54
13.97,4.76
13.94,-0.17
2.31,-2.56
6.81,-2.68
17.19,4.68
5.74,3.12
4.99,0.12
5.1,-0.98
10.18,-0.13
12.29,-0.14
12.35,0.05
14.46,7.8
16.18,-1.41
-0.39,-6.53
-1.14,-7.04
1.07,-7.23
1.51,-1.74
0.73,-3.38
0.55,-7.36
1.15,-4.43
2.4,0.49
5.05,0.96
2.91,0.69
4.04,-10.23
-6.99,-17.03
-6.55,-17.02
7.56,-8.39
10.51,-4.61
-0.17,-11.86
-2.9,-12.07
2.13,-3.66
-0.15,-5.88
8.98,-9.83
-5.72,-16.89
-15.15,-20.36
-7.1,-18.86
1.42,-7.4
10.27,-2.93
18.41,2.71
13.81,3.63
12.36,3.57
14.61,9.28
17.33,-6.93
-2.34,-10.01
-0.33,-9.87
2.61,-3.88
9.81,1.69
11.58,-3.9
3.63,-3.72
13.57,0.78
2.2,-3.99
3.07,-4.61
0.86,-2.08
0.48,-5.18
2.25,-5.41
8.4,-1.17
7.87,-1.73
6.31,0.88
14.81,4.34
7.64,-5.13
5.01,-5.48
11.03,-3.22
14.94,-1.66
1.68,-0.93
3.95,-0.66
5.26,-0.4
0.47,-11.23
-5.92,-13.42
-3.47,-12.43
-0.49,-10.4
2.17,-4.01
3.6,-0.42
15.58,1.55
10.04,0.26
11.04,-2.2
10.84,-2.34
21.12,6.38
22.08,6.51
7.14,-0.83
9.19,-2.64
11.94,-3.17
9.58,-3.28
10.86,-2.64
13.5,2.13
8.16,1.93
11.21,-2.92
14.16,-2.52
14.62,5.39
9.43,-1.94
9.65,-2.47
15.72,-1.53
22.18,5.04
17.22,11.24
15.81,-1.31
3.86,-4.51
8.54,-3.17
15.27,-0.37
17.04,3.17
21.94,8.87
15.52,9.03
20.5,9.79
20.64,12.32
23.25,10.01
21.58,6.06
21.92,8.0
27.38,10.09
19.54,5.05
19.44,6.12
21.92,1.88
12.42,2.1
24.99,7.14
24.99,13.17
22.85,5.98
8.17,2.99
6.96,2.16
21.07,4.18
25.33,10.08
25.27,9.73
20.66,10.17
20.5,8.72
18.42,5.34
16.66,5.53
12.9,5.42
25.18,7.78
26.55,12.76
26.93,13.85
23.07,15.55
21.93,14.42
16.23,9.94
21.97,7.8
24.86,9.52
26.27,11.78
28.31,13.69
23.58,11.51
14.28,6.54
18.42,7.13
11.34,7.88
14.33,4.93
20.73,6.9
21.6,9.13
25.88,12.36
29.89,16.05
30.64,19.01
24.22,13.46
21.9,8.91
20.07,9.87
25.69,17.4
29.44,18.17
31.4,18.75
30.45,20.31
29.72,16.63
29.09,18.74
30.41,21.84
26.73,17.27
24.99,16.74
26.14,14.4
27.54,16.52
26.36,8.67
24.38,11.34
27.03,15.59
30.12,17.74
28.59,18.76
25.92,18.79
24.41,19.08
25.86,19.42
23.64,9.56
24.41,10.79
24.93,13.2
20.26,7.73
24.13,11.99
24.94,17.18
26.56,18.43
26.96,19.0
26.8,18.95
28.13,19.55
23.32,15.0
25.74,16.14
24.55,16.76
28.82,18.49
25.18,16.78
28.69,17.44
31.52,19.15
31.05,18.81
31.97,19.71
32.51,21.17
32.93,18.82
31.67,20.06
33.07,20.41
30.53,19.75
31.52,20.38
32.66,21.53
30.74,21.23
31.58,20.15
29.89,18.07
31.97,19.36
33.2,21.49
31.57,17.43
29.66,14.78
32.0,17.21
32.5,20.65
31.21,22.06
30.62,22.09
31.09,21.53
33.18,23.35
33.14,22.68
33.61,22.87
33.06,21.63
25.74,14.64
26.73,13.59
26.62,13.18
27.85,14.58
29.41,15.67
30.7,17.89
31.23,19.03
30.89,19.62
29.8,18.08
28.73,16.35
30.18,17.58
29.98,16.3
30.33,15.48
31.13,16.35
32.04,17.41
30.62,18.55
29.82,17.43
31.26,18.28
30.67,15.24
29.25,14.61
30.35,17.46
28.77,20.77
30.27,19.45
31.64,16.56
29.09,15.89
30.43,17.81
30.19,19.89
33.33,19.54
33.73,20.37
32.3,18.78
30.48,19.74
26.67,18.87
24.07,12.69
25.58,13.38
27.62,15.09
21.89,20.2
26.56,14.97
26.3,12.1
28.29,14.16
29.8,19.03
25.01,17.54
29.81,17.95
28.27,15.6
30.16,17.41
28.89,13.83
25.55,12.65
28.43,14.09
23.98,12.32
25.34,14.61
30.34,16.13
34.49,18.45
32.86,19.21
32.96,19.86
33.15,15.9
27.77,13.35
30.74,15.63
32.13,17.24
29.17,15.0
30.34,15.35
30.92,15.97
30.68,17.98
31.19,16.26
31.24,17.77
27.9,9.69
26.08,10.19
29.61,13.29
25.94,9.73
32.5,12.51
32.41,18.44
33.07,18.22
34.13,17.15
33.91,17.91
33.76,17.63
32.03,10.95
22.22,8.37
27.13,9.08
22.7,12.35
20.17,5.67
23.01,6.26
23.77,7.5
27.32,11.84
22.16,1.4
13.81,0.69
20.64,1.78
20.49,2.82
23.9,4.86
10.63,1.74
15.56,1.14
17.8,1.64
22.36,4.24
24.25,10.0
21.87,10.13
16.67,2.63
19.05,2.87
19.61,7.47
14.87,9.1
18.44,10.15
18.41,3.67
19.81,4.55
16.12,9.31
13.26,9.67
10.1,-2.55
8.59,-2.79
11.08,-2.23
12.22,-1.57
15.81,2.64
11.11,-1.36
12.51,-0.67
6.39,-6.68
2.44,-6.78
8.78,-2.53
17.77,3.84
12.39,-9.7
-5.12,-13.0
-0.1,-11.65
6.22,-5.53
6.44,-5.44
8.06,-4.07
8.67,-3.64
5.65,-0.83
7.25,-1.08
8.37,3.38
12.61,4.46
7.47,-1.46
3.83,-0.35
9.93,0.28
14.81,2.19
15.04,5.42
13.76,1.43
3.66,1.29
6.38,2.46
13.88,3.13
9.78,0.8
2.54,-0.6
4.25,-0.56
10.32,-2.29
11.55,-2.68
9.68,-4.15
7.59,-4.45
13.69,-1.28
13.77,-2.27
-1.43,-7.73
3.46,-7.36
7.07,-5.03
8.06,1.2
6.35,-1.14
1.68,-1.64
1.21,-0.99
2.4,-5.81
-0.79,-9.76
4.14,-8.55
7.83,-5.44
11.35,-3.54
12.64,-3.25
15.45,-1.89
16.16,-1.7
18.66,-0.84
17.49,8.52
15.16,6.48
15.98,7.0
16.46,4.88
5.44,1.15
2.76,-0.16
9.22,-0.54
10.61,6.17
10.76,3.59
4.03,-1.99
9.24,-2.51
8.74,-2.5
9.05,-1.94
5.17,-2.69
14.18,-2.25
17.51,10.08
18.41,2.12
5.52,1.15
7.82,1.5
10.55,-0.55
13.45,0.9
5.02,-5.07
2.97,-4.53
10.93,-8.23
-7.26,-10.14
-3.15,-8.86
0.16,-8.98
3.78,-8.25
8.73,0.09
7.73,1.32
1.86,-0.57
7.13,-2.82
3.46,-2.47
1.72,0.03
2.53,-0.21
4.22,0.04
3.66,0.08
5.91,0.17
17.7,1.23
20.42,4.68
14.3,0.14
3.24,-0.35
0.63,-2.88
1.45,-2.99
2.2,-4.47
10.42,-3.23
6.96,0.48
5.45,-1.46
2.6,-0.88
2.81,-12.26
-4.24,-12.9
7.36,-9.6
10.41,-1.62
12.07,0.04
10.54,-3.54
6.62,-3.84
1.46,-9.27
3.34,-9.15
9.75,-6.21
13.39,1.03
7.13,4.59
7.76,2.08
3.14,-3.73
2.4,-3.95
2.83,-6.47
3.98,-6.6
17.38,-2.68
12.52,8.59
14.59,0.67
16.24,-0.81
15.57,-0.25
2.85,-4.75
10.26,-4.66
18.36,0.07
17.77,9.34
13.75,5.59
11.11,3.65
16.64,3.85
11.46,2.17
5.98,1.08
7.43,1.23
8.96,3.58
12.43,3.47
15.85,4.87
20.18,11.94
21.7,0.34
3.5,-1.48
6.11,-1.16
11.93,2.74
11.78,3.25
17.12,3.76
20.92,6.8
24.72,12.81
26.08,16.4
18.81,7.7
16.54,5.27
8.56,4.18
12.22,0.31
16.8,2.13
21.42,6.76
21.3,7.31
15.59,7.06
21.78,8.64
26.39,14.09
27.51,7.11
13.1,0.18
11.18,0.72
17.18,5.54
16.79,8.43
9.66,0.62
8.91,-2.94
11.13,-3.93
10.25,-0.31
10.99,0.83
12.95,1.45
14.7,3.01
19.08,4.98
14.67,0.27
22.12,3.7
13.56,9.89
19.87,7.81
19.2,6.73
16.23,2.08
19.66,5.62
24.5,13.56
18.27,6.98
10.01,5.82
20.36,6.53
28.01,13.28
22.59,6.56
21.42,7.75
9.25,4.51
15.82,3.21
19.8,7.42
12.85,-2.1
13.51,0.38
18.39,3.05
10.7,1.79
16.02,4.58
13.88,8.51
27.68,13.59
24.12,15.85
27.07,17.23
25.4,15.66
19.91,14.16
19.08,11.84
14.51,11.45
18.3,12.54
25.26,14.0
28.42,17.04
30.29,17.59
30.94,17.76
30.01,19.13
25.86,18.5
27.47,17.5
24.7,12.97
23.21,10.94
22.47,7.88
25.21,12.6
31.07,18.31
31.57,20.18
29.35,17.89
30.63,18.46
32.84,16.04
29.4,16.02
30.75,18.8
28.91,22.75
31.31,14.98
27.4,13.04
29.69,12.81
26.85,12.86
24.26,10.97
25.4,12.9
27.56,13.9
28.66,14.44
29.0,16.13
31.54,17.38
32.66,18.16
28.83,19.04
30.21,19.57
26.39,16.34
27.38,14.32
29.17,16.75
31.23,21.11
25.86,19.99
27.51,20.94
30.75,20.26
29.55,20.2
31.66,19.95
31.92,18.59
32.53,19.76
33.83,20.11
33.79,20.68
32.92,20.5
33.28,21.04
32.71,20.63
33.48,21.21
30.07,18.81
31.74,17.18
28.39,16.06
28.46,15.76
30.7,16.83
31.82,20.16
27.0,17.97
30.86,19.7
32.82,22.68
33.48,21.27
31.74,20.98
32.24,20.37
29.32,21.0
29.79,18.62
30.48,17.71
31.15,18.89
33.12,21.78
32.11,20.49
30.34,18.04
31.29,19.95
23.39,19.71
25.74,19.62
26.96,17.22
26.78,17.24
27.27,16.8
25.01,12.32
24.31,13.45
25.87,14.17
26.87,13.21
28.65,15.52
30.72,18.36
29.6,19.33
28.98,19.59
28.6,20.07
29.98,20.3
27.65,18.97
30.24,18.7
28.28,16.23
29.69,17.29
24.59,13.85
25.6,12.96
26.73,13.74
27.77,16.68
27.75,18.17
29.08,18.78
31.07,19.9
32.26,20.2
31.16,21.42
28.4,22.41
28.66,20.71
29.35,14.03
26.36,15.87
26.41,17.85
27.33,19.9
27.31,20.05
28.8,15.42
25.99,9.55
27.02,11.2
26.91,15.53
29.5,17.16
30.52,16.4
30.66,16.8
29.79,18.23
23.0,17.43
28.43,17.77
27.36,14.16
25.91,11.51
22.99,8.94
25.89,9.38
27.16,10.81
19.9,6.1
20.4,4.77
22.92,5.64
23.83,6.74
24.02,8.5
22.55,9.99
24.49,10.73
26.08,11.77
24.61,13.77
26.18,13.99
18.51,6.58
17.84,6.69
24.72,5.4
20.29,2.63
17.22,3.73
18.64,6.94
16.43,0.33
17.6,1.39
22.93,5.01
29.17,7.12
26.25,7.63
27.92,9.38
23.63,15.99
26.22,16.0
24.97,4.76
21.13,4.71
25.83,6.42
17.24,-0.11
14.83,-1.08
17.22,0.87
16.37,9.16
12.4,8.06
17.08,8.61
20.86,12.19
27.45,13.11
25.48,6.55
12.65,5.89
10.89,6.25
9.42,6.95
10.97,7.05
12.04,8.47
11.1,4.02
10.21,-0.92
14.86,0.27
10.93,-3.17
9.97,-2.56
18.36,0.65
22.04,5.53
19.75,4.23
21.41,3.69
23.37,4.03
26.61,9.56
26.02,11.11
25.28,11.42
13.03,-0.18
13.12,-0.27
13.37,-2.0
17.23,-0.06
13.91,1.64
13.51,1.26
6.76,-2.08
10.08,-1.94
18.6,6.22
17.58,8.76
10.41,6.4
9.74,1.46
9.58,1.62
11.07,4.39
15.0,7.91
10.62,7.27
12.82,-0.53
9.68,-2.55
11.76,-2.32
2.78,-2.22
1.29,-6.02
6.86,-5.89
6.94,-3.62
7.21,-2.4
7.27,-3.79
3.74,-3.58
1.3,-1.52
2.77,-0.8
13.75,-1.41
16.46,-1.29
17.99,4.8
16.18,3.75
5.75,1.89
2.23,-6.31
2.17,-5.92
1.39,-1.49
0.37,-5.58
3.52,-5.76
5.66,0.34
6.95,0.56
9.46,0.41
7.99,-0.88
13.43,-1.44
-1.52,-10.88
-7.84,-11.63
3.77,-9.85
12.03,-1.6
3.2,-3.12
5.69,-3.66
11.2,-2.27
0.59,-2.34
10.44,0.38
3.82,1.25
2.63,-2.67
7.94,-2.37
2.05,-0.23
3.0,-0.93
3.79,-0.65
0.64,-1.98
0.15,-6.85
0.16,-6.66
-1.42,-4.53
3.26,-4.15
8.37,-2.16
9.36,-0.22
6.1,-1.43
1.63,-1.32
1.39,-1.63
2.76,-1.89
7.21,-2.67
3.37,-3.05
10.7,-1.89
3.11,-9.55
2.02,-9.53
1.39,-1.27
3.92,-0.35
7.38,-0.6
0.77,-8.46
-0.6,-10.76
1.55,-10.66
3.73,-3.54
5.82,-2.26
-0.58,-5.82
1.07,-6.12
3.12,-5.25
4.16,-3.82
3.63,-5.66
2.64,-10.89
-4.55,-12.11
1.88,-8.47
-0.62,-5.7
-3.53,-7.21
-2.77,-7.31
-1.51,-6.47
-2.25,-9.61
-3.37,-10.15
-6.64,-11.75
-6.67,-16.68
-3.9,-15.43
-0.97,-11.75
-1.77,-14.28
0.94,-11.1
8.24,-8.14
5.06,1.1
13.26,0.57
17.09,-2.1
8.8,-2.09
7.7,-0.2
12.95,6.32
16.85,2.05
8.3,-4.57
7.5,-4.57
17.36,-1.98
11.85,-3.83
8.7,-4.46
9.34,-3.79
11.38,-3.34
18.58,-1.23
19.52,1.17
21.1,9.13
18.46,7.15
15.97,4.81
12.95,-0.34
10.49,1.15
5.37,1.13
15.07,3.06
17.36,5.53
16.38,-0.11
11.05,-2.07
16.19,-1.91
19.35,1.06
19.8,4.46
19.68,8.96
22.6,6.8
17.85,8.03
14.25,4.27
23.41,5.92
11.58,-1.49
15.32,-0.17
23.2,5.37
11.91,-1.78
5.34,-5.43
9.46,-4.09
18.32,0.43
24.15,5.62
25.22,7.54
26.0,9.45
27.43,12.43
21.44,10.81
27.2,11.26
18.72,8.98
11.71,8.08
20.59,8.02
19.41,8.98
17.19,2.89
13.99,0.63
17.14,2.37
14.29,1.71
18.12,2.94
20.29,2.69
17.77,-1.45
8.69,-1.42
13.01,0.18
16.29,3.57
11.97,6.43
17.75,3.34
24.37,6.79
27.99,16.77
26.35,17.15
21.02,9.65
22.11,2.15
23.02,4.91
25.06,13.62
22.73,15.4
21.1,8.69
17.13,3.38
17.8,3.81
17.99,1.87
15.52,4.66
16.68,2.13
16.66,4.35
16.33,3.9
17.5,3.11
19.76,4.2
21.55,5.12
22.66,10.32
21.54,12.81
22.06,14.24
25.7,15.05
27.23,15.69
28.96,15.2
28.8,13.46
29.77,14.86
30.37,15.9
31.19,16.17
31.19,18.17
25.56,17.27
27.57,17.75
22.53,7.81
14.56,4.57
19.92,6.58
23.49,10.66
23.92,14.43
18.88,15.97
22.43,14.01
29.48,14.76
29.47,16.7
27.93,19.21
27.73,20.25
25.12,20.67
25.49,20.64
27.41,20.14
30.62,19.3
33.23,19.79
31.64,14.97
31.41,13.63
27.48,13.24
27.3,13.32
29.73,15.64
32.6,18.59
28.38,17.98
30.81,21.65
27.62,12.33
22.38,10.76
25.38,12.96
28.0,18.65
27.59,22.01
30.02,21.66
31.57,20.92
32.49,21.03
34.04,21.19
28.91,20.38
26.08,14.51
24.66,13.26
26.08,14.72
30.11,18.36
31.49,19.61
31.96,19.37
30.93,20.9
28.15,16.61
24.34,16.35
26.18,17.8
25.96,20.14
28.12,20.93
27.42,18.86
29.15,20.0
31.1,20.54
28.6,20.48
27.24,19.15
27.65,17.24
28.3,17.41
29.05,17.66
27.64,17.07
27.92,16.74
29.16,17.61
30.44,19.13
30.87,21.16
31.84,17.43
31.28,18.19
31.05,19.87
31.27,20.31
27.87,17.19
22.76,14.14
27.27,12.54
26.16,13.47
27.3,13.65
28.0,14.87
29.29,16.25
28.68,18.16
30.48,18.8
31.06,19.63
26.36,21.5
32.66,23.08
32.65,23.93
33.9,21.04
30.65,20.56
28.48,18.92
24.5,18.46
27.86,19.47
29.22,19.41
30.93,20.52
30.16,19.23
31.17,19.26
31.43,19.15
32.84,19.81
33.3,20.37
33.71,21.29
31.02,20.19
33.8,20.38
33.51,20.38
33.12,21.24
32.66,21.25
26.33,20.0
26.31,18.67
26.7,13.34
26.28,13.27
26.16,14.46
26.09,17.72
26.5,12.9
28.86,13.71
29.08,16.87
27.53,12.38
25.5,11.78
26.22,12.45
27.86,15.57
29.58,18.04
30.2,18.43
30.69,19.57
25.07,14.93
28.29,15.75
30.97,17.32
31.94,18.27
29.92,19.05
23.22,18.61
24.52,13.94
15.37,9.62
19.6,6.92
23.28,8.12
21.56,7.45
24.25,8.66
29.02,14.57
29.31,15.19
29.59,14.85
28.06,12.98
27.05,13.09
24.63,15.46
24.43,16.33
23.17,14.87
26.02,15.73
24.93,16.94
24.77,15.92
26.34,14.41
28.75,14.59
28.97,18.11
27.75,17.76
20.44,11.59
25.01,12.29
28.18,18.74
24.99,9.73
17.22,4.85
20.34,4.53
21.97,4.98
21.99,6.08
23.05,7.18
21.12,9.9
12.8,7.39
16.09,7.46
23.75,12.48
16.61,8.33
14.43,1.65
15.51,1.75
12.62,8.57
16.5,10.61
13.64,9.14
17.43,2.68
12.5,2.08
9.73,-2.5
9.86,-2.49
10.79,-2.64
11.96,-2.46
14.64,-1.53
17.57,-0.71
21.11,2.1
17.64,3.49
20.93,6.27
16.96,2.99
10.67,1.56
4.31,0.47
5.46,-2.69
5.14,-2.15
16.67,-0.15
19.24,4.21
8.63,-3.81
6.03,-4.26
12.39,-1.27
8.19,-1.53
4.84,-6.4
5.89,-6.43
13.17,-0.58
8.98,-4.09
1.55,-4.5
9.71,-0.23
8.35,-5.57
7.33,-6.0
13.24,-0.34
11.69,3.21
18.66,1.73
17.65,1.61
13.23,0.66
17.16,2.21
6.88,-5.54
-1.64,-5.37
5.67,-5.32
14.86,-1.28
19.05,9.47
17.16,-2.47
9.27,-2.95
12.26,-1.8
14.4,-1.27
18.38,11.74
16.5,-0.82
8.46,-0.79
12.01,-1.67
1.85,-5.31
6.71,-5.32
7.44,-4.73
2.96,-5.41
11.6,-3.7
17.67,9.22
20.86,7.53
15.71,6.41
20.75,5.71
12.38,4.44
9.92,5.74
9.35,5.62
17.71,8.61
14.48,3.17
2.52,-5.15
1.34,-6.61
6.24,-6.14
6.46,-8.55
-6.64,-12.84
-6.62,-13.23
6.32,-10.81
6.5,-8.42
0.73,-10.31
1.75,-10.12
10.39,-1.08
8.32,-1.56
2.24,-2.71
0.54,-6.2
1.38,-6.37
-1.74,-4.56
6.49,-4.86
9.91,-6.87
-3.43,-8.61
-2.81,-13.09
0.52,-12.95
2.99,-7.47
5.44,-7.16
-1.41,-14.49
-4.25,-15.01
2.21,-9.42
-0.77,-16.48
-2.69,-16.39
5.41,-7.28
5.38,-6.42
16.3,-0.23
8.06,-1.41
-0.8,-6.95
-3.99,-11.58
-4.72,-12.49
3.6,-10.05
2.19,-9.3
9.0,-7.99
11.34,-1.35
6.87,-2.51
12.77,-1.93
-1.32,-7.97
-1.53,-9.26
0.91,-9.39
13.08,-7.1
17.19,8.1
13.16,-5.21
1.93,-5.95
0.93,-6.26
15.3,-4.28
18.04,4.04
16.66,-2.06
-1.2,-2.83
2.77,-1.71
0.06,-3.79
3.58,-5.41
9.85,-5.28
11.74,-3.65
19.36,1.98
21.11,2.01
8.88,-1.03
13.69,-1.03
23.8,7.02
21.43,11.25
15.11,0.42
4.82,0.34
10.19,-1.04
11.66,-0.9
7.99,-8.46
-1.92,-8.68
11.55,-3.37
18.29,2.72
20.02,2.8
21.95,2.95
22.66,4.82
17.71,8.05
9.0,2.09
17.77,1.72
21.71,3.55
19.21,9.39
19.84,6.45
11.69,4.67
7.55,2.62
5.63,-2.55
6.78,-5.65
6.94,-4.88
9.05,0.64
26.5,7.73
8.57,1.14
6.97,-2.93
13.26,-1.57
16.09,1.21
16.32,5.64
14.16,6.42
14.23,5.8
12.14,2.35
9.29,1.17
7.89,-1.82
18.48,-0.19
18.32,10.7
22.44,11.17
21.4,3.98
16.9,3.85
21.91,7.69
17.84,1.68
11.22,1.9
7.6,0.85
12.05,1.52
19.76,6.83
19.01,7.71
26.56,10.48
29.43,15.81
28.56,17.87
19.64,3.4
15.25,2.1
19.34,3.91
19.47,7.62
22.94,11.92
26.43,13.53
23.0,6.42
22.51,9.43
26.09,10.23
15.47,10.35
16.86,12.29
22.35,9.84
17.46,7.95
21.83,9.66
26.25,12.7
29.37,17.31
30.92,12.88
30.27,14.63
29.57,14.98
29.67,13.77
30.31,13.0
25.58,11.0
28.21,13.14
22.47,14.63
27.94,15.62
30.78,20.11
29.19,17.0
20.25,10.91
18.88,10.15
24.16,11.8
29.03,18.07
22.73,14.23
20.47,10.98
22.82,12.13
27.76,14.61
30.9,17.84
31.18,18.65
30.86,19.12
24.4,12.56
27.05,11.67
28.41,12.62
28.6,15.33
27.65,18.26
27.41,16.2
28.52,14.0
25.53,14.05
22.2,14.31
26.03,15.06
29.59,19.57
33.59,23.65
34.39,23.4
33.96,23.6
33.3,24.2
30.36,15.5
26.28,11.41
26.5,12.26
30.68,13.44
33.6,17.94
34.51,16.59
30.21,14.99
30.97,15.65
30.83,17.8
28.9,14.84
26.67,10.65
26.2,10.09
29.59,13.92
33.02,20.1
33.08,21.09
30.54,19.31
30.72,17.8
32.79,20.98
36.0,23.92
34.72,22.69
27.6,21.69
25.73,20.38
26.3,16.02
29.61,16.81
30.64,19.55
30.54,17.03
30.33,18.09
29.59,16.17
28.98,19.91
31.58,21.31
24.89,20.83
28.77,19.5
30.92,21.04
33.41,20.17
31.53,19.51
32.96,20.81
31.34,22.74
32.08,22.08
27.11,19.79
25.57,19.12
28.75,21.01
30.5,20.74
27.24,15.32
27.37,17.22
26.67,18.9
29.67,19.79
27.85,19.1
32.58,21.02
28.38,20.93
28.21,21.4
31.05,20.78
31.8,21.18
32.06,21.92
29.71,21.29
27.83,16.43
29.02,15.53
25.48,13.31
27.12,15.56
26.4,18.49
26.69,15.65
27.68,15.53
27.76,15.26
29.17,15.25
30.04,16.69
29.45,18.47
27.03,17.53
26.96,15.8
28.05,14.27
29.25,14.71
29.65,16.13
29.88,17.85
30.07,18.83
32.83,20.94
32.04,20.2
29.14,14.06
27.71,13.71
29.69,15.29
30.2,17.81
24.85,18.68
26.89,19.49
27.79,19.94
26.19,15.98
26.72,13.51
26.19,13.39
29.04,15.67
28.95,18.41
25.74,13.71
22.26,12.22
21.44,12.56
26.83,13.09
28.2,13.1
28.45,14.08
28.88,14.27
29.34,16.12
28.62,15.91
31.4,16.71
34.58,16.68
21.78,6.37
19.89,7.85
25.46,12.31
23.93,10.52
20.96,5.5
19.7,3.82
16.63,4.52
19.99,5.51
21.72,6.35
23.51,6.87
22.06,6.71
21.58,3.28
22.42,3.32
24.75,5.22
24.44,8.12
16.69,0.51
14.94,-0.12
18.28,1.72
23.23,5.46
24.14,7.74
24.01,6.17
18.24,1.38
20.08,2.38
17.86,3.08
22.2,4.38
9.96,1.01
7.0,-0.27
12.35,-2.07
15.16,-0.61
22.66,5.46
25.26,10.54
25.46,9.62
25.34,10.62
22.8,7.85
12.31,0.11
14.79,1.14
19.48,3.16
21.06,4.32
16.1,9.4
17.51,12.28
19.94,7.57
17.85,6.41
22.76,6.34
24.44,11.6
21.5,7.64
21.71,5.64
19.4,6.47
17.49,5.15
23.31,5.34
22.43,8.04
17.39,-0.48
0.21,-2.01
3.68,-2.01
6.6,-1.82
5.29,1.47
3.37,-1.91
0.27,-3.27
1.48,-7.82
2.26,-8.24
1.81,-8.12
9.32,-5.2
13.84,-4.03
15.16,-3.13
17.1,-1.66
12.66,-3.32
12.78,-3.38
12.58,5.36
8.07,4.78
15.99,0.57
3.56,-6.35
4.37,-6.98
13.72,1.73
11.9,-6.28
5.6,-6.69
7.62,-3.64
11.24,6.02
10.22,5.13
7.66,4.71
9.2,5.11
8.26,4.66
7.95,2.08
7.5,-0.52
8.28,-0.5
12.43,5.0
7.13,1.12
4.53,-0.81
1.08,-4.31
1.35,-7.6
0.94,-7.44
7.46,-5.69
6.66,-5.37
6.76,-21.98
-16.23,-22.26
-8.57,-16.71
-6.53,-14.22
-2.96,-8.92
-0.27,-4.99
9.99,-3.69
14.35,8.82
16.09,8.52
