20170101
8.11,-1.2
12.86,6.16
13.22,-3.7
-1.4,-6.8
-5.38,-13.39
-9.43,-15.67
-8.23,-16.31
-5.3,-15.01
4.94,-6.52
12.76,-1.12
18.18,0.12
18.86,-0.95
1.92,-0.77
3.21,0.68
3.99,0.74
14.91,4.03
15.33,3.27
5.08,1.7
10.94,2.96
14.97,7.55
18.56,6.18
15.8,6.69
9.08,3.35
7.69,2.12
15.22,1.75
2.87,-0.92
2.13,-3.99
1.97,-3.74
0.33,-6.48
7.04,-7.34
8.3,2.99
6.75,-2.2
2.33,-5.08
-0.29,-10.6
4.78,-10.83
11.17,-1.58
16.25,-0.75
16.12,2.9
5.7,-4.53
-2.14,-8.59
12.52,-4.65
18.51,9.27
15.97,-2.65
9.67,-2.71
11.81,1.73
7.41,-1.69
9.69,-0.23
19.9,4.28
17.36,6.2
15.88,2.27
20.31,3.5
18.68,9.75
20.64,12.09
20.67,13.4
24.83,2.25
2.37,-5.91
8.82,-5.05
11.11,5.12
18.42,8.67
15.5,0.73
7.67,-1.75
4.44,-2.56
11.32,-1.18
19.62,0.17
17.45,9.64
14.13,5.16
16.32,2.83
21.42,1.41
6.98,-3.33
3.26,-5.55
4.2,-4.96
3.24,-4.11
0.73,-6.67
2.11,-7.53
6.62,-6.11
9.38,1.56
6.69,-0.5
10.9,0.89
18.42,5.35
17.37,-0.14
7.01,-1.49
15.44,-0.95
24.29,13.19
25.24,13.51
19.14,7.02
20.36,7.9
16.11,9.13
17.26,8.74
24.9,10.98
13.34,4.72
10.53,2.61
19.23,4.72
21.68,12.12
20.38,8.56
23.93,5.13
9.48,1.53
13.87,-0.29
19.18,3.12
25.83,9.91
26.55,15.19
19.6,5.66
21.54,6.68
26.91,8.61
28.78,12.31
28.53,16.83
26.93,12.79
21.93,9.81
25.92,12.48
28.08,16.66
27.74,10.07
16.15,7.46
13.22,5.52
19.83,6.55
24.48,9.12
24.75,12.24
29.1,15.25
18.44,7.44
21.44,9.77
27.42,15.55
25.77,12.96
17.38,7.87
19.56,4.68
13.62,7.12
14.22,7.47
11.38,4.57
17.33,3.59
18.05,1.27
18.96,5.11
21.72,11.29
29.4,14.03
21.09,11.8
19.39,7.27
24.09,10.78
28.04,13.26
28.74,14.29
29.82,17.15
28.91,20.55
29.1,18.33
28.66,15.77
27.87,15.53
25.44,8.85
22.49,9.62
24.03,13.53
18.22,13.05
18.47,10.43
26.67,14.79
28.87,16.75
24.24,15.13
28.44,13.6
27.31,12.67
27.4,10.66
27.1,10.52
29.29,12.26
31.13,14.82
31.06,18.69
30.32,15.06
25.5,12.05
20.84,10.17
24.6,11.05
28.52,14.17
29.8,16.23
31.35,18.69
33.04,20.93
30.87,19.13
31.03,19.17
28.33,18.44
31.02,18.74
31.22,20.84
28.38,16.56
27.62,14.96
29.58,17.03
32.26,20.03
27.77,21.03
25.09,16.46
25.95,11.77
25.98,11.41
24.33,10.67
24.13,11.05
27.59,15.75
31.07,20.62
29.28,19.68
29.1,17.0
30.16,16.96
30.89,19.07
30.06,19.29
29.23,20.55
26.15,18.43
31.06,16.93
28.15,14.25
29.26,17.59
29.93,22.16
27.13,19.94
32.26,21.99
30.7,21.86
29.63,15.32
28.36,15.93
30.12,17.44
30.99,19.5
31.71,18.19
31.33,19.85
32.57,22.36
33.7,23.29
33.62,21.18
29.67,19.48
29.67,16.65
27.8,16.17
30.42,18.18
29.16,22.38
28.4,15.72
26.15,13.24
28.47,15.26
30.08,17.67
29.26,17.93
29.42,17.22
30.17,19.06
24.2,11.08
25.46,13.25
22.35,16.99
25.2,14.17
26.93,11.54
27.69,13.6
29.27,15.64
27.73,16.8
27.41,13.54
28.13,15.96
28.03,17.49
30.82,18.48
31.99,20.72
31.13,20.32
29.44,18.48
31.47,18.41
32.24,19.15
32.22,20.85
28.81,15.02
26.59,11.35
26.25,11.81
25.72,11.27
26.09,12.0
28.0,14.06
26.81,16.52
26.39,14.85
27.95,15.65
27.68,15.28
16.07,12.44
21.59,12.12
27.7,13.39
30.65,15.92
22.98,8.7
20.07,7.73
21.22,7.81
25.12,9.58
23.51,8.47
23.17,8.46
22.59,9.45
21.1,14.39
18.5,15.88
22.94,12.9
27.8,13.24
29.41,15.15
30.3,16.86
28.11,19.36
27.02,17.76
30.61,18.36
32.63,19.16
32.52,17.54
32.31,16.73
32.55,15.29
31.94,15.48
32.15,17.2
29.53,12.42
23.26,8.1
25.3,7.51
23.34,5.85
24.04,6.71
26.68,10.91
28.84,14.21
26.87,17.13
23.9,16.82
27.33,17.43
28.39,13.52
20.17,14.52
22.54,15.31
22.32,16.08
19.0,13.69
17.91,12.46
23.35,11.36
28.63,14.28
23.28,7.39
17.34,3.39
20.32,3.51
21.39,4.83
24.19,7.11
25.31,7.68
24.18,9.96
25.68,13.84
17.76,7.93
11.66,5.3
11.23,0.18
17.42,0.12
14.26,2.08
4.41,1.33
4.11,-1.29
8.56,-0.46
7.88,-0.51
15.55,2.14
20.13,12.83
16.62,7.01
19.42,9.0
23.59,9.53
12.48,6.66
9.2,4.42
11.69,-0.67
13.62,-1.93
3.41,-4.14
7.03,-3.51
9.14,2.17
7.74,1.19
11.61,0.68
10.09,0.79
5.01,-1.05
15.78,0.67
18.09,2.37
3.8,-3.68
9.91,-3.52
13.67,-2.61
5.24,-4.63
8.39,-2.7
14.25,-1.36
15.4,-1.92
12.56,-2.4
17.61,0.77
17.76,4.59
14.91,3.08
12.57,-2.22
12.31,-2.45
13.53,-1.58
15.24,-1.2
18.54,3.97
9.51,-2.35
7.44,-2.33
0.09,-8.22
0.23,-8.8
-0.14,-6.68
3.63,-6.42
9.39,-4.36
0.19,-7.89
7.87,-6.21
0.64,-6.29
1.25,-4.49
10.7,-0.92
7.38,3.03
7.91,5.11
10.12,2.22
9.83,-1.58
13.14,-1.7
12.43,2.9
3.58,-1.01
1.6,-6.34
-1.91,-7.93
-5.05,-16.32
-8.86,-16.67
-5.06,-12.63
-3.35,-7.36
-5.46,-15.06
-8.79,-18.52
-11.74,-21.08
-7.66,-21.09
-3.57,-16.8
-7.09,-17.5
-8.15,-19.26
-6.47,-19.45
3.36,-10.14
3.43,-0.09
5.68,-0.12
14.85,4.41
15.12,-1.48
-0.88,-10.01
-4.96,-15.99
-5.31,-16.2
-2.03,-15.75
-11.76,-17.54
-5.87,-14.24
0.52,-11.97
5.04,-6.73
9.6,0.63
12.91,6.73
13.62,2.65
3.81,-0.91
0.42,-5.6
8.61,-4.95
14.38,0.48
10.34,-2.05
11.63,-3.2
1.79,-5.21
1.15,-5.77
11.85,-1.03
6.66,-10.57
-3.95,-11.75
4.55,-6.4
3.77,-10.03
-1.82,-10.41
0.39,-3.86
-0.06,-8.43
0.67,-8.22
10.98,-1.31
5.55,-0.47
1.68,-6.34
4.66,-6.79
7.25,-4.54
15.25,5.48
20.18,8.9
7.82,-1.64
2.67,-1.6
12.78,-1.52
23.25,12.15
25.57,11.25
11.61,3.69
11.59,4.06
16.32,7.73
15.3,6.91
9.53,-0.67
13.37,-0.87
16.73,0.7
13.53,10.03
14.36,0.69
9.62,-2.53
10.78,-2.03
11.59,-0.95
9.73,0.5
14.09,-0.57
4.07,-2.29
0.93,-4.51
7.23,-3.94
10.5,-0.73
7.36,-1.76
5.55,-3.67
5.65,-5.36
5.59,-4.61
15.19,-2.23
8.94,-2.02
8.26,-1.54
14.87,-0.04
16.84,0.12
2.73,-1.63
4.76,-4.32
8.5,-3.95
10.88,-1.74
2.53,-2.15
8.62,-1.53
15.19,3.46
14.04,10.07
14.66,10.11
14.83,5.44
10.06,0.49
16.16,1.35
9.83,-0.63
9.96,-0.27
23.59,1.14
3.55,-3.4
11.3,-2.04
15.5,-2.2
6.42,-4.54
6.64,-1.91
6.75,-1.41
7.34,-1.68
18.7,0.05
26.88,13.35
27.02,16.11
20.76,11.22
12.24,0.71
2.64,-0.57
11.36,0.43
23.17,1.67
12.88,-0.52
16.83,1.63
18.85,5.73
20.11,8.86
15.03,9.61
13.73,10.44
19.68,4.74
20.74,4.31
22.05,6.02
14.94,0.24
17.58,1.09
23.56,5.13
27.76,14.24
29.11,18.58
25.85,17.74
26.68,13.75
19.95,11.85
27.61,9.69
23.44,8.02
26.18,9.77
28.82,15.59
29.04,14.81
30.5,18.11
29.72,16.88
31.37,18.15
32.66,20.02
31.74,18.76
26.09,16.33
28.58,17.24
23.78,18.2
25.96,17.05
30.96,17.87
30.06,18.36
29.71,14.89
27.92,13.96
28.57,13.7
30.93,18.16
30.39,18.29
32.59,18.73
33.11,20.03
31.15,21.53
27.3,20.45
29.18,19.5
29.43,18.1
30.63,19.56
27.28,12.73
25.02,12.09
28.81,13.57
26.47,15.21
31.16,18.24
32.17,18.02
32.83,17.71
25.98,18.13
25.87,18.64
27.89,19.68
29.14,14.17
29.06,14.89
31.33,18.33
33.89,20.87
34.25,21.82
33.49,22.57
32.97,21.0
30.85,21.5
26.72,18.83
25.02,18.27
24.86,17.66
28.06,19.93
24.08,19.87
25.77,19.43
28.86,18.44
30.74,19.78
32.16,20.06
32.92,22.58
32.89,22.52
32.25,21.82
31.3,21.99
34.43,22.67
34.09,21.48
28.3,13.46
27.64,14.54
31.37,17.57
32.78,19.87
32.99,20.62
29.89,15.94
29.6,15.82
31.94,17.32
33.22,20.73
29.32,21.39
30.08,19.79
30.8,15.08
29.93,15.42
30.21,17.95
28.79,18.38
24.93,19.01
26.9,16.72
25.98,16.67
28.7,17.21
30.34,17.1
29.8,16.44
26.92,14.39
27.26,15.15
27.58,17.91
24.57,18.75
24.59,17.63
26.91,16.3
29.19,16.93
30.37,19.36
31.97,19.78
32.64,20.32
32.31,20.39
29.95,20.77
29.76,18.49
29.55,18.76
30.35,19.88
30.05,17.15
30.14,17.01
29.71,16.55
30.76,19.17
25.55,19.71
27.15,20.55
27.82,20.01
28.86,18.55
30.1,19.31
28.59,20.02
27.2,17.45
25.25,11.66
26.5,12.43
24.33,14.08
28.55,20.41
32.33,21.94
32.38,21.69
32.76,21.61
31.23,19.17
28.8,17.51
30.8,18.59
29.65,19.78
32.09,20.92
33.18,21.08
33.56,20.71
32.94,21.07
31.07,20.58
27.57,18.59
19.34,15.06
16.37,13.64
19.52,12.86
22.58,13.46
23.57,15.23
29.97,16.59
31.18,17.57
31.5,19.53
29.74,20.3
30.15,18.79
32.79,18.78
32.81,19.52
33.34,20.67
30.9,15.35
16.88,13.42
24.41,13.61
21.66,17.07
25.37,19.37
21.79,11.5
16.44,7.4
22.81,8.64
22.57,9.67
27.3,11.73
29.67,14.53
30.22,19.29
30.83,19.64
27.21,17.65
31.27,18.59
31.49,18.2
31.77,18.57
31.42,19.71
30.75,19.36
24.96,11.93
16.21,2.31
12.49,2.81
12.21,3.66
13.2,7.42
12.63,1.51
12.06,1.45
16.37,-0.18
14.59,-0.25
14.3,1.12
17.28,-1.79
12.3,-1.51
19.26,1.5
17.73,0.96
14.5,1.28
14.17,3.65
9.52,6.23
12.16,3.96
18.65,3.33
16.77,2.66
20.9,5.41
18.62,8.54
11.26,5.1
9.01,0.8
13.79,0.77
16.35,7.09
16.07,9.19
15.62,3.5
12.74,-0.92
6.49,-0.17
6.84,-6.07
2.88,-6.91
6.95,-5.63
6.91,0.0
2.32,-5.93
0.81,-5.95
1.45,-1.29
4.17,-1.12
7.84,0.75
10.92,0.94
5.9,2.03
3.77,-2.61
8.68,-3.39
10.65,-2.87
11.65,-1.17
13.39,0.76
15.43,0.52
2.34,-5.34
-3.52,-7.1
0.93,-7.56
6.78,-0.53
11.54,5.5
14.74,7.77
17.07,3.92
4.72,0.36
1.71,-2.02
-0.06,-3.49
5.18,-6.15
3.56,-6.82
-1.89,-6.06
4.79,-7.53
1.37,-9.04
7.59,-7.41
10.99,0.9
10.11,4.31
10.42,5.96
8.54,3.43
10.04,-0.63
9.87,-3.22
7.92,-3.54
12.59,-1.62
8.6,5.05
6.56,-0.32
5.03,-1.55
3.26,-2.87
7.4,-3.14
8.39,-3.95
9.34,-3.63
13.89,4.68
13.99,-0.18
2.3,-2.62
6.8,-2.74
17.14,4.75
5.72,3.09
4.99,0.14
5.01,-1.01
10.19,-0.1
12.24,-0.19
12.28,-0.02
14.47,7.69
16.21,-1.45
-0.48,-6.5
-1.23,-6.99
1.02,-7.14
1.45,-1.79
0.66,-3.33
0.42,-7.44
1.13,-4.53
2.35,0.45
5.0,0.96
2.79,0.7
3.97,-10.29
-7.09,-17.18
-6.62,-17.19
7.51,-8.32
10.48,-4.55
-0.19,-11.87
-2.94,-12.06
2.18,-3.62
-0.26,-5.91
8.94,-9.78
-5.78,-16.93
-15.22,-20.47
-7.19,-19.01
1.27,-7.44
10.15,-2.9
18.35,2.69
13.77,3.66
12.3,3.64
14.59,9.4
17.29,-6.89
-2.41,-10.01
-0.36,-9.85
2.51,-3.88
9.7,1.66
11.57,-3.83
3.54,-3.73
13.48,0.86
2.18,-4.01
2.96,-4.62
0.75,-2.08
0.42,-5.3
2.22,-5.52
8.36,-1.18
7.82,-1.66
6.26,0.89
14.81,4.32
7.51,-5.12
4.91,-5.47
10.93,-3.17
14.84,-1.62
1.7,-0.83
3.92,-0.62
5.26,-0.24
0.46,-11.1
-5.95,-13.31
-3.52,-12.4
-0.54,-10.37
2.17,-4.04
3.5,-0.4
15.53,1.55
9.94,0.28
11.02,-2.33
10.77,-2.4
21.1,6.3
21.96,6.53
7.14,-0.83
9.1,-2.77
11.83,-3.27
9.49,-3.38
10.82,-2.62
13.51,1.9
8.11,1.91
11.1,-2.94
14.15,-2.47
14.8,5.31
9.38,-1.99
9.61,-2.54
15.69,-1.46
22.15,5.09
17.1,11.24
15.76,-1.37
3.77,-4.55
8.52,-3.21
15.27,-0.28
17.04,3.15
21.96,8.76
15.56,9.08
20.65,9.73
20.76,12.48
23.2,9.97
21.59,5.89
21.72,7.86
27.45,10.07
19.57,5.04
19.54,6.15
22.47,1.96
12.38,2.13
25.04,7.04
24.9,13.09
23.17,6.17
8.27,2.95
6.83,2.2
20.94,4.29
25.26,9.98
25.28,9.76
20.91,10.21
20.67,9.02
18.43,5.26
16.79,5.71
12.8,5.42
25.33,7.81
26.49,12.87
27.0,14.02
23.25,15.58
22.11,14.5
16.33,10.11
21.94,7.83
25.06,9.46
26.31,11.75
28.41,13.73
23.69,11.78
14.35,6.65
18.64,7.25
11.35,7.98
14.1,4.94
20.62,6.84
21.55,9.02
25.8,12.3
29.81,15.92
30.65,18.97
24.19,13.55
21.88,9.0
20.31,9.93
25.58,17.44
29.37,18.29
31.38,18.65
30.51,20.16
29.76,16.69
29.0,18.86
30.39,21.96
26.64,17.41
24.85,16.77
26.14,14.32
27.57,16.45
26.34,8.65
24.31,11.24
27.04,15.49
29.93,17.77
28.61,18.77
25.88,18.83
24.29,19.14
25.9,19.47
23.59,9.53
24.37,10.75
24.93,13.17
20.12,7.64
24.14,11.69
24.92,17.15
26.43,18.51
26.99,19.05
26.76,18.97
28.14,19.52
23.17,15.14
25.78,16.23
24.54,16.72
28.82,18.49
25.03,16.8
28.63,17.41
31.53,19.13
31.08,18.79
32.03,19.76
32.53,21.07
32.89,18.82
31.78,20.15
33.04,20.42
30.4,19.81
31.47,20.52
32.63,21.54
30.7,21.21
31.56,20.16
29.88,18.1
31.95,19.42
33.17,21.5
31.54,17.54
29.67,14.69
31.99,17.21
32.46,20.65
31.31,22.03
30.68,22.08
30.96,21.43
33.13,23.31
33.11,22.64
33.59,22.85
33.0,21.7
25.78,14.75
26.63,13.56
26.57,13.2
27.81,14.58
29.36,15.7
30.66,17.88
31.17,19.0
30.95,19.57
29.8,18.08
28.71,16.35
30.23,17.6
29.95,16.24
30.33,15.36
31.14,16.26
32.03,17.38
30.62,18.51
29.84,17.37
31.24,18.23
30.58,15.13
29.16,14.51
30.35,17.44
28.7,20.75
30.31,19.33
31.59,16.52
29.1,15.88
30.46,17.75
30.25,19.87
33.35,19.6
33.68,20.39
32.23,18.79
30.46,19.77
26.58,18.88
24.0,12.62
25.59,13.35
27.68,15.14
21.86,20.17
26.5,14.94
26.26,12.01
28.25,14.09
29.78,19.04
24.93,17.54
29.73,17.92
28.24,15.59
30.09,17.46
28.88,13.82
25.54,12.59
28.33,14.07
23.95,12.26
25.35,14.6
30.3,16.13
34.46,18.48
32.85,19.16
32.96,19.81
33.17,15.97
27.78,13.3
30.78,15.69
32.16,17.26
29.16,14.95
30.42,15.35
30.92,16.04
30.64,17.92
31.17,16.16
31.22,17.81
27.88,9.62
26.1,10.22
29.61,13.25
25.96,9.69
32.44,12.61
32.46,18.5
33.06,18.19
34.14,17.31
33.91,17.87
33.81,17.59
32.09,11.14
22.23,8.4
27.13,9.15
22.79,12.45
20.1,5.65
23.0,6.19
23.78,7.63
27.31,11.85
22.25,1.46
13.8,0.58
20.58,1.56
20.47,2.77
23.88,4.83
10.57,1.66
15.55,1.08
17.81,1.54
22.38,4.22
24.29,10.01
21.9,10.27
16.67,2.54
19.03,2.84
19.73,7.28
14.92,9.18
18.41,10.22
18.4,3.65
19.94,4.52
16.17,9.34
13.29,9.85
10.29,-2.54
8.58,-2.84
11.05,-2.41
12.2,-1.64
15.82,2.52
11.09,-1.52
12.6,-0.8
6.37,-6.69
2.48,-6.8
8.76,-2.63
17.8,3.83
12.51,-9.39
-5.09,-13.05
-0.12,-11.65
6.18,-5.57
6.49,-5.46
8.05,-4.18
8.72,-3.78
5.69,-0.76
7.39,-1.15
8.47,3.31
12.6,4.52
7.5,-1.5
3.86,-0.32
9.89,0.3
14.78,2.04
14.99,5.09
13.72,1.46
3.63,1.33
6.33,2.43
13.84,3.11
9.65,0.81
2.56,-0.66
4.11,-0.61
10.27,-2.59
11.39,-2.97
9.6,-4.41
7.54,-4.63
13.59,-1.38
13.77,-2.07
-1.5,-7.93
3.22,-7.45
6.94,-5.13
8.13,1.12
6.38,-1.08
1.75,-1.51
1.16,-1.0
2.37,-5.79
-0.9,-10.05
4.11,-8.76
7.8,-5.88
11.51,-3.78
12.65,-3.46
15.25,-2.2
16.0,-2.0
18.71,-0.98
17.5,8.16
14.89,6.52
15.89,6.99
16.42,4.94
5.44,1.16
2.74,-0.11
9.17,-0.56
10.59,6.07
10.78,3.7
3.95,-2.0
9.13,-2.49
8.71,-2.58
9.05,-2.03
5.04,-2.79
14.19,-2.4
17.46,10.06
18.47,2.26
5.53,1.27
7.92,1.5
10.42,-0.46
13.45,0.99
4.93,-5.02
2.69,-4.56
10.9,-8.09
-7.3,-10.1
-3.07,-8.81
0.18,-9.12
3.85,-8.49
8.74,-0.08
7.72,1.34
1.84,-0.51
7.11,-2.94
3.39,-2.57
1.71,0.03
2.46,-0.2
4.11,0.02
3.61,0.06
5.83,0.16
17.69,1.12
20.29,4.51
14.23,0.12
3.16,-0.29
0.68,-2.9
1.4,-3.0
2.15,-4.55
10.34,-3.32
7.09,0.42
5.4,-1.52
2.57,-0.92
2.79,-12.22
-4.25,-12.87
7.29,-9.64
10.37,-1.83
11.99,-0.18
10.49,-3.61
6.57,-3.86
1.34,-9.36
3.33,-9.24
9.73,-6.46
13.37,0.74
7.07,4.49
7.76,2.02
3.11,-3.77
2.29,-3.99
2.74,-6.57
3.93,-6.61
17.3,-2.97
12.5,8.66
14.62,0.34
16.35,-0.99
15.59,-0.44
2.8,-4.76
10.34,-4.63
18.37,-0.33
17.88,9.08
13.77,5.73
11.17,3.52
16.72,3.94
11.36,2.05
5.96,1.12
7.31,1.24
8.97,3.52
12.26,3.28
15.86,4.75
20.17,12.04
21.83,0.45
3.47,-1.56
6.17,-1.2
11.89,2.76
11.86,3.34
17.22,3.74
20.98,6.63
24.57,12.85
26.17,16.42
18.7,7.82
16.65,5.26
8.49,4.3
12.12,0.32
16.82,2.15
21.37,6.61
21.71,7.51
15.56,7.18
21.71,8.73
26.44,13.86
27.74,7.27
13.22,0.3
11.19,0.81
17.24,5.38
16.91,8.86
9.64,0.79
8.94,-3.01
11.24,-3.96
10.33,-0.51
11.06,0.95
12.92,1.51
14.73,2.96
19.13,4.82
14.71,0.16
22.12,3.8
13.51,9.9
19.85,7.84
19.44,6.87
16.24,2.13
19.68,5.72
24.57,13.76
18.42,7.08
9.98,5.92
20.35,6.6
28.03,13.04
22.66,6.56
21.4,7.68
9.24,4.6
15.82,3.16
19.79,7.28
12.78,-2.09
13.46,0.43
18.41,3.1
10.6,1.81
16.04,4.69
14.04,8.43
27.69,13.54
23.93,15.86
27.02,17.22
25.6,15.75
19.85,14.17
18.93,11.81
14.55,11.43
18.3,12.56
25.3,14.1
28.36,17.01
30.36,17.52
30.97,17.73
30.14,19.09
25.86,18.5
27.48,17.53
24.69,12.96
23.24,10.72
22.46,7.88
25.2,12.76
31.08,18.33
31.6,20.15
29.41,17.94
30.73,18.41
32.89,16.15
29.4,16.08
30.79,18.73
28.99,22.64
31.42,15.06
27.38,13.05
29.68,12.82
26.7,12.81
24.25,11.0
25.37,12.92
27.59,13.88
28.67,14.5
28.99,16.21
31.53,17.36
32.68,18.17
29.13,19.13
30.09,19.6
26.33,16.32
27.32,14.28
29.14,16.73
31.15,21.08
25.79,19.99
27.5,20.95
30.74,20.27
29.54,20.26
31.75,19.91
31.96,18.56
32.56,19.71
33.82,20.07
33.82,20.63
32.92,20.45
33.15,21.01
32.84,20.63
33.45,21.2
29.99,18.76
31.6,17.2
28.31,16.06
28.45,15.75
30.7,16.85
31.8,20.27
27.1,17.97
30.88,19.77
32.78,22.66
33.42,21.28
31.78,21.01
32.27,20.39
29.24,21.02
29.73,18.65
30.49,17.73
31.11,18.93
33.13,21.77
32.07,20.53
30.32,18.04
31.31,20.0
23.38,19.79
25.89,19.66
27.3,17.36
26.78,17.44
27.38,16.85
25.03,12.35
24.25,13.48
25.97,14.29
26.9,13.23
28.63,15.57
30.89,18.3
29.5,19.29
28.96,19.58
28.66,20.06
30.08,20.32
27.49,19.01
30.28,18.69
28.36,16.15
29.66,17.17
24.71,13.88
25.64,12.88
26.76,14.09
27.79,16.81
27.69,18.08
29.01,18.63
31.0,19.76
32.21,19.98
31.2,21.31
28.36,22.37
28.56,20.73
29.29,13.97
26.3,15.86
26.44,17.79
27.44,19.93
27.46,20.13
28.81,15.66
26.03,9.55
27.0,11.36
27.02,15.55
29.46,17.05
30.5,16.33
30.72,16.76
29.9,18.25
23.09,17.37
28.56,17.72
27.37,14.17
25.97,11.42
22.99,8.92
25.93,9.41
27.17,10.83
19.91,6.05
20.47,4.72
22.94,5.67
23.79,6.64
24.05,8.45
22.67,10.0
24.58,10.7
26.14,11.82
24.76,13.65
26.28,13.99
18.53,6.5
17.9,6.64
24.61,5.38
20.34,2.62
17.24,3.77
18.71,6.96
16.75,0.35
17.65,1.44
22.96,4.97
29.14,7.08
26.23,7.61
27.94,9.35
23.65,16.1
26.09,16.11
24.93,4.8
21.11,4.76
25.8,6.47
17.2,-0.02
14.81,-1.05
17.22,0.84
16.25,9.23
12.51,7.89
16.98,8.71
20.95,12.21
27.5,13.11
25.5,6.62
12.66,5.89
10.92,6.24
9.46,7.01
10.99,7.12
12.05,8.57
11.14,4.23
10.14,-0.9
14.88,0.26
11.01,-3.15
9.98,-2.51
18.38,0.62
22.04,5.47
19.74,3.97
21.45,3.55
23.44,3.95
26.74,9.23
26.17,10.88
25.44,11.69
13.09,-0.17
13.11,-0.25
13.54,-2.08
17.16,-0.02
13.83,1.61
13.46,1.17
6.69,-2.16
10.06,-2.01
18.61,5.86
17.64,8.89
10.5,6.55
9.84,1.5
9.55,1.65
10.99,4.35
14.97,7.91
10.63,7.38
12.88,-0.43
9.73,-2.61
11.85,-2.33
2.84,-2.04
1.12,-6.15
6.83,-5.93
6.91,-3.73
7.17,-2.48
7.21,-3.93
3.74,-3.72
1.18,-1.6
2.66,-0.93
13.64,-1.65
16.41,-1.54
17.97,4.53
16.37,3.83
5.82,2.07
2.31,-6.37
2.09,-5.92
1.34,-1.49
0.37,-5.61
3.63,-5.79
5.57,0.18
6.93,0.42
9.33,0.43
7.83,-0.87
13.47,-1.34
-1.47,-10.88
-7.76,-11.63
3.72,-9.87
11.93,-1.62
3.02,-3.18
5.64,-3.72
11.2,-2.23
0.37,-2.24
10.58,0.41
3.87,1.34
2.68,-2.5
8.0,-2.2
1.98,-0.14
2.98,-0.93
3.88,-0.62
0.62,-1.92
0.23,-7.07
0.28,-6.91
-1.33,-4.46
3.13,-4.08
8.37,-2.14
9.38,-0.21
6.25,-1.37
1.64,-1.23
1.45,-1.55
2.56,-1.9
7.26,-2.5
3.39,-2.83
10.73,-1.94
3.2,-9.58
2.06,-9.52
1.38,-1.25
3.88,-0.28
7.48,-0.5
0.86,-8.5
-0.56,-10.86
1.6,-10.71
3.7,-3.61
5.83,-2.2
-0.72,-5.86
1.13,-6.21
3.07,-5.22
4.15,-3.72
3.58,-5.42
2.62,-10.56
-4.49,-11.73
1.85,-8.44
-0.48,-5.59
-3.64,-7.14
-2.77,-7.24
-1.27,-6.4
-2.1,-9.11
-3.22,-9.66
-6.54,-11.59
-6.61,-16.67
-3.81,-15.45
-0.87,-11.41
-1.67,-14.37
0.99,-11.27
8.26,-8.26
4.85,1.03
13.26,0.29
17.16,-2.12
8.86,-2.11
7.82,-0.19
13.18,6.44
16.94,2.33
8.35,-4.53
7.58,-4.56
17.44,-2.4
11.9,-3.89
8.79,-4.43
9.38,-3.88
11.39,-3.46
18.61,-1.4
19.59,0.91
21.18,9.05
18.54,7.18
16.04,4.9
12.98,-0.2
10.58,1.08
5.55,1.17
15.32,3.01
17.37,5.57
16.71,0.0
11.18,-1.95
16.34,-1.85
19.53,1.17
19.96,4.22
19.84,9.01
22.67,6.67
17.97,8.02
14.35,4.14
23.42,6.04
11.53,-1.62
15.36,-0.12
23.26,5.32
11.84,-1.71
5.21,-5.4
9.5,-3.96
18.35,0.61
24.25,5.47
25.32,7.47
26.11,9.38
27.67,12.71
21.62,10.7
27.34,11.45
18.74,9.01
11.82,8.04
20.73,7.92
19.54,9.01
17.15,3.02
14.05,0.48
17.3,2.37
14.37,1.54
18.31,3.02
20.41,2.73
18.36,-1.29
8.8,-1.35
13.1,-0.02
16.46,3.57
12.18,6.52
17.9,3.22
24.52,6.98
28.12,16.72
26.73,17.26
21.11,9.69
22.11,1.94
23.07,4.91
25.18,13.64
22.83,15.39
21.34,8.97
17.16,3.23
17.95,4.16
17.98,2.16
15.62,4.81
16.92,2.19
16.77,4.66
16.5,3.99
17.59,3.1
19.86,4.02
21.74,5.01
22.79,10.43
21.56,12.81
21.84,14.17
25.89,14.86
27.35,15.5
29.09,14.87
28.97,13.43
29.9,14.77
30.39,15.91
31.29,16.02
31.3,18.02
25.66,17.14
27.7,17.84
22.48,7.91
14.6,4.48
19.85,6.69
23.58,10.46
24.0,14.39
18.82,16.05
22.6,14.01
29.64,14.67
29.52,16.73
28.08,19.37
27.81,20.26
25.34,20.67
25.57,20.7
27.49,20.22
30.77,19.37
33.34,19.84
31.68,14.91
31.47,13.63
27.59,13.2
27.34,13.21
29.8,15.59
32.61,18.64
28.44,18.1
30.87,21.96
27.79,12.48
22.38,10.6
25.39,12.78
28.15,18.63
27.66,21.99
30.13,21.67
31.69,20.84
32.67,21.01
34.21,21.28
29.0,20.48
26.06,14.91
24.73,13.25
26.14,14.66
30.2,18.41
31.58,19.61
32.02,19.31
31.02,20.86
28.04,16.74
24.43,16.36
26.26,17.8
26.12,20.16
28.16,20.93
27.53,18.88
29.21,19.99
31.15,20.54
28.64,20.57
27.36,19.29
27.68,17.17
28.38,17.34
29.13,17.51
27.61,16.81
27.93,16.49
29.18,17.3
30.49,19.05
30.92,21.16
31.93,17.28
31.33,18.08
31.08,19.8
31.25,20.35
28.02,17.26
22.78,14.15
27.37,12.49
26.18,13.46
27.42,13.54
28.06,14.95
29.39,16.29
28.74,18.17
30.47,18.6
31.14,19.61
26.29,21.51
32.6,22.94
32.7,23.86
33.91,21.06
30.74,20.57
28.53,18.95
24.72,18.47
27.86,19.43
29.3,19.35
31.03,20.42
30.2,19.09
31.23,19.08
31.48,19.05
32.84,19.65
33.31,20.31
33.71,21.2
31.07,20.08
33.78,20.24
33.53,20.3
33.18,21.24
32.65,21.24
26.23,20.06
26.17,18.68
26.73,13.24
26.35,13.2
26.19,14.42
26.16,17.68
26.58,12.76
28.83,13.71
29.04,16.67
27.54,12.19
25.5,11.6
26.29,12.39
27.81,15.34
29.58,17.99
30.2,18.39
30.71,19.46
25.23,14.99
28.24,15.84
31.05,17.28
31.99,18.11
30.0,19.06
23.07,18.56
24.4,13.99
15.38,9.63
19.54,6.7
23.28,8.04
21.56,7.25
24.3,8.69
29.03,14.47
29.36,14.94
29.63,14.62
27.98,12.83
27.11,12.97
24.71,15.31
24.33,16.33
23.27,14.85
26.17,15.7
24.98,16.93
24.88,15.92
26.42,14.45
28.73,14.65
29.07,18.05
27.86,17.77
20.64,11.63
25.11,12.34
28.19,18.72
24.99,9.82
17.24,4.8
20.38,4.5
22.05,4.96
22.07,6.11
23.12,7.18
21.25,9.85
12.82,7.36
16.06,7.5
23.65,12.47
16.65,8.32
14.58,1.62
15.52,1.74
12.67,8.56
16.51,10.62
13.63,9.17
17.33,2.64
12.69,2.16
9.8,-2.55
9.89,-2.54
10.89,-2.62
12.08,-2.43
14.61,-1.54
17.63,-0.72
21.15,2.05
17.75,3.26
21.01,6.39
17.15,3.0
10.7,1.56
4.43,0.51
5.51,-2.63
5.23,-2.13
16.66,-0.23
19.34,4.28
8.61,-3.78
5.88,-4.28
12.39,-1.29
8.06,-1.38
4.87,-6.5
5.93,-6.58
13.13,-0.89
8.87,-3.92
1.71,-4.33
9.76,-0.23
8.28,-5.68
7.34,-6.13
13.18,-0.48
11.73,3.17
18.68,1.67
17.6,1.66
13.23,0.55
17.1,2.2
6.81,-5.61
-1.56,-5.41
5.65,-5.3
14.82,-1.34
19.0,9.35
17.09,-2.62
9.25,-3.0
12.29,-1.92
14.44,-1.23
18.35,11.71
16.56,-0.79
8.71,-0.73
12.19,-1.65
1.93,-5.36
6.7,-5.35
7.5,-4.77
2.96,-5.46
11.6,-3.8
17.64,9.3
20.87,7.51
15.66,6.44
20.84,5.69
12.38,4.41
9.91,5.77
9.37,5.75
17.69,8.6
14.46,3.23
2.54,-5.18
1.28,-6.77
6.26,-6.3
6.61,-8.58
-6.7,-12.79
-6.78,-13.21
6.29,-10.96
6.57,-8.42
0.58,-10.47
1.71,-10.29
10.38,-1.13
8.34,-1.72
2.22,-2.68
0.6,-6.13
1.12,-6.31
-1.83,-4.46
6.38,-4.81
9.96,-6.74
-3.37,-8.48
-2.75,-13.3
0.51,-13.17
2.97,-7.8
5.39,-6.99
-1.36,-14.6
-4.18,-15.16
2.18,-9.58
-0.76,-16.81
-2.79,-16.67
5.44,-7.42
5.47,-6.36
16.28,-0.44
8.05,-1.24
-0.75,-6.81
-4.01,-11.42
-4.59,-12.39
3.68,-10.16
2.44,-9.39
8.93,-8.03
11.41,-1.31
7.0,-2.5
12.94,-1.87
-1.28,-7.78
-1.5,-9.16
0.89,-9.29
12.93,-7.14
17.18,8.1
13.17,-4.93
1.98,-5.7
0.91,-6.33
15.24,-4.34
18.04,3.81
16.63,-1.97
-1.15,-2.67
2.84,-1.59
0.09,-3.69
3.45,-5.46
9.87,-5.38
11.76,-3.65
19.39,1.83
21.04,1.93
9.0,-1.04
13.75,-1.0
23.83,7.15
21.24,11.7
15.32,0.47
5.03,0.44
10.16,-1.2
11.76,-1.0
8.39,-8.37
-1.96,-8.61
11.56,-3.44
18.27,2.63
20.1,2.6
21.98,2.91
22.68,4.84
17.79,8.15
9.0,2.0
17.73,1.71
21.7,3.53
19.52,9.46
19.95,6.49
11.82,4.75
7.55,2.59
5.58,-2.46
6.76,-5.81
6.99,-4.9
9.01,0.58
26.55,7.8
8.82,1.15
7.1,-2.98
13.08,-1.46
16.07,1.42
16.3,5.54
14.04,6.36
14.17,5.77
12.22,2.22
9.37,1.16
7.87,-1.91
18.5,-0.09
18.31,10.64
22.45,11.21
21.44,4.05
16.98,3.87
22.02,7.62
17.99,1.57
11.13,1.91
7.6,0.85
12.08,1.64
19.87,6.92
19.01,7.59
26.69,10.62
29.52,15.88
28.64,17.97
20.11,3.36
15.27,1.94
19.36,3.99
19.52,7.57
23.02,11.88
26.43,13.51
23.12,6.33
22.59,9.62
26.17,10.28
15.43,10.37
16.94,12.27
22.47,9.8
17.28,7.92
21.79,9.77
26.23,12.7
29.3,17.21
30.82,12.52
30.25,14.61
29.54,15.02
29.66,13.77
30.37,13.06
25.58,10.8
28.21,13.18
22.7,14.67
27.94,15.84
30.81,20.33
29.26,17.1
20.24,10.85
18.73,9.99
24.17,11.73
29.06,18.1
22.66,14.19
20.4,11.06
22.86,12.11
27.77,14.77
30.97,17.8
31.2,18.39
31.01,19.04
24.39,12.51
27.07,11.57
28.43,12.54
28.59,15.35
27.62,18.17
27.41,16.09
28.58,14.05
25.55,14.04
22.24,14.39
25.96,15.18
29.48,19.62
33.61,23.54
34.44,23.15
34.03,23.42
33.4,24.15
30.45,15.53
26.26,11.19
26.52,12.06
30.66,13.34
33.64,17.73
34.53,16.22
30.25,14.74
30.99,15.47
30.93,17.73
29.0,14.74
26.68,10.59
26.15,10.01
29.61,13.68
33.01,20.05
33.06,21.02
30.58,19.19
30.72,17.6
32.77,21.1
35.91,23.72
34.65,22.62
27.7,21.6
25.58,20.37
26.28,16.0
29.67,16.79
30.63,19.5
30.59,16.93
30.33,17.95
29.56,16.1
29.06,19.86
31.63,21.3
24.78,20.85
28.78,19.35
30.88,21.01
33.39,20.1
31.53,19.39
32.97,20.66
31.39,22.64
32.12,22.09
27.19,19.89
25.63,19.2
28.73,21.0
30.51,20.77
27.24,15.21
27.39,17.19
26.62,18.8
29.67,19.77
27.95,18.97
32.61,21.09
28.54,21.03
28.3,21.5
30.95,20.61
31.85,21.14
32.04,21.88
29.81,21.35
27.87,16.37
29.02,15.45
25.53,13.22
27.2,15.61
26.43,18.39
26.7,15.53
27.73,15.45
27.8,15.12
29.17,15.11
30.04,16.71
29.48,18.34
27.0,17.48
26.84,15.71
28.01,14.13
29.19,14.63
29.63,16.26
29.86,17.74
30.07,18.73
32.85,20.88
32.0,20.18
29.08,13.89
27.67,13.68
29.67,15.1
30.19,17.87
24.99,18.73
27.0,19.48
27.87,19.95
26.14,16.02
26.71,13.41
26.25,13.41
29.1,15.74
28.82,18.31
25.93,13.73
22.13,12.22
21.36,12.65
26.84,13.07
28.17,12.94
28.46,13.79
28.89,13.92
29.32,16.11
28.64,15.89
31.33,16.7
34.56,16.85
21.83,6.43
19.96,7.72
25.34,12.35
23.85,10.52
20.91,5.32
19.67,3.8
16.58,4.53
20.08,5.53
21.92,6.4
23.56,6.94
22.18,6.72
21.69,3.23
22.57,3.38
24.84,5.2
24.47,7.99
16.73,0.47
15.05,-0.16
18.33,1.71
23.3,5.18
24.15,7.48
24.3,6.39
18.35,1.25
20.17,2.34
17.81,2.98
22.33,4.38
10.07,1.07
7.06,-0.13
12.46,-2.15
15.13,-0.62
22.64,5.24
25.24,10.43
25.55,9.35
25.39,10.27
23.03,7.86
12.22,0.07
14.92,1.15
19.61,3.16
21.13,4.27
16.28,9.44
17.67,12.44
19.98,7.42
17.8,6.26
22.82,6.18
24.48,11.41
21.76,7.66
21.92,5.56
19.62,6.38
17.52,4.75
23.5,4.89
22.46,7.4
17.17,-0.24
0.19,-1.78
3.5,-1.97
6.69,-1.84
5.5,1.54
3.33,-1.86
0.25,-3.28
1.59,-7.89
2.31,-8.22
1.79,-8.06
9.34,-5.58
13.89,-4.33
15.42,-3.5
17.27,-1.84
12.73,-3.45
12.87,-3.42
12.57,5.42
7.95,4.7
16.04,0.9
3.59,-6.41
4.46,-6.82
13.75,1.58
12.04,-6.35
5.69,-6.67
7.74,-3.87
11.25,6.14
10.36,5.28
7.65,4.79
9.31,5.02
8.29,4.62
8.02,2.03
7.44,-0.63
8.29,-0.59
12.51,5.11
7.26,1.14
4.72,-0.71
1.05,-4.21
1.4,-7.66
0.98,-7.51
7.52,-5.85
6.7,-5.5
6.82,-22.05
-16.43,-22.37
-8.65,-16.69
-6.56,-14.12
-2.93,-8.89
-0.18,-4.97
9.93,-3.76
14.31,8.65
16.33,8.84
