20170101
7.9,-1.21
12.59,6.04
13.02,-3.58
-1.67,-6.85
-5.8,-13.91
-9.62,-15.7
-8.43,-16.39
-5.38,-15.02
4.55,-6.4
12.86,-1.37
17.98,0.28
18.59,-0.9
1.65,-0.88
2.87,0.47
3.73,0.52
14.87,3.64
15.21,3.08
4.86,1.73
10.6,2.69
14.97,7.38
18.26,5.88
15.86,6.59
8.86,3.56
7.31,1.84
14.94,1.68
2.55,-1.0
1.88,-3.91
1.52,-3.72
-0.05,-6.59
6.93,-7.49
8.01,3.06
6.32,-2.17
1.99,-5.28
-0.69,-11.02
4.47,-11.02
10.93,-2.15
15.98,-0.89
15.98,2.76
5.42,-4.38
-2.53,-8.94
12.18,-4.73
18.45,9.02
15.71,-2.61
9.49,-2.62
11.6,1.65
7.08,-1.91
9.06,-0.23
19.72,3.99
17.37,6.06
15.94,1.77
19.82,3.38
18.47,9.27
20.12,12.0
20.58,13.32
24.76,2.49
2.02,-6.09
8.53,-5.18
10.66,4.89
18.09,8.47
15.44,0.76
7.35,-1.77
4.0,-2.72
10.27,-1.43
19.39,0.01
17.17,9.47
13.71,5.0
16.01,2.29
21.2,1.15
6.46,-3.68
2.78,-5.85
3.8,-5.06
3.17,-4.31
0.36,-6.8
1.65,-7.81
6.45,-6.24
8.99,1.11
6.35,-1.04
10.42,0.49
17.12,4.85
16.88,-0.44
6.57,-1.74
15.41,-1.01
24.15,13.11
25.11,13.44
18.88,6.74
20.18,7.84
15.63,8.77
16.7,8.38
24.79,11.08
13.17,4.8
10.06,2.45
18.86,4.68
21.0,12.3
19.99,8.53
23.98,5.52
8.77,1.54
13.43,-0.47
18.54,3.47
25.4,9.86
26.23,15.1
19.35,5.75
20.96,7.08
26.21,8.7
28.19,12.49
27.89,16.68
26.59,13.13
21.54,10.03
25.33,13.09
27.51,16.58
27.38,10.38
16.0,7.56
12.9,5.58
19.03,6.7
23.9,9.63
24.32,12.31
28.59,15.39
18.38,7.37
21.51,9.9
27.05,15.84
26.15,13.04
17.56,7.98
19.2,4.6
13.64,7.52
14.65,7.57
10.28,4.42
16.72,3.5
17.59,0.76
18.67,5.52
20.18,11.25
28.99,13.92
21.01,11.87
18.86,6.99
23.57,10.79
27.75,13.05
28.33,14.08
29.48,17.31
28.62,20.72
28.6,18.14
28.29,15.99
27.7,15.88
25.15,8.78
22.02,9.49
23.8,13.56
18.22,13.13
18.04,10.34
26.34,15.1
28.5,16.8
23.63,15.16
27.86,13.52
26.81,12.43
27.11,10.48
26.84,10.22
28.92,12.16
30.9,14.25
30.76,18.92
29.83,15.06
25.16,11.78
20.13,10.23
24.29,10.69
28.14,14.31
29.45,16.23
31.05,18.6
32.68,21.21
30.14,19.11
30.12,19.11
28.0,18.48
30.78,18.52
31.04,21.06
28.32,16.65
27.28,14.94
29.15,17.42
31.89,20.46
27.7,20.93
25.19,16.52
25.74,11.49
25.77,11.22
23.92,10.4
23.82,10.86
27.32,16.31
30.89,20.82
29.16,19.9
28.9,16.88
29.97,16.7
30.86,19.2
29.73,19.13
29.04,20.65
25.96,18.32
30.83,16.75
27.84,13.95
28.94,17.72
29.73,22.06
26.97,19.8
32.1,22.11
30.69,21.78
29.46,15.21
28.21,15.93
29.89,17.45
30.86,19.6
31.61,17.95
31.18,19.8
32.49,22.28
33.53,23.07
33.24,21.12
29.5,19.44
29.52,16.58
27.63,16.02
30.25,18.45
29.04,22.53
28.19,15.75
25.99,13.0
28.27,15.33
29.86,17.84
28.83,17.73
29.1,17.0
29.79,19.28
24.18,10.94
25.15,13.74
22.22,16.99
24.77,14.34
26.64,11.33
27.46,13.87
28.91,15.67
27.45,17.3
27.12,13.62
27.96,16.04
27.56,17.53
30.49,18.44
31.77,21.04
30.81,20.73
29.09,18.35
31.08,18.41
31.85,19.21
31.8,21.12
28.68,15.09
26.36,11.18
25.94,11.79
25.38,11.16
25.8,11.98
27.82,14.2
26.27,16.57
26.16,14.56
27.63,15.69
27.45,14.92
15.8,12.08
20.68,11.91
27.33,13.07
30.26,15.74
22.73,8.51
19.77,7.54
20.85,7.62
24.72,9.4
23.25,8.24
22.94,8.23
22.39,8.97
20.81,14.27
18.23,15.65
22.6,12.5
27.32,12.9
28.87,14.79
29.83,16.48
27.88,19.02
26.6,17.42
30.12,18.1
32.16,18.85
32.14,17.31
32.02,16.42
32.31,15.03
31.61,15.12
31.85,16.8
29.58,12.24
23.13,7.9
25.07,7.4
22.88,5.92
23.58,7.05
26.31,10.86
28.47,13.91
26.59,16.91
23.49,16.66
26.87,17.39
27.99,13.84
20.24,14.78
22.46,15.45
22.38,16.23
19.45,13.97
17.96,12.05
23.08,11.35
28.16,14.05
23.26,7.42
17.03,3.42
19.96,3.7
21.08,4.89
23.72,7.11
25.04,7.62
23.99,9.94
25.3,13.39
17.43,7.91
11.43,5.51
10.97,0.28
17.04,0.27
14.6,2.21
4.3,1.4
3.83,-1.17
8.42,-0.4
7.69,-0.25
15.43,2.5
19.96,13.16
16.14,6.98
19.09,8.96
23.54,9.6
12.33,6.62
9.1,4.52
11.54,-0.54
13.39,-1.76
2.98,-4.1
6.67,-3.42
9.05,2.16
7.31,1.55
11.4,0.99
9.98,0.88
4.27,-0.67
15.44,0.93
18.04,2.63
3.6,-3.76
9.64,-3.4
13.5,-2.36
5.02,-4.52
8.2,-2.88
13.97,-1.53
15.19,-2.01
12.22,-2.43
17.37,0.46
17.58,4.36
14.78,2.85
12.32,-2.42
12.08,-2.51
13.19,-1.79
14.96,-1.31
18.19,3.79
9.25,-2.36
7.11,-2.32
-0.25,-8.14
0.1,-8.88
-0.36,-6.63
3.13,-6.63
8.73,-4.56
-0.16,-7.99
7.49,-6.07
-0.13,-6.64
1.09,-4.89
10.52,-0.68
7.11,2.77
7.81,4.89
9.72,1.87
9.44,-1.82
12.8,-1.78
12.25,2.89
3.31,-0.94
1.24,-6.23
-2.24,-7.84
-5.43,-16.34
-9.14,-16.67
-5.37,-12.58
-3.75,-7.15
-5.98,-15.01
-9.43,-18.86
-12.33,-21.64
-8.07,-21.61
-3.97,-17.04
-7.34,-17.98
-8.41,-19.79
-6.8,-20.02
3.1,-10.2
3.21,-0.17
5.32,-0.39
14.67,4.17
14.85,-1.35
-0.8,-10.25
-5.16,-16.03
-5.69,-16.15
-2.29,-16.0
-12.0,-17.62
-6.05,-14.2
0.4,-12.18
4.52,-6.95
9.12,0.47
12.62,6.48
13.42,2.59
3.63,-0.97
-0.06,-5.86
8.3,-5.27
14.44,0.33
10.06,-2.28
11.55,-2.97
1.47,-5.2
0.94,-5.77
11.63,-0.86
6.5,-10.76
-4.15,-11.7
4.41,-6.42
3.47,-9.87
-2.12,-10.14
0.12,-3.66
-0.52,-8.49
0.23,-8.11
10.56,-1.39
5.39,-0.5
1.58,-6.2
4.36,-6.62
7.03,-4.64
15.06,5.61
19.97,8.97
7.49,-1.71
2.61,-1.37
12.39,-1.37
23.06,12.36
25.42,11.89
11.59,3.61
11.14,3.94
16.22,7.96
15.17,7.09
9.18,-0.77
13.1,-0.87
16.44,0.67
13.29,9.96
14.28,0.4
9.3,-2.82
10.37,-2.15
11.07,-0.96
9.24,0.17
13.85,-0.52
3.81,-2.16
0.05,-4.56
6.74,-3.85
10.35,-0.91
7.07,-1.86
5.38,-3.87
4.93,-5.29
5.3,-4.47
14.53,-2.8
8.55,-2.12
7.41,-1.67
14.69,-0.28
16.8,0.08
2.67,-1.88
4.36,-4.53
8.12,-3.99
10.53,-1.7
2.14,-2.27
8.31,-1.53
14.87,3.56
13.53,10.36
14.4,10.53
14.77,5.57
9.45,0.17
15.94,1.58
9.59,-0.41
9.83,0.03
23.52,1.27
3.24,-3.49
10.85,-1.68
15.09,-2.24
6.11,-4.55
6.41,-1.79
6.26,-1.27
7.21,-1.74
18.22,0.52
26.57,13.63
26.76,16.17
20.37,11.64
12.18,0.84
2.36,-0.45
10.96,0.69
22.66,1.95
12.6,-0.5
16.45,1.71
18.4,6.03
19.61,8.97
14.84,9.76
13.51,10.66
19.32,4.7
20.31,4.37
21.65,6.52
14.24,0.19
17.05,1.15
23.01,5.03
27.4,13.92
28.7,18.68
25.85,17.79
26.4,13.93
19.14,11.78
26.96,10.19
23.02,7.73
25.74,9.7
28.42,15.72
28.55,14.54
30.18,17.95
29.41,16.94
30.99,17.91
32.26,20.32
31.46,18.83
25.71,16.32
28.05,17.47
23.73,18.21
25.6,17.01
30.57,17.98
29.74,18.49
29.36,14.88
27.35,13.69
28.25,13.34
30.45,18.09
29.82,18.38
32.1,18.79
32.6,20.13
30.83,21.57
27.13,20.45
28.74,19.49
28.93,17.9
30.41,19.59
27.06,12.46
24.79,11.63
28.39,13.72
26.03,14.69
30.64,18.11
31.7,17.72
32.48,17.59
26.1,18.11
25.7,18.6
27.55,19.75
28.88,14.08
28.89,14.91
31.11,18.12
33.65,20.62
34.07,21.58
33.27,22.39
32.76,21.03
30.67,21.62
26.4,18.86
24.74,18.29
24.97,17.73
27.98,19.96
23.73,19.79
25.71,19.46
28.61,18.37
30.65,19.6
31.98,19.8
32.76,22.35
32.54,22.35
32.06,21.65
30.79,21.89
34.25,22.55
33.85,21.5
28.13,13.49
27.54,14.68
31.2,17.56
32.51,19.56
32.72,20.68
29.68,15.52
29.43,15.53
31.76,17.27
33.02,20.39
28.91,21.21
29.78,19.98
30.48,14.79
29.82,15.32
30.05,18.05
27.78,18.14
24.77,19.08
26.72,16.73
25.81,16.58
28.13,16.86
30.05,17.0
29.56,16.53
26.73,14.08
27.05,14.88
27.47,17.96
24.94,18.87
24.81,17.81
26.6,16.53
28.91,16.89
30.12,19.39
31.64,19.54
32.36,20.2
31.96,20.32
29.81,20.79
29.51,18.43
29.3,18.62
30.19,19.91
29.89,17.12
29.72,16.99
29.4,16.43
30.42,18.84
25.64,19.66
26.86,20.65
27.57,20.11
28.73,18.46
29.8,19.28
28.33,20.01
26.99,17.36
24.86,11.53
26.17,12.44
24.56,14.07
28.05,20.5
32.01,21.86
32.02,21.72
32.37,21.55
30.92,19.45
28.59,17.42
30.58,18.64
29.38,19.48
31.85,20.77
32.98,21.09
33.34,20.6
32.56,21.04
30.7,20.47
27.76,18.67
19.33,14.82
16.22,13.62
19.16,13.16
22.2,13.95
23.61,15.23
29.83,16.69
31.12,17.71
31.29,19.56
29.31,20.4
29.51,18.56
32.49,18.59
32.61,19.37
33.06,20.69
30.87,15.37
16.88,13.73
23.89,13.91
21.43,17.22
25.29,19.76
21.69,11.55
16.1,7.31
22.6,8.82
22.52,9.9
27.01,11.92
29.25,15.04
29.76,19.43
30.42,19.93
27.03,18.0
30.95,18.68
31.15,18.14
31.37,18.73
31.03,19.78
30.5,19.28
24.88,12.19
16.31,2.37
12.43,3.07
12.22,4.01
13.24,7.49
12.69,1.7
11.99,1.68
16.44,-0.18
14.57,-0.12
14.42,1.17
16.88,-1.64
12.02,-1.19
18.95,1.72
17.48,1.09
14.33,1.56
13.75,3.88
9.46,6.41
11.63,4.03
18.23,3.36
16.48,2.65
20.59,5.08
18.47,8.93
10.74,5.12
8.28,0.54
13.69,0.63
16.25,6.89
15.92,9.8
15.5,3.5
12.45,-0.97
6.21,-0.27
6.66,-5.88
2.58,-6.87
6.86,-5.74
6.93,0.04
2.28,-5.69
0.62,-5.77
1.24,-1.34
3.84,-0.92
7.46,1.0
10.82,0.99
5.55,2.25
3.53,-2.47
8.19,-3.18
9.93,-2.75
11.17,-1.25
12.88,0.73
14.93,0.52
2.24,-4.97
-3.86,-7.0
0.33,-7.57
5.93,-0.71
10.69,5.22
14.48,7.56
17.25,4.01
4.54,0.35
1.37,-2.03
-0.32,-3.63
4.97,-6.38
3.18,-7.07
-2.31,-6.02
4.33,-7.78
1.0,-9.34
7.35,-7.75
10.62,0.75
9.7,3.72
10.52,5.74
8.34,3.44
9.49,-0.53
9.25,-3.4
7.58,-3.77
12.05,-1.82
8.5,5.08
6.47,-0.37
4.56,-1.64
2.88,-2.92
6.88,-3.18
8.03,-4.24
9.16,-3.88
13.6,4.36
13.97,-0.09
2.09,-2.64
6.44,-2.81
16.9,4.62
5.58,3.04
4.85,0.31
4.47,-1.28
10.18,-0.08
12.01,-0.44
11.78,-0.36
14.22,7.15
16.13,-1.63
-1.04,-6.33
-1.67,-6.82
0.84,-6.56
1.06,-1.86
0.26,-3.21
-0.09,-8.37
0.9,-5.02
2.03,0.21
4.53,0.88
2.29,0.63
3.34,-10.6
-7.54,-17.66
-6.98,-17.63
7.08,-8.67
10.39,-4.19
-0.39,-11.98
-3.1,-12.17
2.0,-3.72
-0.66,-6.31
8.76,-9.68
-6.03,-17.04
-15.42,-21.01
-7.51,-19.66
0.66,-7.76
9.53,-2.9
18.12,2.55
13.56,3.83
11.91,3.8
14.47,9.77
17.04,-6.68
-2.64,-10.04
-0.54,-9.86
2.28,-3.89
9.29,1.66
11.43,-3.69
3.31,-3.75
13.18,1.26
2.04,-4.13
2.57,-4.64
0.39,-2.12
0.25,-5.73
2.06,-5.77
8.26,-1.18
7.67,-1.56
5.97,0.81
14.79,4.27
7.44,-5.07
4.49,-5.5
10.38,-3.0
14.36,-1.5
1.67,-0.86
3.99,-0.71
5.14,-0.14
0.22,-10.66
-6.27,-13.28
-3.94,-12.48
-0.82,-10.37
2.15,-4.1
3.27,-0.5
15.25,1.39
9.5,0.15
10.69,-2.63
10.48,-2.51
21.07,6.24
21.61,6.55
7.05,-0.83
8.74,-3.03
11.31,-3.47
9.1,-3.51
10.55,-2.43
13.27,1.52
7.77,1.78
10.58,-3.16
13.82,-2.32
15.05,5.34
9.08,-2.09
9.29,-2.59
15.39,-1.2
21.95,5.12
16.49,11.19
15.47,-1.48
3.34,-4.66
8.27,-3.03
14.9,-0.18
16.61,3.37
21.49,8.73
15.37,9.19
20.49,9.89
20.63,12.7
22.9,10.05
21.26,5.63
21.35,7.9
27.08,10.22
19.34,5.04
19.39,6.4
22.44,2.0
12.14,2.17
24.79,7.22
24.46,13.29
23.01,6.26
8.28,2.81
6.55,2.31
20.57,4.39
24.91,10.16
24.86,9.78
20.68,10.27
20.33,9.4
18.04,5.06
16.6,5.92
12.59,5.47
25.09,7.86
26.17,12.87
26.75,14.02
23.13,15.59
21.98,14.55
16.24,10.33
21.64,7.75
24.81,9.65
25.96,11.86
28.22,13.87
23.46,11.99
14.6,6.7
18.59,7.35
11.16,8.17
13.61,4.87
20.29,6.98
21.25,8.85
25.47,12.69
29.44,15.83
30.3,19.36
23.77,13.84
21.68,8.9
20.28,9.93
25.21,17.67
29.01,18.23
31.1,18.33
30.21,20.12
29.54,16.5
28.65,19.13
30.14,21.97
26.29,17.44
24.48,16.72
25.92,14.07
27.35,16.53
26.17,8.3
24.06,11.34
26.86,15.91
29.69,17.54
28.43,18.77
25.65,18.84
23.9,19.09
25.79,19.45
23.37,9.28
24.12,10.68
24.7,13.5
19.69,7.51
23.95,12.23
24.76,17.25
26.25,18.46
26.92,18.86
26.58,18.67
28.06,19.43
22.92,15.27
25.67,16.43
24.27,16.45
28.66,18.48
24.81,16.82
28.42,17.42
31.33,19.15
30.89,18.62
31.85,19.69
32.32,21.15
32.6,18.74
31.66,20.2
32.85,20.4
30.13,19.95
31.28,20.55
32.47,21.42
30.48,20.94
31.43,20.09
29.73,17.98
31.71,19.44
32.94,21.42
31.18,17.47
29.48,14.37
31.77,17.16
32.21,20.58
31.24,22.05
30.5,22.09
30.67,21.24
32.89,23.2
32.86,22.43
33.38,22.65
32.72,21.63
25.68,14.73
26.3,13.37
26.31,13.03
27.54,14.41
29.12,15.66
30.44,17.76
30.95,18.86
30.72,19.46
29.66,18.01
28.5,16.32
30.12,17.77
29.71,16.21
30.12,15.19
30.9,16.21
31.74,17.43
30.35,18.55
29.61,17.26
31.0,18.34
30.18,14.98
28.82,14.32
30.17,17.68
28.5,20.82
30.14,19.13
31.25,16.35
28.91,15.74
30.26,17.77
30.2,19.97
33.1,19.66
33.42,20.55
31.9,18.77
30.15,19.74
26.35,18.73
23.74,12.53
25.44,13.39
27.58,15.43
21.64,20.07
26.22,14.81
25.92,11.83
27.97,14.27
29.54,19.1
24.61,17.45
29.57,17.91
28.02,15.43
29.83,17.71
28.68,13.66
25.37,12.31
28.05,14.09
23.86,12.03
25.26,14.5
30.17,16.18
34.28,18.66
32.67,18.94
32.86,19.72
33.04,15.87
27.53,13.12
30.63,15.93
32.1,17.24
29.05,14.81
30.44,15.29
30.68,15.99
30.34,17.89
30.98,15.96
31.04,18.08
27.74,9.28
25.95,10.23
29.47,13.22
25.84,9.54
32.21,13.11
32.41,18.57
32.98,18.03
33.9,17.58
33.59,17.97
33.59,17.58
31.93,11.39
22.0,8.49
26.78,9.42
22.74,12.46
19.76,5.63
22.67,6.22
23.67,8.15
26.96,12.13
22.26,1.42
13.61,0.46
20.3,1.59
20.13,2.81
23.62,5.06
10.35,1.66
15.33,0.96
17.67,1.62
22.2,4.54
24.14,10.21
21.75,10.52
16.38,2.45
18.78,3.05
19.75,7.21
14.91,9.29
18.18,10.39
18.3,3.69
20.07,4.73
16.15,9.42
13.23,10.1
10.46,-2.56
8.46,-2.95
10.85,-2.49
12.03,-1.71
15.67,2.61
10.9,-1.66
12.55,-0.88
6.06,-6.69
2.33,-6.88
8.53,-2.64
17.66,3.79
12.56,-9.14
-5.14,-13.14
-0.28,-11.61
5.84,-5.64
6.42,-5.62
7.87,-4.24
8.83,-3.72
5.46,-0.7
7.71,-1.19
8.57,3.27
12.44,4.53
7.19,-1.52
3.81,-0.15
9.76,0.24
14.53,2.03
14.7,4.99
13.41,1.41
3.42,1.34
6.15,2.38
13.64,3.02
9.26,0.75
2.54,-0.7
3.8,-0.7
10.08,-2.75
10.99,-3.16
9.4,-4.72
7.3,-4.67
13.27,-1.3
13.51,-1.99
-1.88,-8.13
2.74,-7.49
6.5,-5.13
8.08,1.38
6.25,-1.11
1.63,-1.48
0.93,-0.96
2.07,-5.91
-1.11,-10.32
3.88,-8.85
7.63,-5.96
11.54,-3.82
12.58,-3.45
14.95,-2.26
15.75,-2.03
18.6,-0.89
17.49,8.18
14.6,6.56
15.62,6.94
16.26,4.96
5.25,1.22
2.69,0.1
8.99,-0.39
10.45,5.78
10.68,3.67
3.62,-2.15
8.84,-2.45
8.52,-2.6
8.83,-2.09
4.36,-2.86
13.95,-2.37
17.16,9.74
18.3,2.25
5.44,1.32
7.75,1.51
9.69,-0.27
12.95,0.86
4.49,-5.15
2.24,-4.83
10.57,-8.25
-7.65,-10.21
-3.0,-8.76
-0.01,-9.19
3.71,-8.52
8.52,-0.12
7.63,1.17
1.6,-0.58
6.89,-3.07
3.15,-2.71
1.61,-0.05
2.09,-0.26
3.74,-0.17
3.47,-0.08
5.64,0.0
17.58,1.1
19.82,4.59
13.99,-0.06
2.86,-0.28
0.6,-2.99
1.16,-3.1
2.02,-4.85
9.99,-3.5
7.06,0.39
5.21,-1.73
2.44,-1.06
2.72,-12.11
-4.33,-12.89
7.07,-9.48
10.13,-1.88
11.71,-0.19
10.22,-3.85
6.28,-4.04
0.94,-9.79
3.22,-9.57
9.58,-6.82
13.22,1.01
6.88,4.29
7.61,1.94
2.98,-3.93
1.93,-4.16
2.5,-7.15
3.67,-6.78
16.85,-3.05
12.2,8.63
14.43,0.21
16.05,-1.04
15.47,-0.35
2.52,-4.82
10.34,-4.55
18.22,-0.12
17.8,8.94
13.42,5.72
10.73,3.5
16.52,4.18
11.07,1.8
5.77,1.01
7.17,1.05
8.9,3.41
11.99,3.15
15.54,4.73
19.92,11.8
21.63,0.27
3.23,-1.71
5.85,-1.26
11.32,2.52
11.77,3.18
17.1,3.72
20.52,6.94
23.81,12.66
25.88,16.26
18.35,7.85
16.39,4.98
8.12,4.3
11.64,0.28
16.47,2.51
20.85,6.53
21.68,7.67
14.86,7.4
21.26,8.87
26.18,14.04
27.42,7.41
12.92,0.32
10.96,0.91
17.01,5.43
16.87,9.57
9.5,0.83
8.7,-3.02
10.92,-3.97
10.11,-0.25
10.89,1.09
12.66,1.66
14.44,3.12
18.75,5.25
14.32,0.0
21.62,4.17
13.06,9.95
19.48,7.67
19.49,6.86
15.74,1.99
19.35,6.01
24.38,13.91
18.2,7.12
9.68,6.02
20.0,6.86
27.79,13.1
22.41,6.39
21.1,7.61
9.05,4.48
15.45,2.77
19.52,7.37
12.3,-2.23
13.05,0.8
17.99,3.05
10.23,1.57
15.83,4.88
14.11,8.42
27.48,13.84
23.39,15.98
26.63,17.37
25.73,16.07
19.63,14.21
18.28,11.66
14.37,11.34
18.06,12.69
24.97,14.2
27.96,17.04
30.16,17.43
30.76,17.64
29.88,19.03
25.78,18.6
27.32,17.49
24.3,13.0
22.97,10.63
22.13,7.46
25.06,12.42
30.95,18.37
31.41,20.37
29.17,17.89
30.54,18.35
32.68,16.0
29.1,15.87
30.6,18.92
28.93,22.83
31.43,14.9
27.12,12.71
29.32,12.51
26.15,12.93
23.93,11.02
25.16,12.87
27.29,13.73
28.33,14.24
28.64,16.19
31.31,17.09
32.41,17.99
29.39,19.14
29.75,19.71
26.08,15.85
27.02,14.04
28.86,16.83
30.78,21.2
25.7,19.85
27.23,21.0
30.47,20.16
29.35,20.16
31.67,19.68
31.78,18.26
32.34,19.47
33.6,19.84
33.57,20.34
32.53,20.13
32.83,20.74
32.84,20.5
33.16,21.17
29.59,18.42
31.09,17.21
28.02,15.97
28.33,15.55
30.56,16.7
31.66,20.74
27.39,17.64
30.76,19.82
32.62,22.46
33.26,21.11
31.75,21.02
32.19,20.34
28.94,20.95
29.4,18.63
30.26,17.47
30.92,18.92
32.93,21.65
31.81,20.59
30.02,17.65
31.15,20.17
23.18,19.8
25.8,19.79
27.38,17.4
26.62,17.46
27.2,16.81
24.87,12.28
24.03,13.64
25.74,14.37
26.7,13.2
28.47,15.66
30.85,18.22
29.18,19.26
28.71,19.51
28.53,20.09
29.91,20.32
26.96,18.97
30.08,18.62
28.13,16.0
29.35,17.2
24.09,13.85
25.4,12.71
26.61,14.48
27.66,16.93
27.34,17.96
28.78,18.52
30.68,19.7
31.96,19.92
31.0,21.33
28.09,22.43
28.26,20.68
29.03,13.84
26.13,16.02
26.36,17.67
27.56,20.03
27.42,20.35
28.78,15.77
25.9,9.72
26.91,11.7
26.92,15.61
29.4,16.97
30.43,16.28
30.7,16.75
29.89,18.33
23.01,17.17
28.67,17.61
27.31,14.11
25.92,11.21
22.88,8.78
25.86,9.34
27.09,10.9
19.86,6.02
20.43,4.7
22.88,5.84
23.6,6.53
24.06,8.36
22.63,10.16
24.6,10.68
26.1,11.86
24.75,13.65
26.25,13.94
18.83,6.37
17.83,6.62
24.07,5.32
19.85,2.58
16.81,4.11
18.59,7.06
16.98,0.42
17.51,1.75
22.72,5.12
28.86,6.92
25.83,7.63
27.64,9.41
23.39,16.4
25.51,16.57
24.57,4.79
20.89,4.89
25.45,6.56
16.87,0.12
14.38,-0.96
17.01,0.92
15.93,9.4
12.77,8.33
16.71,9.0
20.79,12.17
27.27,13.17
25.26,6.73
12.39,5.88
10.91,6.24
9.43,7.18
10.94,7.26
12.1,8.81
10.94,4.68
9.82,-0.85
14.72,0.48
10.86,-3.17
9.82,-2.55
18.4,0.72
22.02,5.59
19.64,3.93
21.49,3.53
23.45,3.95
26.73,9.17
26.19,10.9
25.47,11.78
12.84,-0.12
13.01,-0.13
13.47,-2.1
17.05,0.1
13.7,1.61
13.29,1.09
6.36,-2.29
9.97,-1.98
18.52,5.82
17.66,9.05
10.19,6.59
9.79,1.49
9.28,1.84
10.66,4.26
14.7,7.79
10.55,7.35
12.8,-0.26
9.74,-2.56
11.89,-2.41
2.71,-1.97
0.83,-6.24
6.67,-5.9
6.84,-3.71
7.14,-2.47
6.92,-4.01
3.43,-3.78
0.9,-1.75
2.44,-1.04
13.41,-1.68
16.19,-1.63
17.79,4.68
16.36,3.81
5.69,2.17
2.18,-6.46
1.78,-5.84
1.1,-1.58
0.2,-5.49
3.61,-5.7
5.34,0.09
6.8,0.36
9.12,0.39
7.56,-0.7
13.31,-1.16
-1.71,-10.91
-7.66,-11.7
3.53,-9.95
11.65,-1.6
2.44,-3.1
5.46,-3.85
11.1,-2.17
0.2,-2.47
9.96,0.37
3.52,1.2
2.44,-2.24
7.82,-1.97
1.73,-0.23
2.81,-0.84
3.71,-0.68
0.41,-1.98
0.35,-7.34
0.16,-7.21
-1.55,-4.55
3.09,-4.06
8.21,-2.13
9.0,-0.25
6.1,-1.44
1.46,-1.29
1.33,-1.58
2.07,-2.0
6.92,-2.64
3.05,-2.74
10.63,-1.96
2.93,-9.88
1.96,-9.79
1.14,-1.51
3.45,-0.46
7.06,-0.6
0.54,-8.54
-0.57,-11.0
1.56,-10.81
3.33,-3.65
5.3,-2.53
-1.02,-6.19
0.99,-6.63
2.65,-5.48
3.84,-3.85
3.06,-6.05
2.01,-11.23
-5.17,-12.17
1.45,-8.64
-0.95,-6.04
-4.35,-7.42
-3.14,-7.46
-1.29,-6.53
-2.17,-9.24
-3.37,-9.7
-6.7,-11.68
-6.48,-17.01
-4.01,-15.76
-1.09,-11.0
-1.9,-14.65
0.83,-11.29
8.08,-8.32
4.59,1.03
12.87,0.11
16.87,-2.36
8.58,-2.18
7.98,-0.39
13.38,6.35
16.6,2.21
7.98,-4.6
7.4,-4.57
17.2,-2.41
11.65,-4.04
8.69,-4.39
9.09,-3.99
11.13,-3.51
18.63,-1.32
19.42,0.9
21.01,8.81
18.28,7.19
15.95,4.75
12.57,-0.37
10.9,1.0
5.1,1.05
14.48,2.97
17.13,5.66
15.89,-0.1
10.84,-1.89
16.21,-1.74
19.41,1.56
19.93,4.29
19.94,9.18
22.71,6.67
17.77,8.0
13.82,4.05
23.35,6.41
10.97,-1.72
15.2,0.04
23.12,5.44
11.35,-1.66
4.56,-5.37
9.37,-3.76
18.02,0.9
23.8,5.47
24.96,7.49
25.74,9.35
27.37,13.01
21.17,10.77
26.95,11.64
18.29,8.97
11.52,8.1
20.47,7.87
19.29,9.09
17.08,3.08
13.5,0.29
16.9,2.55
13.86,1.26
17.92,3.01
20.0,2.72
17.85,-1.17
8.13,-1.3
12.77,-0.27
16.25,3.68
11.94,6.52
17.59,3.34
24.23,7.46
27.84,16.89
26.5,17.36
20.62,9.65
21.81,1.77
22.77,5.03
25.02,13.6
22.7,15.48
21.3,9.04
16.87,3.21
17.68,4.3
17.6,2.08
15.53,4.84
16.84,2.07
16.61,4.71
16.26,4.07
17.26,3.08
19.53,4.07
21.45,5.16
22.49,10.46
21.33,12.77
21.37,13.89
25.69,14.71
27.16,15.47
28.95,14.93
28.75,13.4
29.65,14.82
30.04,16.03
31.04,16.11
31.02,18.26
25.53,17.17
27.47,17.85
22.11,8.01
14.53,4.53
19.49,6.9
23.43,10.53
23.78,14.54
18.59,16.1
22.51,13.92
29.48,14.58
29.29,16.65
27.93,19.41
27.62,20.26
25.31,20.62
25.33,20.73
27.16,20.3
30.6,19.4
33.11,19.83
31.42,14.79
31.14,13.55
27.28,13.08
27.08,12.99
29.55,15.67
32.33,18.5
28.21,17.98
30.65,22.26
27.68,12.33
22.12,10.36
25.17,12.79
27.98,18.83
27.47,21.91
29.86,21.61
31.5,20.79
32.51,21.0
34.01,21.31
28.84,20.43
25.78,15.16
24.52,13.34
25.9,14.79
29.98,18.67
31.4,19.74
31.79,19.42
30.87,20.86
27.65,16.42
24.22,16.18
26.09,17.61
26.13,20.07
27.97,20.87
27.32,18.85
28.98,20.16
30.88,20.55
28.35,20.47
27.15,19.32
27.42,17.12
28.15,17.32
28.86,17.42
27.28,16.45
27.67,16.18
28.95,17.13
30.32,19.1
30.67,20.98
31.72,17.2
31.05,18.03
30.78,19.99
30.93,20.28
27.92,17.5
22.72,14.02
27.05,12.37
25.84,13.42
27.14,13.47
27.65,14.98
29.11,16.35
28.39,18.28
30.04,18.58
30.84,19.65
25.96,21.52
32.16,22.73
32.37,23.64
33.52,21.06
30.47,20.56
28.23,18.7
24.65,18.23
27.49,19.32
29.09,19.25
30.66,20.4
29.88,18.94
30.87,18.98
31.15,18.87
32.39,19.54
32.9,20.19
33.28,21.11
30.59,19.98
33.3,20.29
33.14,20.26
32.78,21.29
32.21,21.12
25.63,20.11
25.73,18.47
26.54,13.06
26.24,13.14
26.04,14.58
26.05,17.64
26.39,12.57
28.54,13.88
28.77,16.79
27.29,11.93
25.19,11.3
26.14,12.28
27.57,15.33
29.36,17.92
29.95,18.43
30.46,19.33
25.0,14.81
28.0,15.8
30.89,17.17
31.83,17.9
29.89,19.08
22.74,18.43
24.1,13.93
15.22,9.71
19.18,6.51
23.14,8.17
21.31,7.07
24.15,8.97
28.79,14.63
29.1,14.66
29.34,14.19
27.25,12.31
26.61,12.35
24.52,14.79
23.56,16.46
22.92,14.65
25.88,15.45
24.72,16.8
24.8,15.87
25.92,14.55
28.1,14.82
28.69,17.75
27.51,17.9
20.91,11.67
25.07,12.49
27.77,18.64
24.3,9.95
16.78,4.64
19.94,4.32
21.62,4.89
21.79,6.15
22.79,7.13
21.37,9.5
12.52,7.28
15.66,7.5
23.08,12.41
16.49,8.4
14.41,1.43
15.18,1.56
12.59,8.47
16.08,10.57
13.14,9.22
17.2,2.37
12.55,2.14
9.71,-2.8
9.94,-2.72
10.84,-2.77
12.04,-2.59
14.59,-1.67
17.74,-0.76
21.11,1.97
17.61,3.05
20.82,6.17
17.11,2.99
10.65,1.42
4.24,0.55
5.11,-2.68
5.05,-2.2
16.41,-0.38
19.1,4.18
8.45,-3.85
5.82,-4.31
12.01,-1.21
7.83,-1.56
4.69,-6.68
5.9,-6.81
12.86,-1.0
8.77,-3.84
1.63,-4.25
9.39,-0.19
8.02,-5.91
7.18,-6.34
12.82,-0.93
11.31,3.02
18.29,1.36
17.11,1.68
12.88,0.24
16.8,1.87
6.18,-5.95
-1.75,-5.6
5.36,-5.27
14.36,-1.44
18.84,9.34
17.0,-2.55
9.14,-3.1
12.14,-1.9
14.29,-1.42
18.09,11.8
16.38,-1.16
8.42,-1.02
11.73,-1.66
1.89,-5.57
6.65,-5.58
7.36,-5.19
2.72,-5.67
11.43,-3.92
17.5,9.16
20.46,7.05
15.33,6.02
20.54,5.43
11.61,4.31
9.49,5.66
9.11,5.63
17.42,8.59
14.22,2.79
1.93,-5.71
1.11,-6.96
6.06,-6.42
6.26,-8.96
-6.87,-12.88
-6.92,-13.25
6.11,-11.03
6.45,-8.62
0.05,-10.89
1.63,-10.58
10.16,-1.35
8.2,-1.95
1.77,-3.13
0.26,-6.51
1.18,-6.73
-2.1,-4.35
6.15,-4.74
9.69,-6.85
-3.53,-8.53
-2.81,-13.53
0.46,-13.42
2.64,-8.47
4.72,-7.25
-1.66,-15.05
-4.22,-15.61
1.84,-9.63
-1.08,-17.47
-2.98,-17.39
5.25,-7.79
5.34,-6.64
16.04,-0.12
7.8,-1.23
-1.16,-7.1
-4.39,-11.77
-4.68,-12.62
3.53,-10.07
2.11,-9.99
8.46,-8.31
11.09,-1.18
6.52,-2.7
12.36,-1.85
-1.34,-8.05
-2.09,-9.74
0.47,-9.5
12.22,-7.09
16.79,8.05
12.76,-5.12
1.77,-5.93
0.42,-6.62
14.91,-4.26
17.7,4.12
16.47,-2.2
-1.23,-2.76
2.49,-1.79
-0.29,-3.88
3.08,-5.78
9.66,-5.59
11.56,-3.7
19.21,1.63
20.75,1.95
8.34,-1.12
13.25,-1.02
23.83,7.2
21.0,11.88
14.52,0.38
4.84,0.41
9.67,-1.42
11.47,-1.14
7.56,-8.38
-2.17,-8.57
11.37,-3.5
18.07,2.75
19.91,2.41
21.97,2.9
22.66,4.89
17.62,8.22
8.74,1.99
17.53,1.77
21.64,3.61
18.86,9.43
19.74,6.49
11.72,4.75
7.28,2.4
4.88,-2.48
6.1,-6.08
6.67,-4.87
8.96,0.34
26.44,7.85
8.63,1.13
6.78,-3.03
12.49,-1.05
15.63,1.9
16.08,5.21
13.53,6.22
13.85,5.72
11.64,1.98
8.87,1.13
7.26,-1.95
18.08,0.35
17.74,10.63
21.99,11.32
20.8,4.15
16.49,4.09
21.63,7.81
17.6,1.44
10.88,1.85
6.98,0.86
11.67,1.76
19.44,6.71
18.55,7.23
26.29,10.88
29.12,16.02
28.26,18.18
20.16,3.24
14.89,1.77
18.66,4.35
18.96,7.52
22.69,11.76
26.02,13.48
22.94,6.21
22.38,10.0
25.96,10.19
15.27,10.32
16.82,12.15
22.22,9.72
16.94,7.77
21.56,9.9
26.01,12.64
29.0,17.16
30.42,12.1
29.87,14.69
29.19,14.98
29.44,13.7
30.21,13.0
25.27,10.51
27.86,13.06
22.74,14.8
27.62,15.94
30.59,20.47
29.04,17.23
20.0,10.79
18.43,9.85
23.92,11.74
28.83,18.17
22.39,14.11
19.95,11.06
22.74,12.11
27.51,15.09
30.75,17.73
30.95,18.16
30.83,19.07
24.2,12.37
26.87,11.34
28.18,12.6
28.27,15.47
27.21,18.25
27.16,16.06
28.35,13.92
25.21,13.81
22.18,14.33
25.62,15.1
29.25,19.6
33.33,23.65
34.24,22.99
33.81,23.18
33.23,24.05
30.2,15.32
26.0,10.81
26.33,11.8
30.33,12.96
33.39,17.81
34.21,15.78
30.01,14.29
30.77,15.04
30.65,17.69
28.82,14.37
26.41,10.28
25.93,9.76
29.4,13.7
32.74,20.26
32.71,20.8
30.33,19.28
30.55,17.19
32.49,21.31
35.5,23.53
34.31,22.38
27.62,21.58
25.19,20.25
26.16,15.86
29.51,16.67
30.39,19.76
30.35,16.7
30.03,17.85
29.21,15.79
28.91,19.9
31.32,21.29
24.32,20.86
28.58,19.04
30.63,20.92
33.13,20.03
31.29,19.24
32.7,20.45
31.15,22.56
31.92,22.14
27.05,19.94
25.54,19.14
28.44,20.87
30.27,20.77
26.99,14.76
27.3,17.29
26.36,18.61
29.34,19.62
27.83,18.76
32.29,21.29
28.41,21.1
28.18,21.57
30.6,20.52
31.54,21.19
31.63,21.79
29.52,21.39
27.49,15.98
28.58,15.24
25.24,13.08
27.0,15.61
26.11,18.18
26.49,15.29
27.36,15.33
27.43,14.91
28.76,14.8
29.6,16.68
28.94,18.24
26.63,17.36
26.38,15.5
27.56,13.79
28.79,14.49
29.21,16.42
29.36,17.48
29.69,18.6
32.43,20.91
31.55,20.08
28.64,13.63
27.4,13.5
29.5,15.14
29.92,17.97
24.97,18.72
26.95,19.49
27.73,20.12
25.99,16.01
26.48,13.08
26.14,13.33
28.98,16.02
28.56,18.44
25.92,13.94
21.92,12.29
21.18,12.62
26.68,12.88
27.93,12.77
28.31,13.6
28.67,13.81
29.06,16.12
28.31,15.44
30.98,16.36
34.29,16.66
21.53,6.23
19.91,7.86
25.02,12.34
23.52,10.2
20.6,5.13
19.34,3.71
16.28,4.6
19.91,5.46
21.77,6.51
23.26,7.12
21.89,6.66
21.34,3.15
22.29,3.35
24.56,5.31
24.05,8.01
16.37,0.39
14.82,-0.22
18.02,1.83
22.93,5.06
23.82,7.39
24.3,6.51
17.97,1.28
19.76,2.37
17.42,3.03
22.15,4.76
9.78,1.15
6.65,0.11
12.19,-2.09
14.74,-0.44
22.34,5.38
24.88,10.26
25.27,9.13
25.13,10.15
23.21,7.92
11.91,0.03
14.78,1.27
19.54,3.28
20.88,4.41
16.32,9.5
17.51,12.5
20.06,7.21
17.79,6.11
22.69,6.16
24.37,11.21
21.75,7.67
21.78,5.32
19.5,6.16
17.25,4.63
23.41,4.87
22.35,7.63
17.06,-0.41
0.07,-1.77
3.53,-1.84
6.62,-1.74
5.47,1.45
2.94,-1.89
0.03,-3.27
1.37,-7.95
2.16,-8.24
1.59,-8.08
9.18,-5.57
13.8,-4.5
15.45,-3.47
17.27,-1.79
12.45,-3.6
12.81,-3.45
12.31,5.31
7.78,4.75
15.81,0.98
3.3,-6.62
4.29,-7.03
13.59,1.55
11.57,-6.59
5.63,-6.83
7.84,-4.05
11.09,6.3
10.03,5.17
7.33,4.6
9.18,4.73
7.95,4.42
7.73,2.14
7.21,-0.79
7.91,-0.76
12.49,4.96
7.01,1.06
4.61,-0.76
0.74,-4.41
1.05,-7.89
0.71,-7.71
7.48,-6.11
6.45,-5.67
6.7,-22.28
-16.65,-22.58
-8.85,-16.83
-6.8,-14.18
-3.12,-8.95
-0.31,-4.69
9.66,-3.56
14.16,8.51
16.03,8.71
