20170101
7.77,-1.33
12.56,5.99
12.96,-3.6
-1.69,-6.95
-5.82,-14.08
-9.62,-15.75
-8.5,-16.46
-5.39,-15.04
4.43,-6.35
12.82,-1.47
17.89,0.5
18.49,-1.03
1.63,-1.05
2.8,0.3
3.67,0.34
14.81,3.41
15.18,2.91
4.82,1.75
10.5,2.57
15.04,7.53
18.11,5.96
15.98,6.68
9.0,3.65
7.21,1.87
14.88,1.66
2.48,-1.03
1.8,-3.87
1.42,-3.72
-0.19,-6.69
6.87,-7.66
7.94,2.97
6.16,-2.23
1.95,-5.48
-0.9,-11.29
4.38,-11.31
10.85,-2.28
15.87,-1.03
15.91,2.48
5.61,-4.52
-2.61,-9.34
12.13,-4.87
18.31,8.99
15.81,-2.77
9.43,-2.81
11.45,1.58
6.97,-2.13
8.96,-0.38
19.65,4.1
17.29,6.23
15.91,1.52
19.81,3.44
18.48,9.04
20.2,12.11
20.45,13.38
24.74,2.55
1.89,-6.35
8.46,-5.34
10.6,4.85
17.95,8.34
15.41,0.75
7.15,-1.88
3.78,-2.98
9.96,-1.49
19.24,0.03
17.09,9.32
13.49,5.08
15.9,1.8
21.1,0.94
6.18,-3.92
2.61,-6.16
3.75,-5.09
3.28,-4.55
0.23,-6.95
1.48,-8.12
6.3,-6.25
8.9,0.79
6.08,-1.58
10.37,0.35
16.9,4.61
16.75,-0.7
6.36,-1.89
15.34,-1.07
24.07,13.26
25.08,13.39
18.68,6.66
20.28,7.97
15.43,8.59
16.61,8.12
24.7,11.18
13.05,4.71
9.75,2.4
18.68,4.77
20.66,12.51
19.84,8.47
24.25,5.57
8.44,1.45
13.2,-0.55
18.26,3.73
25.25,10.14
26.11,14.94
19.38,5.65
20.76,7.6
25.94,8.97
28.05,12.91
27.63,16.82
26.44,13.33
21.37,10.48
25.0,13.84
27.37,16.68
27.28,10.42
15.96,7.59
12.68,5.58
18.53,6.89
23.65,9.94
24.18,12.51
28.43,15.53
18.24,7.38
21.64,9.97
26.93,16.03
26.34,13.17
17.66,7.99
19.03,4.36
13.41,7.92
14.81,7.54
9.67,4.32
16.37,3.49
17.38,0.38
18.44,6.14
19.53,11.3
28.85,13.84
20.97,11.89
18.66,6.73
23.39,10.61
27.68,12.85
28.24,13.92
29.29,17.8
28.48,21.05
28.36,18.04
28.21,16.08
27.69,16.1
24.99,8.68
21.84,9.35
23.74,13.77
18.35,13.23
17.65,10.29
26.23,15.36
28.35,16.79
23.36,15.13
27.62,13.32
26.56,12.22
26.92,10.33
26.7,9.99
28.67,12.05
30.82,13.88
30.63,19.02
29.5,15.2
24.89,11.42
19.75,10.05
24.1,10.33
27.98,14.21
29.29,16.15
30.88,18.28
32.4,21.19
29.54,19.05
29.89,19.04
27.76,18.2
30.66,18.34
30.89,21.05
28.24,16.66
27.05,14.8
28.85,17.51
31.63,20.72
27.67,20.84
25.0,16.54
25.49,11.25
25.61,10.93
23.59,10.15
23.63,10.64
27.12,16.68
30.74,20.97
29.1,19.91
28.75,16.64
29.8,16.38
31.0,19.31
29.48,18.97
28.99,20.78
25.83,18.19
30.75,16.68
27.56,13.61
28.71,18.07
29.54,22.01
26.78,19.71
32.05,22.17
30.8,21.64
29.31,14.99
28.18,15.78
29.7,17.45
30.88,19.7
31.6,17.7
31.15,19.72
32.39,22.39
33.37,22.97
32.9,21.07
29.34,19.39
29.48,16.5
27.56,15.86
30.16,18.7
29.07,22.56
28.07,15.64
25.92,12.66
28.17,15.33
29.8,17.83
28.72,17.38
29.1,16.58
29.62,19.42
24.19,10.53
25.06,14.16
22.18,16.91
24.59,14.15
26.6,10.81
27.47,13.78
28.79,15.44
27.35,17.42
26.99,13.43
27.97,15.85
27.4,17.35
30.35,18.21
31.68,21.22
30.61,20.95
28.97,18.07
30.91,18.28
31.72,19.09
31.58,21.34
28.6,14.95
26.26,10.76
25.89,11.55
25.22,10.88
25.68,11.71
27.73,14.33
26.03,16.46
26.28,14.02
27.58,15.61
27.35,14.65
15.66,11.99
19.97,12.0
27.08,12.95
30.02,15.42
22.82,8.58
19.5,7.63
20.59,7.71
24.45,9.49
23.04,8.12
22.86,8.12
22.26,8.81
20.77,14.14
17.89,15.59
22.35,12.33
27.02,12.7
28.52,14.7
29.47,16.48
27.75,18.84
26.28,17.4
29.81,18.0
31.89,18.76
31.97,17.32
31.82,16.33
32.19,14.86
31.36,15.0
31.61,16.74
29.6,11.88
23.0,7.81
24.83,7.34
22.64,5.85
23.37,7.03
26.11,10.81
28.26,13.7
26.4,16.84
23.35,16.61
26.69,17.38
27.91,13.84
20.18,14.73
22.43,15.43
22.37,16.29
19.42,13.98
17.95,11.91
22.96,11.36
27.96,13.94
23.13,7.36
16.88,3.27
19.78,3.6
20.86,4.83
23.52,7.0
24.88,7.45
23.94,9.86
25.13,13.33
17.24,7.84
11.22,5.43
10.77,0.14
16.91,0.21
14.62,2.11
4.27,1.36
3.72,-1.13
8.34,-0.35
7.55,-0.2
15.43,2.54
19.92,13.25
16.03,7.02
19.01,8.96
23.58,9.6
12.45,6.63
9.04,4.52
11.52,-0.53
13.3,-1.72
2.85,-4.01
6.61,-3.42
9.06,2.16
7.11,1.58
11.3,1.04
9.96,0.83
4.18,-0.57
15.3,0.98
18.0,2.61
3.54,-3.66
9.57,-3.41
13.4,-2.38
4.99,-4.47
8.18,-2.75
13.91,-1.56
15.17,-2.06
12.19,-2.48
17.21,0.3
17.47,4.27
14.77,2.79
12.27,-2.48
12.04,-2.55
13.11,-1.82
14.92,-1.34
18.13,3.83
9.23,-2.39
7.1,-2.37
-0.28,-8.16
0.08,-8.79
-0.48,-6.59
3.02,-6.69
8.57,-4.63
-0.25,-8.02
7.42,-6.06
-0.27,-6.75
1.11,-4.96
10.51,-0.61
7.04,2.71
7.84,4.78
9.71,1.78
9.39,-1.81
12.73,-1.73
12.24,2.87
3.47,-0.97
1.22,-6.24
-2.27,-7.89
-5.4,-16.39
-9.16,-16.73
-5.43,-12.59
-3.77,-7.14
-6.1,-15.01
-9.5,-19.05
-12.53,-22.06
-8.23,-22.04
-4.08,-17.2
-7.46,-18.42
-8.55,-20.25
-6.95,-20.3
2.92,-10.34
3.08,-0.16
5.11,-0.49
14.67,4.01
14.64,-1.35
-0.25,-10.32
-5.3,-16.04
-5.81,-16.14
-2.27,-16.12
-11.98,-17.71
-6.07,-14.14
0.37,-12.36
4.28,-7.22
9.03,0.33
12.44,6.07
13.29,2.44
3.66,-0.96
-0.14,-6.06
7.97,-5.49
14.23,-0.04
9.93,-2.49
11.46,-3.01
1.43,-5.08
0.79,-5.69
11.63,-0.83
6.53,-11.04
-4.22,-11.9
4.42,-6.49
3.48,-9.95
-2.14,-10.16
0.19,-3.67
-0.74,-8.66
0.05,-8.25
10.58,-1.55
5.69,-0.59
1.61,-6.22
4.36,-6.65
7.16,-4.73
15.06,5.75
20.0,8.86
7.41,-1.91
2.54,-1.42
12.46,-1.51
23.09,12.59
25.44,12.07
11.92,3.51
11.09,3.87
16.33,7.95
15.15,7.14
9.02,-0.97
13.12,-0.94
16.38,0.81
13.23,9.98
14.2,0.13
9.3,-3.16
10.34,-2.42
10.98,-0.97
9.0,-0.09
13.79,-0.64
3.68,-2.16
-0.24,-4.78
6.56,-3.91
10.41,-1.06
6.95,-1.99
5.25,-4.16
4.73,-5.52
5.2,-4.59
14.37,-3.14
8.46,-2.19
7.11,-1.87
14.68,-0.43
16.83,-0.02
2.61,-2.11
4.33,-4.7
8.0,-4.13
10.46,-1.77
1.88,-2.44
8.26,-1.55
14.78,3.53
13.35,10.44
14.33,10.69
14.75,5.49
9.26,-0.12
15.75,1.8
9.42,-0.32
9.76,0.16
23.51,1.25
3.09,-3.77
10.69,-1.52
14.9,-2.36
6.01,-4.81
6.38,-1.67
6.03,-1.4
7.13,-2.01
17.99,0.78
26.45,13.95
26.51,16.25
20.19,11.73
11.88,0.81
2.17,-0.46
10.88,0.77
22.59,2.05
12.47,-0.59
16.37,1.71
18.31,6.31
19.41,9.05
14.68,9.7
13.42,10.71
19.2,4.61
20.17,4.17
21.44,6.59
13.93,0.1
16.88,0.95
22.88,4.84
27.25,14.21
28.54,18.93
25.85,17.84
26.26,13.97
18.89,11.63
26.75,10.3
22.85,7.41
25.68,9.54
28.36,15.85
28.45,14.19
30.04,17.92
29.29,16.91
30.73,17.61
32.14,20.35
31.26,18.88
25.6,16.23
27.9,17.55
23.59,18.29
25.54,16.77
30.41,17.95
29.57,18.45
29.25,14.62
27.22,13.28
28.17,13.0
30.27,18.09
29.53,18.37
32.01,18.73
32.32,20.02
30.61,21.52
27.0,20.35
28.51,19.36
28.81,17.72
30.35,19.41
26.87,12.13
24.67,11.2
28.18,13.71
25.94,14.39
30.41,18.06
31.47,17.44
32.21,17.37
26.02,18.02
25.6,18.51
27.46,19.68
28.69,14.02
28.8,14.88
31.01,17.97
33.58,20.33
33.96,21.31
33.12,22.19
32.58,20.93
30.59,21.7
26.41,18.66
24.62,18.28
24.98,17.67
28.06,20.04
23.52,19.77
25.7,19.42
28.54,18.28
30.64,19.4
31.98,19.58
32.7,22.12
32.37,22.17
32.01,21.52
30.55,21.77
34.3,22.45
33.76,21.37
28.04,13.64
27.44,14.73
31.09,17.44
32.36,19.32
32.52,20.66
29.57,15.15
29.29,15.22
31.68,17.13
32.99,20.19
28.58,21.06
29.61,20.05
30.31,14.49
29.67,15.04
29.99,18.07
27.41,18.0
24.62,19.14
26.64,16.69
25.71,16.35
27.94,16.51
29.93,16.75
29.42,16.52
26.63,13.83
27.0,14.63
27.43,18.07
25.06,18.92
24.8,17.64
26.44,16.39
28.67,16.71
30.01,19.3
31.48,19.33
32.19,20.03
31.76,20.09
29.74,20.68
29.37,18.13
29.22,18.4
29.98,19.8
29.74,16.85
29.55,16.79
29.25,16.25
30.2,18.52
25.57,19.58
26.75,20.67
27.37,19.98
28.7,18.18
29.64,19.11
28.21,19.91
26.9,17.17
24.72,11.17
26.0,12.32
24.64,13.93
27.78,20.41
31.88,21.74
31.85,21.65
32.15,21.36
30.75,19.38
28.44,17.2
30.49,18.67
29.21,19.37
31.7,20.81
32.75,20.97
33.17,20.47
32.34,20.97
30.57,20.37
27.72,18.76
19.37,14.65
16.2,13.56
19.02,13.23
22.02,14.08
23.65,15.15
29.76,16.63
31.03,17.66
31.19,19.56
29.12,20.4
29.28,18.35
32.34,18.48
32.48,19.33
32.93,20.7
30.8,15.2
16.89,13.59
23.66,13.87
21.31,17.16
25.24,19.81
21.66,11.43
15.82,7.17
22.51,8.81
22.41,9.91
26.88,11.89
29.0,15.11
29.51,19.41
30.18,20.03
26.9,18.03
30.75,18.53
30.99,17.89
31.19,18.71
30.8,19.69
30.36,18.96
24.88,12.2
16.35,2.11
12.38,3.06
12.16,4.0
13.29,7.39
12.63,1.43
11.96,1.54
16.47,-0.46
14.5,-0.26
14.38,1.03
16.65,-1.9
11.74,-1.2
18.77,1.81
17.28,0.93
14.2,1.54
13.4,3.8
9.38,6.32
11.23,3.96
18.05,3.21
16.3,2.52
20.38,4.9
18.51,9.13
10.8,5.1
7.88,0.29
13.68,0.5
16.2,6.91
15.94,10.17
15.51,3.33
12.32,-1.01
5.97,-0.39
6.5,-5.91
2.6,-6.89
6.84,-5.85
7.0,-0.01
2.31,-5.65
0.55,-5.67
1.08,-1.42
3.67,-0.94
7.36,1.18
11.05,1.01
5.39,2.24
3.32,-2.44
7.95,-3.01
9.57,-2.55
11.05,-1.03
12.67,0.56
14.79,0.41
2.14,-4.93
-4.0,-7.06
0.11,-7.73
5.63,-0.83
10.2,5.23
14.43,7.57
17.37,4.06
4.46,0.26
1.16,-2.11
-0.41,-3.72
5.03,-6.49
3.12,-7.27
-2.45,-5.96
4.29,-7.87
1.49,-9.63
7.26,-7.89
10.41,0.92
9.5,3.64
10.66,5.68
8.3,3.36
8.93,-0.41
9.03,-3.55
7.58,-3.94
11.9,-1.8
8.45,5.03
6.37,-0.45
4.44,-1.64
2.68,-2.91
6.73,-3.22
8.15,-4.42
8.95,-3.89
13.63,4.28
14.12,-0.08
2.07,-2.68
6.43,-2.9
16.82,4.71
5.55,2.94
4.86,0.36
4.4,-1.62
10.17,-0.12
11.88,-0.72
11.74,-0.65
14.18,6.94
16.04,-1.87
-1.29,-6.39
-1.85,-6.85
0.85,-6.46
0.97,-2.03
0.17,-3.36
-0.28,-8.84
0.78,-5.47
1.97,0.04
4.5,0.84
2.18,0.45
3.21,-10.77
-7.69,-18.27
-7.01,-18.35
7.02,-8.68
10.39,-4.27
-0.5,-12.22
-3.17,-12.35
1.94,-3.77
-0.78,-6.56
8.75,-9.73
-6.11,-17.34
-15.53,-21.69
-7.66,-20.27
0.73,-7.85
9.67,-2.92
18.13,2.54
13.61,4.03
12.19,3.86
14.47,9.93
17.22,-6.71
-2.8,-10.19
-0.56,-9.99
2.16,-3.91
9.51,1.64
11.6,-3.7
3.2,-3.86
13.19,1.39
2.08,-4.33
2.6,-4.72
0.29,-2.17
0.22,-6.13
2.1,-6.05
8.4,-1.28
7.75,-1.53
5.98,0.8
14.84,4.16
7.41,-5.16
4.53,-5.57
10.46,-3.0
14.55,-1.5
1.66,-0.97
4.0,-0.88
5.09,-0.1
0.11,-10.63
-6.49,-13.42
-4.16,-12.62
-1.04,-10.61
2.15,-4.26
3.11,-0.7
15.15,1.26
9.33,-0.01
10.61,-3.11
10.53,-2.71
21.0,6.2
21.41,6.52
6.98,-0.84
8.65,-3.41
11.12,-3.79
8.99,-3.72
10.48,-2.25
13.24,1.19
7.7,1.63
10.39,-3.43
13.83,-2.19
15.35,5.4
8.91,-2.2
9.18,-2.75
15.38,-0.91
21.93,5.14
16.3,11.09
15.36,-1.57
3.08,-4.92
8.1,-2.84
14.7,-0.2
16.38,3.79
21.24,8.73
15.18,9.24
20.38,9.99
20.64,12.73
22.76,10.12
21.03,5.14
21.08,7.9
26.88,10.31
19.24,4.82
19.39,6.63
23.06,1.97
11.99,2.17
24.63,7.4
24.15,13.5
23.14,6.31
8.32,2.58
6.31,2.52
20.25,4.46
24.63,10.33
24.65,9.72
20.82,10.25
20.26,9.53
17.75,4.62
16.64,6.05
12.41,5.58
24.97,7.93
25.98,12.88
26.72,13.85
23.11,15.56
21.94,14.63
16.35,10.48
21.42,7.55
24.63,9.55
25.81,11.9
28.09,14.01
23.45,12.14
14.82,6.74
18.65,7.43
11.07,8.21
13.2,4.66
20.17,6.92
21.07,8.45
25.18,13.22
29.24,15.45
30.01,19.62
23.62,14.12
21.72,8.85
20.53,9.92
24.94,18.04
28.82,18.17
30.96,18.02
30.08,20.13
29.45,16.29
28.48,19.48
29.98,22.08
26.06,17.41
24.19,16.69
25.6,13.74
27.12,16.46
26.02,7.97
23.79,11.12
26.65,16.31
29.54,17.33
28.22,18.76
25.35,18.91
23.51,19.07
25.69,19.44
23.12,8.95
23.86,10.49
24.35,13.66
19.44,7.35
23.78,12.66
24.55,17.44
26.09,18.34
26.92,18.75
26.4,18.41
27.87,19.36
22.68,15.37
25.57,16.57
23.96,16.28
28.45,18.44
24.62,16.81
28.25,17.3
31.11,19.1
30.68,18.42
31.64,19.53
32.11,21.02
32.23,18.6
31.53,20.17
32.6,20.32
29.89,20.16
31.08,20.46
32.33,21.29
30.26,20.61
31.32,19.99
29.59,17.89
31.53,19.39
32.7,21.41
30.96,17.39
29.38,13.88
31.62,16.96
32.0,20.49
31.29,22.02
30.41,22.08
30.47,20.95
32.71,23.1
32.73,22.17
33.21,22.43
32.48,21.47
25.82,14.7
25.96,13.2
26.08,12.79
27.3,14.13
28.97,15.5
30.37,17.52
30.85,18.66
30.65,19.38
29.58,17.98
28.48,16.03
30.2,17.8
29.51,15.84
30.07,14.69
30.74,15.87
31.58,17.12
30.25,18.44
29.46,16.84
30.88,18.11
30.0,14.51
28.63,13.76
30.09,17.68
28.43,20.69
30.01,18.74
30.97,15.88
28.86,15.31
30.25,17.56
30.35,19.89
33.06,19.58
33.34,20.49
31.75,18.73
30.02,19.59
26.35,18.44
23.55,12.33
25.38,13.29
27.51,15.68
21.53,19.94
26.03,14.5
25.73,11.41
27.8,14.51
29.42,19.12
24.52,17.34
29.55,17.94
27.84,15.27
29.77,17.95
28.57,13.49
25.21,12.03
27.86,14.22
23.86,11.72
25.17,14.52
30.16,16.16
34.23,18.76
32.61,18.67
32.87,19.48
33.01,15.64
27.42,12.85
30.78,16.07
32.1,17.17
28.96,14.61
30.47,15.17
30.53,15.93
30.1,17.58
30.94,15.57
30.97,18.49
27.74,8.82
25.85,10.13
29.44,13.03
25.76,9.22
32.12,13.54
32.51,18.61
33.04,17.8
33.92,17.46
33.38,17.72
33.46,17.32
31.86,11.33
21.83,8.38
26.57,9.57
22.82,12.42
19.55,5.04
22.53,5.84
23.69,8.42
26.74,12.2
22.37,1.29
13.5,-0.01
20.14,1.35
20.01,2.51
23.45,5.0
10.21,1.38
15.18,0.57
17.6,1.66
22.12,4.47
24.09,10.03
21.68,10.69
16.25,2.3
18.76,3.14
19.86,7.39
14.95,9.29
18.06,10.42
18.22,3.46
20.16,4.65
16.12,9.38
13.19,10.35
10.51,-2.55
8.45,-3.01
10.78,-2.68
11.87,-1.8
15.62,2.73
10.82,-1.92
12.41,-0.97
6.0,-6.67
2.39,-6.89
8.39,-2.69
17.62,3.81
12.79,-8.92
-5.28,-13.22
-0.37,-11.58
5.54,-5.86
6.42,-5.87
7.84,-4.47
9.04,-3.63
5.36,-0.77
7.92,-1.23
8.58,3.03
12.36,4.46
7.11,-1.62
3.71,0.03
9.6,0.17
14.37,1.96
14.56,4.73
13.24,1.37
3.32,1.35
6.14,2.32
13.67,2.94
9.25,0.73
2.61,-0.74
3.54,-0.76
9.99,-3.03
10.8,-3.5
9.25,-5.0
7.17,-4.62
13.12,-1.73
13.4,-1.82
-2.02,-8.37
2.57,-7.55
6.32,-5.37
8.08,1.49
6.16,-1.18
1.74,-1.45
0.82,-1.02
1.86,-5.92
-1.28,-10.52
3.77,-8.86
7.76,-6.06
11.64,-4.06
12.59,-3.54
15.0,-2.49
15.55,-2.26
18.63,-1.17
17.38,8.15
14.69,6.76
15.48,6.96
16.17,5.28
5.08,1.21
2.69,0.09
8.89,-0.26
10.44,5.62
10.79,3.73
3.55,-2.31
8.7,-2.51
8.46,-2.69
8.68,-2.12
4.24,-2.96
13.93,-2.51
17.14,9.52
18.42,2.24
5.46,1.36
7.85,1.62
9.58,-0.23
13.01,0.79
4.34,-5.3
1.96,-5.1
10.54,-8.4
-7.75,-10.37
-3.06,-8.78
0.0,-9.45
3.73,-8.59
8.46,-0.19
7.66,1.13
1.61,-0.7
6.83,-3.26
3.25,-3.0
1.49,-0.22
1.99,-0.31
3.63,-0.3
3.34,-0.25
5.42,-0.1
17.44,1.05
19.57,4.4
13.79,-0.28
2.52,-0.23
0.63,-3.08
0.93,-3.16
1.93,-5.15
9.88,-3.71
7.6,0.25
5.07,-1.93
2.37,-1.15
2.76,-12.15
-4.36,-13.05
6.92,-9.7
10.04,-1.97
11.69,-0.22
10.3,-4.1
6.2,-4.14
0.77,-10.19
3.15,-9.9
9.49,-7.01
13.36,0.78
6.63,4.27
7.64,1.78
3.08,-4.08
1.61,-4.19
2.48,-7.51
3.39,-7.01
16.57,-3.16
12.16,8.59
14.43,-0.29
16.0,-1.19
15.37,-0.39
2.3,-4.89
10.38,-4.6
18.05,0.03
17.8,8.85
13.39,5.72
10.65,3.51
16.59,4.57
10.99,1.41
5.73,0.88
7.01,0.93
8.75,3.31
11.79,2.94
15.55,4.54
19.84,11.8
21.67,0.21
3.16,-1.87
5.82,-1.3
11.21,2.29
11.7,3.16
17.07,3.68
20.36,7.03
23.77,12.57
26.04,16.14
18.27,7.89
16.23,4.73
8.01,4.28
11.3,0.02
16.26,2.72
20.57,6.32
21.71,7.75
14.39,7.53
21.07,8.94
26.02,14.15
27.2,7.51
12.82,0.31
10.89,0.97
16.87,5.51
16.86,10.13
9.38,0.77
8.61,-3.33
10.76,-4.26
10.03,0.03
10.85,1.18
12.53,1.84
14.27,3.24
18.46,5.55
14.07,-0.31
21.36,4.41
12.73,9.99
19.33,7.29
19.56,6.79
15.36,1.69
19.13,6.31
24.21,14.06
18.08,7.15
9.52,6.08
19.82,6.96
27.74,13.19
22.22,6.03
20.98,7.45
8.85,4.36
15.22,2.27
19.46,7.59
12.0,-2.46
12.9,1.12
17.77,2.88
10.01,1.18
15.73,4.96
14.12,8.42
27.46,14.06
23.05,15.78
26.4,17.38
25.85,16.07
19.47,14.29
17.89,11.57
14.34,11.22
18.07,12.74
24.78,14.2
27.77,16.97
30.06,17.3
30.77,17.41
29.71,18.98
25.71,18.59
27.18,17.37
24.02,13.05
22.84,10.38
21.94,7.1
24.95,12.27
30.84,18.34
31.23,20.56
29.12,17.72
30.43,18.18
32.58,15.99
28.82,15.8
30.34,19.16
28.8,23.1
31.41,14.79
26.92,12.39
29.09,12.14
25.72,12.9
23.67,11.13
24.99,12.84
27.02,13.5
28.06,13.99
28.33,15.97
31.15,16.93
32.21,17.63
29.55,19.14
29.45,19.76
25.91,15.45
26.85,13.63
28.66,16.69
30.43,21.32
25.62,19.73
26.99,21.11
30.34,20.12
29.26,20.04
31.71,19.4
31.71,17.86
32.26,19.08
33.57,19.55
33.51,20.03
32.38,19.9
32.71,20.5
32.87,20.24
33.11,21.01
29.4,18.0
30.77,16.99
27.95,15.71
28.27,15.25
30.48,16.4
31.59,20.86
27.5,17.36
30.73,19.66
32.48,22.29
33.2,20.9
31.69,21.0
32.13,20.2
28.79,20.82
29.33,18.51
30.12,17.22
30.79,18.7
32.87,21.56
31.69,20.64
29.81,17.3
31.09,20.06
23.08,19.77
25.74,19.88
27.69,17.3
26.56,17.32
27.16,16.57
24.76,11.97
23.88,13.56
25.55,14.2
26.51,12.93
28.35,15.49
30.81,17.83
28.79,19.22
28.54,19.27
28.49,19.97
29.86,20.2
26.51,18.83
29.85,18.28
27.94,15.63
29.11,17.09
23.5,13.54
25.17,12.3
26.49,14.63
27.49,16.84
26.87,17.64
28.62,18.2
30.44,19.45
31.7,19.54
30.84,21.15
27.98,22.45
28.0,20.43
28.9,13.5
26.0,16.17
26.21,17.5
27.47,20.04
27.62,20.57
28.83,15.79
25.83,9.72
26.84,11.9
26.9,15.67
29.3,16.7
30.29,16.07
30.69,16.56
30.09,18.38
22.85,16.94
28.74,17.54
27.28,14.01
25.83,10.93
22.59,8.45
25.79,9.01
26.93,10.83
19.75,5.97
20.28,4.43
22.72,5.74
23.26,6.2
23.96,8.14
22.59,10.01
24.36,10.27
25.99,11.73
24.61,13.63
26.1,13.62
19.03,6.09
17.64,6.47
23.67,5.12
19.51,2.4
16.59,4.2
18.56,7.13
17.16,0.22
17.34,1.69
22.5,5.22
28.73,6.68
25.57,7.46
27.42,9.21
23.15,16.41
24.92,16.62
24.2,4.64
20.76,4.78
25.19,6.61
16.71,-0.02
14.14,-1.22
16.85,0.81
15.63,9.36
12.78,8.14
16.58,8.93
20.69,12.07
27.16,13.02
25.09,6.71
12.16,5.77
10.86,6.08
9.32,7.15
10.84,7.22
12.07,8.8
10.81,4.66
9.61,-1.01
14.47,0.59
10.87,-3.2
9.83,-2.5
18.38,0.85
21.96,5.46
19.5,3.58
21.44,3.31
23.44,3.79
26.63,8.88
26.25,10.61
25.6,11.87
12.73,0.03
12.89,0.04
13.59,-2.3
16.89,0.01
13.73,1.58
13.12,1.0
6.25,-2.4
9.81,-1.95
18.47,5.91
17.68,9.17
9.86,6.68
10.22,1.37
9.29,2.03
10.44,4.05
14.56,7.62
10.54,7.34
12.76,-0.2
9.82,-2.61
11.91,-2.65
2.71,-1.94
0.63,-6.44
6.59,-5.85
6.81,-3.79
7.01,-2.36
6.87,-4.13
3.35,-3.95
0.74,-1.88
2.23,-1.09
13.26,-1.86
16.12,-1.9
17.66,4.59
16.44,3.79
5.62,2.3
2.17,-6.59
1.76,-5.84
1.04,-1.64
0.13,-5.5
3.67,-5.53
5.16,-0.02
6.81,0.33
8.97,0.4
7.58,-0.59
13.25,-1.13
-1.66,-10.94
-7.56,-11.82
3.45,-9.96
11.57,-1.9
2.26,-2.95
5.53,-3.88
11.27,-2.13
0.15,-2.54
9.91,0.35
3.39,1.17
2.39,-1.8
7.67,-1.5
1.6,-0.3
2.71,-0.75
3.65,-0.65
0.16,-2.0
0.26,-7.81
0.25,-7.8
-1.53,-4.64
2.71,-4.12
8.0,-2.17
8.88,-0.28
6.13,-1.5
1.36,-1.21
1.27,-1.53
1.71,-1.98
6.83,-2.47
2.97,-2.43
10.6,-2.03
2.83,-10.14
1.87,-9.9
1.0,-1.63
3.17,-0.52
6.99,-0.79
0.38,-8.53
-0.78,-11.28
1.5,-10.97
3.14,-3.82
5.37,-2.63
-1.26,-6.36
0.91,-6.82
2.35,-5.64
3.72,-3.86
2.84,-6.06
2.04,-11.09
-5.19,-11.92
1.74,-8.75
-0.91,-6.21
-4.79,-7.56
-3.27,-7.54
-1.05,-6.47
-2.15,-8.66
-3.14,-9.2
-6.64,-11.52
-6.22,-16.98
-4.1,-15.67
-1.15,-10.66
-1.73,-14.86
0.88,-11.51
8.01,-8.63
4.33,1.07
12.67,-0.09
16.95,-2.32
8.45,-1.9
8.17,-0.41
13.76,6.51
16.43,2.23
7.93,-4.73
7.41,-4.58
17.05,-2.52
11.56,-4.12
8.69,-4.31
9.04,-4.09
11.03,-3.63
18.62,-1.34
19.29,0.65
20.9,8.75
18.12,7.32
15.87,4.61
12.36,-0.55
11.11,1.05
4.89,0.95
13.99,2.78
17.07,5.73
15.42,-0.18
10.7,-1.83
16.25,-1.63
19.46,1.97
20.01,4.44
20.01,9.48
22.69,6.66
17.73,8.24
13.55,3.91
23.37,6.78
10.86,-1.87
15.22,0.26
23.08,5.67
11.02,-1.72
4.09,-5.35
9.22,-3.54
17.66,1.0
23.32,5.33
24.69,7.5
25.41,9.23
27.16,13.23
20.89,10.83
26.75,11.88
18.07,9.02
11.36,8.15
20.25,7.74
19.15,9.23
17.05,3.12
13.05,0.03
16.62,2.75
13.41,0.92
17.61,3.05
19.75,2.66
18.01,-0.98
7.71,-1.3
12.57,-0.63
16.07,3.62
11.79,6.55
17.41,3.21
24.0,7.67
27.62,17.08
26.56,17.36
20.29,9.6
21.55,1.49
22.32,4.49
24.86,13.45
22.62,15.43
21.48,9.13
16.52,3.1
17.42,4.35
17.21,1.99
15.38,4.73
17.18,1.98
16.4,4.61
16.05,3.93
16.97,2.82
19.14,3.73
21.12,4.88
22.14,10.73
21.01,12.68
20.87,13.73
25.56,14.26
26.88,15.05
28.67,14.71
28.51,13.33
29.33,14.61
29.65,15.87
30.76,16.0
30.66,18.06
25.43,16.98
27.21,17.75
21.86,8.03
14.16,4.47
18.82,6.76
23.18,10.69
23.54,14.56
18.39,16.2
22.55,13.73
29.42,14.36
29.12,16.69
27.72,19.36
27.44,20.28
25.37,20.61
25.23,20.72
26.9,20.28
30.47,19.29
32.86,19.73
31.13,14.58
30.94,13.23
26.99,12.83
26.81,12.74
29.31,15.57
32.06,18.59
28.03,17.92
30.51,22.46
27.65,12.28
21.79,9.91
24.9,12.42
27.85,18.78
27.33,21.82
29.62,21.5
31.38,20.56
32.45,20.89
33.96,21.18
28.76,20.44
25.48,15.49
24.15,13.32
25.66,14.91
29.83,18.8
31.16,19.85
31.56,19.42
30.58,20.79
27.22,16.45
23.98,16.15
25.93,17.52
26.12,20.06
27.71,20.87
27.07,18.81
28.75,20.06
30.65,20.61
28.16,20.34
26.9,19.3
27.11,17.09
27.93,17.23
28.54,17.18
27.02,16.23
27.41,16.01
28.69,16.97
30.1,18.89
30.56,20.98
31.46,17.06
30.71,17.83
30.59,19.85
30.73,20.25
27.77,17.63
22.82,13.99
26.84,12.24
25.68,13.41
26.91,13.34
27.35,14.95
28.96,16.3
28.26,18.28
29.74,18.41
30.66,19.68
25.73,21.54
31.78,22.57
32.2,23.5
33.3,21.13
30.39,20.58
28.04,18.64
24.61,18.14
27.19,19.29
29.0,19.13
30.46,20.32
29.61,18.82
30.63,18.88
30.9,18.75
32.1,19.38
32.63,20.12
33.05,21.04
30.36,19.89
32.98,20.3
32.82,20.23
32.5,21.28
31.94,21.02
25.21,20.13
25.33,18.44
26.33,12.83
26.05,13.0
25.92,14.69
26.19,17.7
26.16,12.45
28.24,13.85
28.52,16.89
27.01,11.55
24.77,10.95
26.03,11.98
27.3,15.14
29.13,17.89
29.66,18.35
30.19,19.26
24.69,14.72
27.83,15.86
30.73,17.01
31.61,17.65
29.75,19.09
22.48,18.38
23.76,13.82
15.1,9.63
18.69,6.21
23.01,8.34
21.14,6.81
24.04,8.93
28.63,14.68
28.78,14.59
28.98,13.8
26.71,12.11
26.21,12.08
24.33,14.51
23.05,16.49
22.68,14.6
25.63,15.39
24.43,16.8
24.48,15.83
25.55,14.64
27.62,14.88
28.36,17.61
27.21,17.89
21.06,11.65
24.89,12.44
27.41,18.52
23.77,9.94
16.44,4.62
19.64,4.26
21.29,4.84
21.52,6.08
22.51,6.97
21.29,9.52
12.27,7.29
15.39,7.64
22.71,12.35
16.48,8.35
14.31,1.36
14.98,1.51
12.48,8.46
15.65,10.59
12.94,9.19
16.97,2.08
12.55,2.12
9.64,-3.23
9.95,-3.01
10.75,-3.06
11.98,-2.82
14.52,-1.92
17.7,-0.92
20.98,1.76
17.58,2.7
20.7,5.78
17.27,3.04
10.52,1.16
4.2,0.56
4.81,-2.79
5.04,-2.3
16.18,-0.59
19.07,4.14
8.29,-3.91
5.82,-4.27
11.69,-1.22
7.57,-1.6
4.58,-6.98
5.82,-7.19
12.69,-1.16
8.64,-3.63
1.68,-3.95
9.08,-0.17
7.87,-6.21
7.02,-6.65
12.58,-1.43
11.13,3.0
18.3,1.12
16.92,1.75
12.78,0.06
16.61,1.76
6.04,-6.17
-1.8,-5.71
5.17,-5.22
14.26,-1.54
18.75,9.16
17.05,-2.61
9.11,-3.27
12.1,-2.08
14.35,-1.4
17.99,11.91
16.24,-1.34
8.48,-0.98
11.92,-1.58
1.86,-5.85
6.61,-5.91
7.28,-5.57
2.71,-5.93
11.42,-4.19
17.39,9.27
20.38,7.11
15.29,6.2
20.51,5.35
11.51,4.34
9.48,5.76
9.03,5.63
17.32,8.69
14.09,2.57
1.77,-6.06
0.98,-7.22
6.05,-6.67
6.42,-9.15
-6.97,-12.7
-7.12,-12.99
5.94,-11.36
6.48,-8.65
-0.31,-11.26
1.47,-10.79
10.07,-1.59
8.12,-2.05
1.48,-3.26
0.09,-6.66
0.66,-6.86
-2.3,-4.12
5.78,-4.53
9.74,-6.75
-3.63,-8.39
-2.97,-13.9
0.41,-13.85
2.45,-9.33
4.4,-6.97
-1.87,-15.38
-4.15,-15.91
1.76,-9.87
-1.23,-18.15
-3.15,-18.31
5.18,-8.1
5.26,-6.92
15.87,-0.49
7.78,-1.05
-1.08,-7.14
-4.55,-11.73
-4.61,-12.6
3.54,-10.05
2.5,-10.2
8.2,-8.52
11.04,-1.12
6.41,-3.01
12.37,-1.74
-1.37,-8.07
-2.22,-10.13
0.4,-9.44
11.94,-7.12
16.76,8.06
12.62,-4.94
1.62,-5.84
0.16,-7.01
14.73,-4.55
17.57,4.3
16.35,-2.26
-1.29,-2.82
2.33,-1.89
-0.46,-3.82
2.89,-6.18
9.45,-5.92
11.33,-3.83
19.07,1.5
20.48,2.1
7.93,-1.29
12.94,-1.08
23.84,7.18
20.96,12.24
14.66,0.36
4.84,0.45
9.47,-1.68
11.23,-1.31
7.76,-8.26
-2.38,-8.54
11.2,-3.81
17.87,3.23
19.76,2.43
21.92,2.97
22.55,5.01
17.49,8.32
8.72,2.11
17.28,1.83
21.54,3.73
18.67,9.4
19.78,6.58
11.82,4.74
7.12,2.19
4.35,-2.33
5.64,-6.46
6.47,-4.81
8.89,0.21
26.46,8.02
8.71,1.08
6.51,-3.21
12.06,-0.65
15.25,2.41
15.78,4.91
13.12,6.12
13.62,5.68
11.31,1.67
8.58,1.12
6.81,-2.17
17.77,0.8
17.35,10.74
21.67,11.49
20.5,4.29
16.16,4.38
21.31,8.06
17.42,1.38
10.59,1.85
6.57,0.89
11.36,1.98
19.19,6.63
18.13,6.77
25.99,11.06
28.8,16.25
28.06,18.54
20.44,3.23
14.63,1.49
18.1,4.73
18.51,7.49
22.43,11.62
25.6,13.55
22.97,6.13
22.28,10.78
25.83,10.24
15.06,10.35
16.82,12.14
22.12,9.74
16.57,7.77
21.35,9.93
25.76,12.58
28.74,17.14
30.01,11.53
29.53,14.79
28.9,14.92
29.16,13.59
30.06,12.99
25.03,10.17
27.53,12.87
22.84,15.02
27.38,16.04
30.43,20.77
28.83,17.51
19.87,10.73
18.1,9.66
23.61,11.69
28.51,18.17
22.26,14.12
19.41,11.12
22.66,11.99
27.31,15.4
30.63,17.74
30.69,17.83
30.73,19.1
24.05,12.25
26.69,11.0
27.94,12.44
28.04,15.51
26.71,18.23
26.98,16.05
28.15,13.78
24.78,13.58
22.24,14.38
25.31,15.14
29.12,19.82
33.11,23.77
34.05,22.93
33.53,22.91
33.1,23.95
29.94,15.13
25.63,10.46
26.18,11.47
30.05,12.68
33.09,17.66
33.88,15.34
29.63,13.9
30.51,14.61
30.38,17.63
28.66,14.07
26.13,10.01
25.67,9.41
29.04,13.32
32.4,20.5
32.25,20.7
30.06,19.29
30.4,16.81
32.11,21.42
35.04,23.26
33.91,22.27
27.76,21.56
24.84,20.15
26.04,15.83
29.33,16.55
30.16,19.97
30.17,16.41
29.7,17.8
28.89,15.56
28.92,19.91
31.06,21.4
23.86,20.93
28.63,18.69
30.49,20.81
32.97,19.88
31.04,18.97
32.51,20.12
31.1,22.42
31.74,22.17
27.02,20.01
25.64,19.24
28.14,20.82
30.08,20.96
26.81,14.34
27.29,17.37
26.08,18.31
29.24,19.62
27.93,18.45
32.19,21.26
28.61,21.11
28.14,21.58
30.26,20.34
31.38,21.13
31.36,21.75
29.68,21.48
27.3,15.64
28.35,15.11
25.13,13.0
27.0,15.48
26.04,17.92
26.46,15.03
27.18,15.16
27.21,14.66
28.63,14.44
29.37,16.58
28.62,18.06
26.38,17.18
26.04,15.28
27.3,13.4
28.6,14.26
29.04,16.61
29.15,17.32
29.52,18.36
32.26,20.83
31.23,20.04
28.31,13.38
27.08,13.39
29.31,15.13
29.57,18.03
25.0,18.79
26.86,19.51
27.64,20.2
25.9,16.02
26.21,13.02
25.89,13.26
28.81,16.28
28.08,18.53
25.97,14.08
21.78,12.23
21.12,12.6
26.48,12.76
27.7,12.65
28.13,13.63
28.38,13.59
28.78,16.19
28.05,15.29
30.61,16.44
34.0,16.72
21.27,6.16
19.87,8.14
24.74,12.44
23.26,10.1
20.33,4.92
18.9,3.42
15.94,4.47
19.6,5.53
21.59,6.68
23.06,7.27
21.63,6.67
21.0,2.88
22.04,3.19
24.37,5.41
23.72,7.83
15.98,0.25
14.61,-0.58
17.77,1.77
22.63,4.83
23.62,7.07
24.34,6.51
17.74,0.98
19.41,2.43
17.21,2.7
22.01,4.95
9.56,1.19
6.33,0.02
11.94,-2.32
14.42,-0.33
22.02,5.59
24.51,10.27
25.03,8.54
24.82,9.93
23.25,7.94
11.68,-0.23
14.68,1.34
19.49,3.36
20.71,4.5
16.28,9.44
17.53,12.58
20.03,6.99
17.59,5.99
22.58,5.94
24.23,11.06
21.84,7.71
21.7,4.86
19.34,6.07
17.0,4.5
23.33,4.87
22.1,7.52
16.87,-0.44
-0.08,-1.87
3.45,-1.72
6.54,-1.68
5.45,1.52
2.59,-1.91
-0.2,-3.31
1.35,-8.01
2.03,-8.24
1.47,-8.05
8.99,-5.66
13.65,-5.13
15.33,-3.88
17.39,-2.03
12.26,-3.77
12.72,-3.68
12.16,5.25
7.68,4.61
15.69,1.16
3.3,-6.87
4.21,-7.28
13.52,1.44
12.0,-6.78
5.66,-6.93
8.01,-4.42
11.32,6.43
10.11,5.24
7.26,4.57
9.27,4.6
7.96,4.28
7.67,2.29
7.03,-0.95
7.78,-1.01
12.57,4.99
7.15,1.04
4.8,-0.76
0.57,-4.56
0.85,-8.15
0.63,-7.93
7.41,-6.47
6.27,-5.84
6.78,-22.39
-16.88,-22.73
-9.08,-16.97
-6.99,-14.28
-3.17,-9.09
-0.35,-4.52
9.58,-3.63
14.24,8.45
16.4,8.93
