20170101
8.66,-1.3
12.85,5.83
13.09,-4.38
-1.86,-6.92
-5.46,-13.52
-9.2,-16.02
-7.48,-16.51
-5.05,-15.06
5.14,-6.3
13.08,-1.4
18.34,0.06
18.89,-1.05
1.94,-1.21
3.39,0.53
4.15,0.62
14.93,4.07
14.73,3.18
5.36,1.42
11.02,2.9
14.7,7.9
18.73,6.16
15.59,6.59
8.5,3.05
7.85,2.35
15.3,1.61
2.81,-1.18
2.11,-4.14
2.49,-4.18
0.68,-6.72
6.99,-7.71
7.97,2.52
6.63,-2.65
2.47,-5.17
-0.26,-10.39
4.29,-10.72
11.16,-1.45
16.31,-0.74
16.25,2.24
6.29,-5.01
-1.63,-8.34
13.28,-4.46
18.39,9.14
15.6,-2.83
9.84,-2.76
11.89,1.31
7.91,-1.49
10.66,-0.49
19.67,4.74
17.61,6.61
16.44,2.57
20.55,3.55
18.04,10.23
20.82,11.81
20.85,12.9
24.66,1.7
2.64,-6.02
9.08,-5.18
11.19,5.37
18.39,8.62
15.32,0.3
8.14,-2.11
4.64,-2.71
12.35,-1.33
19.7,0.02
17.62,9.48
14.55,5.27
16.36,2.66
20.92,0.99
6.74,-3.25
3.49,-5.64
4.27,-5.47
2.74,-4.49
0.87,-6.97
2.25,-7.86
7.16,-6.51
9.33,1.67
6.62,0.31
11.25,1.36
19.22,5.24
17.64,-0.42
7.01,-1.7
14.95,-1.28
24.13,12.92
25.02,13.5
18.65,6.48
19.59,7.08
16.07,9.03
17.27,8.64
24.81,10.79
12.56,4.44
11.47,2.39
19.34,4.16
21.59,11.7
19.99,8.58
22.38,4.63
9.68,1.43
14.16,-0.53
19.57,2.06
25.53,9.9
25.89,15.14
19.41,5.0
21.26,5.81
26.62,7.66
28.12,11.91
28.13,16.98
26.43,12.26
21.3,8.71
25.61,10.75
27.62,16.9
27.12,9.67
15.57,7.4
13.61,5.37
20.44,6.04
24.28,8.47
24.6,11.5
28.59,15.15
17.58,6.99
20.57,9.06
26.88,14.86
24.65,12.55
16.79,7.72
19.29,4.62
12.9,6.66
13.25,7.52
12.67,4.63
17.44,3.36
18.1,1.63
18.82,4.43
23.31,11.46
29.38,14.17
20.97,11.81
19.81,7.38
24.35,11.13
27.64,13.11
28.49,14.09
29.57,16.83
28.69,20.25
28.8,18.18
28.29,15.8
27.13,15.62
25.19,8.63
22.39,9.58
23.64,13.26
17.63,12.81
18.83,10.21
26.61,14.22
28.71,16.58
24.68,14.92
28.32,13.35
27.09,12.57
27.15,10.48
26.88,10.54
29.02,12.37
30.87,14.75
30.81,18.3
30.64,15.12
25.41,11.84
21.32,9.6
24.42,11.35
28.56,14.01
29.84,15.27
31.23,18.5
32.78,20.67
31.46,19.16
32.08,19.18
28.54,18.39
31.05,18.8
30.87,20.92
27.99,16.27
27.63,14.67
29.67,16.58
32.19,19.76
27.52,21.15
24.87,16.26
25.89,11.86
25.83,11.09
24.35,10.53
24.11,10.97
27.49,15.2
30.81,20.51
29.12,19.38
28.98,16.84
30.03,16.9
30.68,18.72
30.19,19.44
29.18,20.57
26.15,18.71
31.09,17.09
28.17,14.45
29.31,17.32
29.81,22.49
27.23,19.86
32.21,21.72
30.44,21.75
29.41,15.24
28.36,15.8
30.08,17.39
30.89,19.17
31.47,17.97
31.12,19.49
32.44,22.33
33.69,23.4
33.95,21.02
29.58,19.47
29.7,16.81
27.9,16.44
30.39,18.28
29.13,22.24
28.34,15.82
26.12,13.21
28.36,15.14
29.94,17.41
29.32,17.96
29.34,17.19
30.17,18.68
23.98,10.79
25.36,12.76
22.36,17.03
25.57,13.8
26.93,11.36
27.42,13.18
29.27,15.16
27.51,16.35
27.39,13.12
27.96,15.39
28.36,17.11
30.74,18.25
31.7,20.35
30.99,19.61
29.51,18.38
31.44,18.14
32.37,18.66
32.24,20.51
28.51,14.58
26.61,11.16
26.28,11.73
25.86,11.3
26.12,11.82
27.98,13.54
27.11,16.35
26.35,14.76
27.95,15.66
27.79,15.6
16.26,12.49
23.42,11.69
28.16,12.88
30.87,15.6
23.1,8.23
20.06,7.05
21.64,7.17
25.32,9.17
23.87,8.27
23.53,8.02
22.77,9.02
21.17,14.48
18.72,16.01
23.43,12.97
28.48,13.29
30.07,15.22
30.63,16.36
28.08,19.35
27.03,17.65
31.11,18.2
32.74,19.05
32.67,17.49
32.19,16.67
32.37,15.04
32.01,15.36
32.14,17.02
29.34,12.39
23.26,7.72
25.28,7.14
23.64,5.32
24.21,5.74
26.74,10.44
28.7,14.5
26.59,17.59
23.8,16.93
27.32,17.43
28.25,12.9
19.79,13.95
22.29,14.91
21.89,15.73
18.39,13.44
17.85,12.63
23.52,11.11
28.72,14.54
23.13,6.88
17.42,2.87
20.28,2.89
21.59,3.93
24.31,6.74
25.18,7.26
24.04,9.61
25.58,14.43
17.58,7.86
11.22,4.4
11.01,-0.49
17.43,-0.29
13.35,1.69
4.37,1.27
4.19,-1.59
8.27,-0.62
7.7,-0.82
15.65,1.72
20.14,12.59
16.93,6.83
20.19,9.36
23.31,9.47
12.3,6.6
9.59,4.31
11.74,-0.91
13.52,-2.25
3.56,-3.83
7.41,-3.78
8.56,1.94
8.3,0.0
11.78,-0.03
9.88,0.67
5.84,-1.92
16.11,0.46
18.29,2.11
3.73,-3.92
10.1,-3.6
13.63,-3.22
5.65,-4.63
9.17,-2.68
14.57,-1.61
15.42,-2.27
12.69,-2.87
17.61,0.19
17.87,4.76
14.75,2.71
12.77,-2.24
12.29,-2.5
13.87,-1.52
15.59,-1.31
18.72,4.44
9.04,-2.29
7.58,-2.2
-0.1,-8.55
0.36,-9.07
0.6,-6.51
4.05,-6.27
9.89,-3.96
0.25,-7.78
7.98,-5.96
0.9,-5.78
1.39,-4.18
10.59,-1.21
7.51,3.26
7.84,5.26
10.08,2.07
9.89,-1.53
12.93,-1.68
12.27,2.68
3.31,-1.06
1.74,-6.25
-1.66,-7.82
-5.26,-16.63
-8.66,-16.81
-4.82,-12.52
-3.49,-7.34
-5.39,-15.27
-8.38,-18.66
-11.12,-20.96
-7.32,-20.97
-3.19,-16.3
-6.86,-17.55
-7.59,-19.04
-6.08,-19.12
3.82,-9.68
3.65,-0.16
6.42,-0.1
14.76,4.71
15.58,-2.81
-1.58,-9.94
-4.21,-16.62
-4.87,-16.65
-2.5,-16.75
-12.23,-18.03
-6.56,-14.59
0.21,-12.01
5.97,-6.47
10.29,0.85
13.26,7.55
13.82,2.28
3.63,-1.16
0.89,-5.26
9.46,-4.47
14.15,1.17
10.33,-2.96
11.88,-3.57
1.77,-5.75
1.5,-6.28
11.74,-0.82
6.45,-10.81
-3.91,-11.74
4.48,-6.33
3.86,-10.76
-1.82,-11.15
0.28,-4.41
0.36,-8.71
1.12,-8.48
10.99,-1.0
5.05,-0.71
1.29,-6.87
4.53,-7.37
7.14,-4.87
15.2,5.29
20.1,7.89
7.48,-1.71
2.74,-1.86
12.68,-1.63
23.04,12.34
25.42,9.86
10.23,3.68
11.85,4.17
15.97,7.5
15.27,6.59
9.72,-0.75
13.37,-0.84
16.75,0.65
13.52,10.01
14.18,0.26
9.77,-2.38
10.92,-2.08
11.64,-0.96
9.74,0.23
13.77,-0.71
4.1,-2.77
1.45,-4.57
7.59,-4.0
10.67,-0.87
6.83,-2.03
5.27,-3.79
6.06,-5.52
5.96,-5.06
15.31,-2.33
9.76,-2.58
8.93,-2.12
14.77,-0.41
16.74,-0.18
2.54,-1.78
6.03,-3.9
9.02,-3.59
11.03,-1.46
2.43,-2.09
8.52,-1.86
14.98,2.63
13.53,9.61
14.4,9.72
14.27,5.2
10.72,0.58
15.68,1.31
9.55,-0.88
10.35,-0.54
22.81,1.02
3.16,-3.4
11.09,-2.29
14.99,-1.99
6.24,-4.61
6.48,-2.09
6.49,-1.67
6.94,-1.93
18.5,-0.35
26.6,13.16
26.7,15.74
20.84,10.62
11.52,0.6
2.56,-0.62
11.16,0.32
22.56,1.52
12.88,-0.84
16.54,1.26
18.25,5.61
19.77,8.62
14.63,9.66
13.45,10.27
19.24,4.55
20.11,4.28
21.35,5.98
14.72,-0.03
17.27,0.79
23.52,5.47
27.61,14.39
28.99,18.5
25.41,17.56
26.37,13.51
20.2,11.76
27.78,9.48
23.36,8.05
25.93,9.82
28.63,15.4
29.12,15.11
30.38,18.52
29.75,16.86
31.44,18.35
32.56,19.92
31.66,18.57
26.25,16.42
28.84,17.33
23.55,18.25
25.91,17.13
30.85,17.82
29.86,18.26
29.81,15.15
27.98,14.17
28.54,13.86
30.76,17.93
30.56,18.09
32.6,18.36
33.26,20.07
31.04,21.49
26.94,20.43
29.05,19.58
29.43,18.23
30.62,19.67
27.25,12.73
24.95,12.25
28.62,13.63
26.64,15.43
31.15,18.19
32.08,18.47
32.75,17.73
25.49,18.09
25.86,18.65
27.75,19.6
29.1,14.23
28.89,15.18
31.21,18.52
33.65,20.86
33.9,22.12
33.22,22.7
32.75,20.97
30.6,21.34
26.77,18.79
24.86,18.14
24.48,17.34
27.5,19.89
24.14,19.94
25.72,19.45
28.83,18.18
30.49,20.05
31.84,20.19
32.7,22.66
32.85,22.5
32.08,21.84
31.62,22.09
34.27,22.67
33.9,21.42
28.08,13.06
27.4,14.26
31.24,17.81
32.83,19.97
33.03,20.35
29.72,16.02
29.34,15.9
31.75,17.13
33.01,20.86
29.61,21.11
30.27,19.35
30.63,15.07
29.85,15.31
30.12,17.83
29.89,18.54
25.08,18.9
26.46,16.55
26.03,16.59
29.03,17.49
30.28,17.04
29.77,16.14
26.9,14.43
27.25,15.03
27.45,17.9
23.87,18.56
24.26,17.07
26.91,15.73
29.36,16.75
30.2,19.3
31.83,19.63
32.61,20.07
32.33,20.27
29.66,20.52
29.82,18.32
29.41,18.7
30.22,19.61
30.03,17.0
30.22,16.76
29.73,16.26
30.92,19.2
25.33,19.54
27.24,20.38
28.03,19.71
28.82,18.4
30.17,19.18
28.55,20.0
27.28,17.34
25.31,11.75
26.67,12.28
23.98,13.96
29.18,20.31
32.26,21.96
32.46,21.58
32.92,21.52
31.13,18.65
28.85,17.31
30.77,18.55
29.8,19.8
32.14,20.62
33.34,20.73
33.6,20.4
33.14,20.86
31.04,20.53
27.53,18.28
19.22,15.09
16.43,13.87
20.07,12.49
22.92,12.98
23.52,14.94
30.07,16.12
30.91,17.04
31.41,19.03
29.74,19.83
30.47,18.7
32.86,18.71
33.0,19.24
33.46,20.56
30.86,15.25
16.85,13.52
24.61,13.57
21.88,16.97
25.25,18.85
21.86,11.12
16.66,7.28
22.91,8.25
22.61,9.3
27.01,11.24
29.29,13.38
29.99,18.67
30.52,18.9
26.76,16.79
31.03,18.69
31.23,18.05
31.34,18.19
31.1,19.4
30.31,19.42
24.43,11.35
15.64,2.01
12.26,2.31
12.48,2.91
12.8,7.06
12.33,0.92
12.02,0.98
16.2,-0.26
14.63,-0.6
13.79,0.38
17.05,-2.46
12.39,-2.36
19.0,0.49
17.54,0.27
14.54,0.83
14.19,2.58
9.8,5.48
12.9,3.5
18.34,2.82
16.81,2.19
20.94,5.81
18.41,7.46
10.02,5.09
9.8,0.62
14.31,0.33
16.32,7.41
15.94,8.24
15.31,3.24
12.6,-1.19
6.47,-0.08
6.65,-6.84
2.99,-7.03
6.66,-5.96
7.03,-0.46
1.68,-6.66
0.74,-6.45
1.25,-1.54
4.47,-1.77
8.07,0.49
10.25,0.74
5.72,1.48
3.79,-3.25
9.16,-3.93
11.58,-3.41
11.79,-1.28
13.73,0.33
15.97,0.2
2.24,-5.85
-3.72,-7.26
1.25,-7.8
7.51,-0.35
12.36,5.76
14.92,7.99
16.16,3.9
4.75,0.36
1.73,-1.88
0.47,-3.27
4.69,-5.97
3.87,-6.81
-1.83,-6.36
4.86,-7.51
1.31,-9.01
7.69,-7.29
11.44,1.0
10.13,4.89
10.02,6.17
8.53,3.46
11.2,-0.78
10.32,-3.16
7.98,-3.54
12.88,-1.49
8.5,5.37
6.61,-0.24
5.3,-1.69
3.23,-3.04
7.77,-3.4
8.6,-3.89
9.59,-3.75
14.02,5.08
13.55,-0.38
2.11,-2.89
7.0,-3.15
17.25,4.4
5.73,2.94
4.73,-0.14
5.09,-1.18
10.29,-0.44
12.47,-0.19
12.69,0.02
14.35,8.22
16.1,-1.38
-0.36,-6.77
-0.65,-7.28
1.12,-7.57
1.77,-1.67
0.92,-3.61
1.09,-7.28
1.31,-3.86
2.71,0.47
5.17,0.71
3.05,0.68
3.94,-10.37
-6.3,-16.83
-6.26,-16.53
7.8,-8.0
10.49,-4.66
-0.06,-11.99
-2.59,-12.25
2.19,-3.73
-0.14,-5.99
8.84,-9.94
-5.62,-17.05
-14.94,-20.13
-6.97,-18.83
1.53,-7.52
10.5,-3.33
18.14,3.0
13.61,3.44
12.14,2.87
14.52,8.98
16.81,-7.12
-2.46,-10.11
-0.25,-9.99
2.66,-3.83
9.67,1.5
11.2,-4.33
4.04,-4.07
13.42,0.51
1.78,-4.17
2.96,-4.58
0.8,-2.28
0.32,-5.02
2.4,-5.42
8.18,-1.4
7.55,-2.22
6.16,0.45
14.84,4.35
7.12,-5.25
5.47,-5.72
10.89,-3.43
14.48,-1.92
1.52,-1.28
4.17,-1.0
5.01,-0.78
0.51,-12.1
-6.28,-13.56
-3.64,-12.74
-0.52,-10.79
2.09,-3.64
3.7,-0.66
15.74,1.51
9.84,-0.26
11.16,-2.4
10.51,-2.62
21.08,6.48
22.05,6.61
7.13,-1.05
9.5,-2.65
11.84,-3.14
9.63,-3.5
10.89,-3.07
12.94,2.19
7.71,1.5
11.61,-2.89
13.99,-2.62
13.51,5.43
9.47,-1.95
9.6,-2.54
15.48,-1.91
21.85,5.62
17.18,11.11
15.45,-1.59
4.14,-4.68
8.72,-3.27
15.22,-0.82
17.03,2.35
21.39,9.04
15.94,8.78
20.77,9.54
20.62,11.86
23.11,9.58
21.2,6.18
21.54,8.01
26.99,9.72
18.85,4.92
18.89,5.8
20.66,1.76
12.65,2.12
24.75,7.33
24.63,13.47
22.35,5.82
7.81,2.93
6.86,1.83
21.05,3.87
25.24,9.65
24.77,9.69
19.75,9.65
19.94,7.75
18.18,5.32
16.42,5.1
13.04,5.29
24.77,7.13
26.27,13.01
26.52,14.05
22.58,15.55
21.54,14.17
15.9,9.3
22.06,7.77
24.77,9.37
26.11,11.48
28.31,13.87
23.25,10.88
14.06,6.27
17.98,7.02
11.12,7.64
14.79,5.18
20.66,6.96
21.59,9.35
25.92,11.76
29.67,16.17
30.5,18.58
24.21,12.98
21.51,9.06
19.57,9.77
25.55,17.21
29.46,18.2
31.14,19.05
30.22,20.06
29.44,16.71
29.03,18.78
30.24,21.41
26.82,17.11
25.09,16.61
26.01,14.49
27.47,16.38
26.29,8.79
24.49,11.08
26.9,15.45
29.86,17.85
28.41,18.77
25.95,18.91
24.68,18.97
25.73,19.38
23.61,9.8
24.42,10.68
24.88,13.08
20.46,7.73
24.11,11.3
24.77,16.89
26.64,18.15
26.72,19.11
26.67,19.01
27.81,19.58
23.38,14.63
25.7,15.94
24.77,17.14
28.63,18.43
24.99,16.72
28.36,17.48
31.24,19.01
30.75,18.74
31.7,19.7
32.29,21.12
32.87,18.69
31.42,19.83
32.87,20.41
30.6,19.53
31.37,20.1
32.51,21.53
30.7,21.32
31.41,20.09
29.79,17.95
31.92,19.14
33.13,21.34
31.5,17.22
29.61,14.96
31.84,17.17
32.39,20.68
30.87,21.95
30.27,22.02
31.11,21.6
33.15,23.34
32.98,22.84
33.37,22.96
32.97,21.69
25.51,14.48
26.76,13.63
26.58,13.12
27.83,14.56
29.24,15.51
30.46,17.98
30.98,19.19
30.6,19.57
29.67,17.93
28.48,15.92
29.74,16.96
29.81,15.99
30.19,15.35
30.98,16.32
31.86,17.46
30.36,18.35
29.6,17.37
31.09,17.85
30.51,15.19
29.25,14.66
30.06,17.15
28.57,20.65
29.99,19.34
31.44,16.53
28.88,15.81
30.16,17.6
29.71,19.65
32.96,19.25
33.43,20.01
32.02,18.9
30.13,19.68
26.3,18.9
24.26,12.68
25.43,13.03
27.44,14.51
21.9,20.32
26.54,14.95
26.15,12.16
28.16,13.94
29.52,18.94
24.6,17.34
29.44,17.69
28.11,15.48
29.99,17.23
28.62,13.6
25.51,12.7
28.25,13.99
24.02,12.41
25.09,14.75
30.23,16.13
34.24,18.23
32.59,19.16
32.74,19.76
32.79,15.34
27.82,13.32
30.41,15.23
31.88,16.82
29.03,14.84
30.12,15.08
30.88,15.64
30.77,17.85
31.1,16.51
31.15,17.61
27.62,9.65
25.99,10.01
29.26,13.34
25.75,9.58
32.43,11.94
31.97,18.2
32.78,18.07
33.77,16.57
33.54,17.86
33.29,17.58
31.22,10.22
22.07,8.25
26.78,8.39
21.75,12.33
20.48,5.23
22.88,5.88
23.59,6.59
27.11,11.25
21.57,1.06
13.74,0.79
20.51,1.92
20.22,2.41
23.6,4.24
10.74,1.41
15.43,1.01
17.76,1.35
22.1,3.17
23.91,9.29
21.31,9.54
16.21,2.74
18.87,2.61
18.68,7.82
14.55,8.86
18.46,9.87
18.29,3.34
18.7,4.04
15.65,9.01
12.99,8.96
9.53,-2.87
8.59,-2.88
11.06,-2.38
12.29,-1.77
15.73,2.99
11.19,-1.44
12.32,-0.81
6.07,-6.96
2.41,-7.13
8.86,-2.47
17.69,4.16
11.57,-10.28
-5.07,-13.35
-0.1,-12.07
6.36,-5.68
6.6,-5.57
8.09,-4.18
8.57,-3.76
5.57,-0.95
7.0,-1.22
8.1,3.52
12.47,4.35
7.57,-1.78
3.72,-0.66
10.02,0.12
14.84,2.18
15.06,5.43
13.53,1.24
3.69,1.13
6.4,2.3
13.48,3.2
9.67,0.77
2.36,-0.72
4.51,-0.64
10.31,-2.45
11.73,-2.78
9.82,-4.41
7.65,-4.71
13.64,-1.23
13.84,-2.74
-1.76,-7.69
3.26,-7.31
7.08,-4.9
8.01,0.65
6.37,-1.34
1.44,-2.02
1.2,-1.11
2.43,-6.02
-0.94,-9.93
4.15,-8.78
7.89,-5.62
11.2,-3.65
12.76,-3.42
15.38,-1.94
16.3,-1.75
18.64,-0.83
17.62,8.9
14.84,5.72
16.07,6.49
16.61,4.79
5.28,1.03
2.68,-0.22
9.2,-0.66
10.64,6.5
10.67,3.09
3.79,-2.38
9.44,-2.62
8.87,-2.58
9.05,-2.23
5.21,-2.74
14.18,-2.14
17.44,10.33
18.25,1.88
5.49,1.16
7.56,1.06
10.32,-0.74
13.2,0.98
4.77,-4.85
2.86,-4.55
10.83,-8.88
-7.47,-10.29
-3.17,-8.9
0.16,-8.73
3.6,-8.02
8.59,0.38
7.51,1.13
1.69,-0.67
7.09,-2.9
3.31,-2.3
1.63,-0.03
2.6,-0.24
4.35,0.01
3.79,0.05
6.1,0.02
17.61,1.45
20.77,4.55
14.39,0.32
3.25,-0.5
0.31,-2.93
1.59,-3.0
2.06,-4.31
10.61,-3.05
6.14,0.34
5.54,-1.54
2.67,-0.96
2.64,-12.62
-4.25,-13.14
7.66,-9.64
10.7,-1.54
12.05,0.29
10.32,-3.49
6.58,-3.77
1.51,-9.17
3.37,-9.08
9.71,-5.76
13.35,1.81
7.16,4.82
7.63,1.79
2.96,-3.53
2.61,-4.05
2.78,-6.45
4.07,-6.89
17.52,-2.16
12.17,8.65
14.59,0.61
16.02,-1.06
15.62,-0.58
2.94,-5.12
10.2,-5.05
18.44,0.24
17.67,9.78
13.52,5.24
10.89,3.78
16.36,3.88
11.02,1.97
5.73,0.91
7.45,0.99
9.26,3.48
12.37,3.63
15.45,5.15
20.16,11.92
21.34,0.02
3.51,-1.58
5.89,-1.25
11.6,2.48
11.44,3.06
17.06,3.57
20.47,6.71
24.15,12.54
25.62,16.26
18.67,7.4
16.51,5.16
8.1,4.1
11.93,0.19
16.8,1.72
21.31,6.7
19.85,7.07
15.12,6.82
21.59,8.27
26.1,14.35
27.25,7.03
12.48,0.03
10.94,0.52
16.98,5.77
16.43,7.89
9.09,0.33
8.54,-3.04
10.4,-4.21
9.83,-0.24
10.49,0.68
13.01,1.0
14.74,2.94
18.72,4.43
14.35,0.26
21.86,3.21
13.47,9.69
19.83,7.85
18.7,6.6
16.19,1.66
19.51,4.55
24.29,13.54
17.66,6.82
9.99,5.52
20.38,6.42
27.94,13.42
22.34,6.5
21.25,7.69
9.23,4.68
15.79,3.56
19.6,7.17
12.86,-2.09
13.59,0.08
18.17,3.15
10.65,1.97
15.91,4.4
13.8,8.44
27.34,13.44
24.18,15.85
27.01,17.12
25.02,15.51
19.81,14.1
19.15,11.96
14.43,11.54
18.09,12.39
25.11,13.86
28.31,17.08
30.22,17.66
30.75,17.95
29.89,19.11
25.84,18.53
27.21,17.67
24.66,12.73
23.17,11.28
22.5,8.0
25.1,12.75
30.9,18.33
31.34,20.22
29.26,17.89
30.44,18.35
32.6,15.94
29.46,16.1
30.66,18.68
28.65,22.8
30.85,14.97
27.32,13.08
29.58,12.81
26.91,12.94
24.27,10.85
25.35,12.76
27.5,13.98
28.59,14.54
28.98,16.09
31.3,17.58
32.52,18.42
28.13,18.84
30.15,19.45
26.28,16.62
27.2,14.56
29.0,16.85
31.25,21.17
25.67,20.06
27.55,20.9
30.7,20.28
29.48,20.0
31.5,20.06
31.71,18.68
32.47,19.77
33.7,20.18
33.73,20.8
32.82,20.56
33.2,21.06
32.35,20.54
33.4,21.17
30.18,18.81
31.89,17.12
28.32,16.08
28.35,15.75
30.54,16.76
31.76,19.82
26.58,17.87
30.81,19.5
32.75,22.71
33.23,21.24
31.54,20.97
32.04,20.41
29.36,21.0
29.8,18.52
30.26,17.6
31.13,18.86
33.02,21.72
31.96,20.32
30.37,17.98
31.07,19.92
23.31,19.52
25.6,19.04
26.36,16.88
26.67,16.92
27.09,16.85
24.82,12.25
24.3,13.09
25.76,13.77
26.79,13.07
28.53,15.96
30.34,18.53
29.8,19.27
28.99,19.56
28.49,19.87
29.82,20.26
28.07,18.82
30.2,18.79
28.22,16.47
29.61,17.15
24.62,13.62
25.49,12.97
26.64,13.19
27.68,16.01
27.98,17.82
29.01,18.66
31.06,19.99
32.21,20.08
31.02,21.24
28.35,22.25
28.74,20.53
29.33,13.86
26.27,15.21
26.56,17.75
27.27,19.61
27.25,19.6
28.89,14.73
26.1,8.94
27.27,10.47
26.86,15.37
29.73,17.2
30.77,16.28
30.79,16.47
29.5,17.94
22.97,17.58
28.43,17.6
27.52,13.91
26.03,11.47
23.13,8.61
25.94,8.85
27.34,10.47
20.0,5.84
20.44,4.41
23.02,5.2
24.02,6.51
24.06,8.17
22.59,9.48
24.57,10.36
26.19,11.27
24.51,13.46
26.2,13.95
18.28,6.38
17.95,6.5
24.77,4.97
20.19,2.05
17.03,3.09
18.51,6.61
15.7,-0.56
17.59,0.55
23.11,4.44
29.25,6.84
26.39,7.26
28.02,9.03
23.92,15.33
26.48,15.02
25.05,4.3
21.11,4.25
25.89,5.91
16.93,-0.87
14.72,-1.65
17.23,0.06
16.65,8.85
12.06,7.36
17.32,8.1
20.17,11.66
27.42,12.6
25.46,6.42
12.66,5.85
11.01,6.14
9.38,6.71
10.78,6.75
11.84,7.94
10.7,2.97
10.17,-1.4
14.96,-0.33
10.63,-3.37
9.84,-2.93
18.56,0.09
22.23,5.3
20.01,3.99
21.46,3.37
23.33,3.64
26.58,9.8
25.93,10.93
25.04,11.14
12.99,-0.6
13.08,-0.49
13.03,-2.45
16.85,-0.63
13.56,1.54
13.56,1.4
6.91,-2.22
10.18,-2.19
18.58,6.27
17.54,8.3
9.95,6.14
8.89,1.17
9.69,1.28
11.08,4.32
14.94,7.8
10.41,7.23
12.53,-0.79
9.59,-2.63
11.74,-2.19
2.63,-2.45
1.51,-6.09
7.03,-6.03
7.03,-3.72
7.45,-2.57
7.2,-3.98
3.63,-3.59
1.47,-1.22
2.99,-0.73
13.89,-1.49
16.51,-1.31
18.04,4.89
15.85,3.63
5.63,1.68
2.11,-6.37
2.1,-6.01
1.28,-1.51
0.4,-5.69
3.51,-6.01
5.72,0.59
6.86,0.66
9.57,0.28
8.05,-0.86
13.34,-1.88
-1.73,-11.22
-7.91,-11.74
3.85,-9.7
12.12,-1.46
2.96,-3.37
5.68,-3.93
10.93,-2.61
0.5,-2.69
10.18,0.22
3.63,1.13
2.53,-3.11
7.99,-2.8
2.0,-0.45
3.07,-0.9
3.77,-0.72
0.68,-2.22
0.14,-6.55
-0.05,-6.08
-1.66,-4.44
3.62,-4.27
8.46,-2.02
9.34,-0.27
5.78,-1.63
1.54,-1.69
1.31,-1.96
2.78,-1.99
7.16,-2.95
3.58,-3.56
10.76,-1.84
3.05,-9.61
2.1,-9.72
1.41,-1.3
3.96,-0.2
7.22,-0.75
0.56,-8.38
-0.59,-10.57
1.54,-10.52
3.83,-3.23
5.72,-2.33
-0.6,-5.76
1.14,-6.09
3.41,-5.32
4.2,-4.01
3.6,-6.16
2.52,-11.43
-4.63,-12.81
1.17,-8.44
-0.7,-5.79
-3.44,-7.29
-2.93,-7.4
-1.85,-6.56
-2.4,-10.46
-3.66,-11.14
-6.93,-11.81
-6.61,-16.75
-3.92,-15.79
-1.17,-12.6
-1.93,-14.52
0.96,-11.0
8.3,-8.11
5.01,1.29
13.39,0.94
16.99,-2.2
8.9,-2.29
7.62,-0.21
12.75,6.19
16.95,1.72
8.39,-4.6
7.46,-4.77
17.43,-1.84
11.9,-4.02
8.86,-4.88
9.5,-4.07
11.51,-3.61
18.64,-1.3
19.53,1.31
21.01,9.71
18.56,6.5
15.7,4.75
13.03,-0.23
10.58,1.25
5.47,0.85
14.73,3.1
17.21,5.58
16.04,-0.36
10.78,-2.38
16.19,-2.3
19.34,0.77
19.66,4.32
19.54,8.86
22.36,6.72
17.74,7.9
13.87,4.25
23.39,5.7
11.17,-1.55
15.44,-0.55
23.16,5.32
11.37,-2.03
5.2,-5.78
9.29,-4.67
18.11,0.0
23.78,5.7
24.85,7.71
25.66,9.52
26.77,11.95
21.0,10.58
26.55,10.7
18.38,8.78
11.37,8.11
20.15,8.23
18.94,8.75
17.16,2.55
13.84,0.8
16.79,2.15
14.27,1.99
17.54,2.64
19.83,2.57
16.29,-1.8
8.71,-1.73
12.81,0.55
15.84,3.15
11.79,6.13
17.43,3.06
24.12,6.25
27.66,16.42
25.49,17.08
20.72,9.6
22.07,2.5
23.09,4.8
24.88,13.49
22.61,15.55
20.76,8.5
17.14,3.47
17.6,3.7
17.91,1.81
15.44,4.38
16.49,2.0
16.52,4.12
16.26,3.58
17.44,3.28
19.65,4.37
21.44,5.09
22.51,9.4
21.56,13.01
22.18,14.64
25.49,15.28
27.05,15.8
28.81,15.36
28.69,13.48
29.59,14.86
30.32,15.85
31.02,16.29
31.09,18.28
25.37,17.4
27.36,17.55
22.53,7.48
14.46,4.3
20.17,6.72
23.46,10.8
23.9,14.01
18.98,15.67
22.19,14.22
29.36,14.87
29.34,16.6
27.88,19.06
27.75,20.16
24.91,20.66
25.63,20.55
27.55,19.97
30.63,19.29
33.24,19.97
31.65,15.04
31.41,13.75
27.58,13.5
27.41,13.55
29.83,15.61
32.72,18.9
28.3,18.08
30.72,21.63
27.29,12.31
22.37,10.99
25.36,13.15
27.81,18.8
27.47,22.16
29.98,21.88
31.38,21.02
32.26,21.08
33.88,21.02
28.78,20.35
26.2,14.45
24.68,13.31
26.16,14.67
30.14,18.27
31.43,19.64
31.88,19.39
30.91,20.94
28.17,16.55
24.29,16.45
25.95,17.89
25.7,20.11
28.09,21.0
27.37,18.78
29.11,20.04
31.05,20.52
28.54,20.48
27.19,19.1
27.69,17.24
28.3,17.47
29.08,17.71
27.67,17.41
27.84,16.99
29.17,17.78
30.37,19.18
30.92,21.25
31.78,17.43
31.31,18.23
31.07,19.87
31.27,20.37
27.81,17.02
22.54,14.27
27.44,12.88
26.15,13.67
27.24,13.83
28.12,14.97
29.33,16.42
28.75,18.55
30.54,18.98
31.08,19.32
26.47,21.63
32.92,23.43
32.71,24.21
34.09,21.13
30.41,20.78
28.61,19.18
24.48,18.71
28.04,19.72
29.25,19.64
31.03,20.75
30.31,19.54
31.39,19.69
31.55,19.45
32.87,20.31
33.3,20.54
33.8,21.35
31.06,20.41
34.04,20.66
33.83,20.81
33.23,21.42
32.76,21.42
26.73,20.2
26.46,18.76
26.61,13.57
26.32,13.51
26.22,14.21
26.15,18.06
26.58,13.04
28.83,13.42
29.11,16.86
27.48,12.68
25.47,12.22
26.26,12.71
27.98,15.73
29.7,18.13
30.26,18.44
30.7,20.0
24.78,14.94
28.29,15.64
30.88,17.45
31.83,18.53
29.75,19.01
23.3,18.76
24.72,14.13
15.04,9.75
19.67,7.33
23.22,8.06
21.33,7.83
24.28,8.34
29.35,14.53
29.58,15.58
29.67,15.43
28.04,13.68
27.13,13.87
24.32,15.89
24.56,16.26
22.97,15.22
25.82,16.08
24.92,17.11
24.58,16.05
26.31,14.41
28.69,14.32
28.92,18.28
27.76,17.81
19.82,11.64
24.82,12.56
28.3,18.87
25.27,9.75
17.0,5.18
20.17,4.84
21.91,5.11
21.93,6.0
23.06,7.39
20.9,10.02
12.78,7.64
16.18,7.33
24.02,12.65
16.32,8.72
14.37,1.93
15.7,1.88
12.66,8.73
16.48,10.59
13.47,9.28
17.54,3.04
12.48,2.14
9.82,-2.39
9.84,-2.49
10.74,-2.5
12.0,-2.44
14.78,-1.45
17.72,-0.85
21.32,1.98
17.5,3.98
20.97,5.96
16.84,2.9
10.69,1.75
4.32,0.47
5.6,-2.75
5.1,-2.4
16.84,0.01
19.14,4.43
8.78,-3.89
6.16,-4.27
12.63,-1.03
8.13,-1.5
4.78,-6.27
5.97,-6.34
13.33,-0.37
8.97,-4.16
1.39,-4.67
10.02,-0.03
8.15,-5.54
7.66,-5.99
13.35,-0.1
11.62,3.66
18.6,1.96
18.04,1.5
12.66,0.88
17.47,2.6
6.65,-5.42
-1.8,-5.38
5.73,-5.14
14.83,-1.05
19.36,9.79
17.29,-2.38
9.18,-2.82
12.47,-1.54
14.38,-0.86
18.62,11.67
16.73,-0.94
8.24,-0.87
11.54,-1.53
1.98,-5.21
6.76,-5.23
7.99,-4.84
3.13,-5.18
11.68,-3.48
17.91,8.99
20.89,7.63
15.89,6.39
20.68,5.92
12.42,4.49
9.86,5.47
9.42,5.89
17.8,8.92
14.49,2.82
2.42,-5.06
0.99,-6.19
6.19,-5.93
6.06,-8.72
-6.48,-13.22
-6.8,-13.44
6.52,-10.52
6.28,-8.51
0.52,-9.96
2.02,-9.93
10.48,-0.89
8.42,-1.17
2.37,-2.48
0.68,-6.37
1.93,-6.38
-1.75,-4.9
6.86,-5.1
9.86,-7.05
-3.37,-8.41
-2.8,-12.62
0.53,-12.55
3.19,-6.68
5.5,-7.28
-1.22,-14.24
-4.33,-14.72
2.44,-9.07
-0.6,-15.49
-2.56,-15.81
5.49,-6.98
5.47,-6.79
16.68,0.24
8.04,-1.45
-0.88,-6.95
-3.77,-11.62
-4.85,-12.62
3.5,-9.67
1.84,-9.25
9.23,-8.04
11.35,-1.53
6.74,-2.56
12.63,-1.84
-1.44,-8.14
-1.61,-9.21
1.1,-9.39
13.11,-7.36
17.49,8.65
13.09,-5.33
2.09,-6.0
1.27,-6.07
15.33,-4.16
18.3,4.66
16.9,-2.22
-1.25,-2.85
2.85,-1.81
0.09,-3.86
3.61,-5.4
10.21,-5.3
11.92,-3.8
19.43,2.61
21.34,2.33
8.4,-0.98
13.91,-1.17
23.83,7.46
22.18,10.25
14.87,0.36
4.66,0.38
10.61,-0.45
11.53,-0.36
7.42,-8.56
-1.81,-8.92
11.71,-3.11
18.63,2.76
20.11,3.2
22.08,3.08
22.94,4.75
17.76,8.5
8.99,2.14
18.08,1.75
21.96,3.63
19.04,9.4
19.84,6.49
11.29,4.62
7.71,3.05
5.95,-2.49
7.13,-5.14
7.14,-4.98
8.99,0.77
26.56,7.84
7.99,1.34
6.85,-2.88
13.32,-2.21
15.92,0.64
16.19,6.18
14.32,6.78
14.21,5.99
11.61,2.43
9.15,1.34
8.09,-1.75
18.61,-0.8
18.04,10.95
22.53,11.19
21.25,3.96
16.54,3.74
21.49,7.66
17.59,2.01
11.31,2.05
7.5,0.84
12.04,1.22
19.64,6.84
18.97,8.17
26.37,9.88
29.05,15.19
28.51,17.62
18.8,3.54
14.75,2.41
19.2,3.61
19.44,7.86
22.5,12.2
26.7,13.53
22.68,6.68
22.32,8.41
25.95,10.34
15.52,10.35
16.79,12.6
22.18,9.63
17.98,8.49
22.19,9.54
26.43,12.47
29.61,17.51
31.29,13.98
30.58,14.67
29.79,15.0
29.45,13.93
30.05,12.65
25.58,11.84
28.23,13.12
21.89,14.44
28.01,15.22
30.84,19.68
28.98,17.17
20.19,11.1
19.25,10.67
24.5,12.09
29.22,18.05
23.13,14.76
20.52,11.12
22.7,12.1
27.88,14.25
30.84,18.21
31.28,19.56
30.59,19.09
24.55,12.86
27.02,12.19
28.52,12.77
28.81,15.21
27.86,18.45
27.48,16.36
28.59,14.15
25.7,14.3
21.96,14.38
26.23,15.24
29.7,19.7
33.64,23.68
34.32,23.89
34.01,24.12
33.21,24.67
30.62,16.14
26.32,12.09
26.66,12.8
30.66,13.82
33.48,18.3
34.43,17.4
30.35,15.79
30.99,16.42
30.83,17.86
28.64,15.47
26.8,10.85
26.37,10.43
29.7,14.24
33.05,20.36
33.15,21.12
30.54,19.45
30.84,18.62
32.97,20.61
36.19,24.28
34.66,23.08
27.68,21.93
26.11,20.5
26.46,16.01
29.7,16.75
30.75,19.23
30.5,17.38
30.42,18.25
29.74,16.55
29.0,20.37
31.47,21.28
25.11,20.68
28.88,20.08
31.14,21.19
33.52,20.41
31.54,20.13
33.05,21.21
31.42,22.93
31.99,22.18
27.01,19.5
25.55,19.07
28.63,21.02
30.52,20.66
27.43,15.67
27.48,17.11
26.92,19.17
29.83,19.96
27.74,19.45
32.68,20.71
28.25,20.6
28.29,20.98
31.62,21.37
31.9,21.24
32.21,22.11
29.89,21.19
27.97,16.89
29.22,16.0
25.59,13.58
27.09,15.13
26.5,18.75
26.9,15.86
27.88,15.67
27.91,15.56
29.44,15.61
30.1,16.6
29.47,18.89
27.15,17.67
27.38,16.0
28.48,14.67
29.51,14.91
29.84,15.89
30.03,18.12
30.29,18.85
33.04,20.89
32.18,20.41
29.47,14.44
27.94,13.56
29.75,15.23
30.35,17.78
24.1,18.64
26.77,19.47
27.73,19.75
25.89,15.91
26.73,13.66
26.14,13.3
28.98,15.31
29.27,18.38
25.69,13.25
22.32,12.08
21.44,12.28
26.9,13.13
28.39,13.12
28.33,13.92
29.02,14.57
29.57,16.01
28.91,16.13
31.69,16.75
34.68,16.4
21.98,6.25
19.71,7.81
25.72,11.9
24.01,10.0
20.94,5.42
19.76,3.79
16.74,4.43
20.04,5.27
21.49,5.81
23.36,6.28
21.98,6.21
21.48,2.9
22.45,3.22
24.66,5.03
24.33,8.56
16.56,0.39
14.87,-0.02
18.24,1.35
23.23,4.92
24.03,8.7
23.25,5.74
17.66,1.16
19.9,1.88
17.46,3.27
21.83,3.7
9.47,0.83
6.89,-0.89
12.16,-2.28
15.15,-0.83
22.6,5.39
25.22,10.59
25.37,10.25
25.21,11.15
22.05,7.86
12.61,-0.08
14.57,0.7
19.15,2.83
21.07,3.72
15.88,9.13
17.3,12.2
20.08,7.3
18.17,6.18
22.72,6.17
24.53,12.04
21.07,7.01
21.61,5.58
19.31,6.4
17.61,5.37
23.45,5.38
22.58,8.26
17.71,-0.98
-0.04,-2.01
3.43,-2.48
6.61,-2.21
5.31,1.24
3.46,-2.17
0.4,-3.3
1.4,-8.01
2.27,-8.49
1.9,-8.48
9.65,-4.91
13.93,-3.82
15.26,-3.16
16.9,-1.67
12.81,-3.49
12.84,-3.56
12.63,4.96
8.02,4.86
16.13,0.03
3.53,-6.27
4.2,-6.99
13.69,1.74
11.43,-6.54
5.57,-6.83
7.61,-3.35
10.66,5.66
10.16,4.61
7.64,4.44
8.96,5.08
8.16,4.56
7.87,2.09
7.76,-0.63
8.46,-0.59
12.25,4.74
6.88,1.02
4.24,-0.93
1.14,-4.6
1.33,-7.77
1.13,-7.5
7.34,-5.63
6.64,-5.2
6.48,-22.09
-16.24,-22.43
-8.41,-16.65
-6.45,-14.46
-3.12,-8.83
-0.4,-4.65
10.07,-3.61
14.22,8.93
15.48,8.14
