20170101
8.53,-1.02
12.93,6.0
13.19,-4.08
-1.69,-6.73
-5.32,-13.18
-9.06,-15.68
-7.5,-16.2
-4.99,-14.78
5.12,-6.27
13.08,-1.21
18.3,0.24
18.93,-0.85
2.05,-0.96
3.47,0.67
4.25,0.79
14.91,4.22
14.88,3.3
5.39,1.49
11.09,3.09
14.92,7.8
18.72,6.18
15.67,6.7
8.72,3.09
7.93,2.37
15.38,1.69
2.9,-1.02
2.16,-4.03
2.49,-4.01
0.77,-6.5
7.07,-7.5
8.06,2.76
6.78,-2.39
2.5,-5.04
-0.36,-10.29
4.51,-10.59
11.26,-1.4
16.4,-0.51
16.22,2.59
6.36,-4.81
-1.55,-8.18
13.2,-4.25
18.55,9.11
15.98,-2.69
9.78,-2.56
11.96,1.6
7.84,-1.43
10.74,-0.27
19.77,4.66
17.47,6.73
16.3,2.55
20.58,3.54
18.28,10.14
20.79,11.92
20.73,13.15
24.8,1.88
2.49,-5.83
9.06,-4.99
11.33,5.45
18.57,8.64
15.42,0.36
8.14,-1.93
4.65,-2.55
12.37,-1.22
19.74,0.05
17.65,9.54
14.27,5.3
16.45,2.76
21.26,1.16
6.84,-3.27
3.4,-5.58
4.34,-5.23
3.04,-4.43
0.81,-6.85
2.28,-7.66
7.18,-6.26
9.51,1.71
6.76,0.06
11.13,1.27
19.3,5.3
17.49,-0.32
7.11,-1.58
15.15,-1.11
24.28,13.04
25.05,13.53
18.88,6.58
19.9,7.37
16.07,9.07
17.35,8.74
24.8,10.89
12.82,4.47
11.34,2.35
19.39,4.26
21.65,11.77
20.15,8.59
22.79,4.74
9.68,1.46
14.15,-0.5
19.53,2.4
25.61,9.88
26.09,15.14
19.31,5.06
21.17,5.97
26.77,7.81
28.33,11.99
28.29,17.13
26.68,12.42
21.53,8.91
25.62,11.08
27.79,16.91
27.34,9.8
15.7,7.48
13.47,5.38
20.33,6.13
24.36,8.62
24.61,11.63
28.81,15.26
17.8,7.07
20.81,9.22
27.0,15.02
24.94,12.59
16.99,7.85
19.43,4.71
13.06,6.85
13.52,7.63
12.41,4.68
17.55,3.47
18.18,1.6
18.89,4.73
23.2,11.59
29.51,14.23
21.09,11.86
19.75,7.43
24.38,11.25
27.74,13.15
28.55,14.21
29.66,16.95
28.78,20.43
28.86,18.37
28.37,15.92
27.31,15.71
25.35,8.72
22.43,9.73
23.79,13.38
17.81,12.94
18.86,10.26
26.64,14.44
28.8,16.68
24.68,15.06
28.42,13.49
27.21,12.73
27.27,10.65
26.99,10.64
29.14,12.38
31.0,14.76
30.93,18.46
30.7,15.25
25.49,12.12
21.31,9.78
24.51,11.41
28.6,14.23
29.92,15.52
31.33,18.62
32.94,20.77
31.49,19.18
32.11,19.25
28.6,18.5
31.1,18.84
31.02,20.97
28.14,16.42
27.75,14.83
29.77,16.8
32.28,19.91
27.65,21.13
24.99,16.38
25.99,11.95
25.94,11.31
24.48,10.72
24.2,11.1
27.58,15.44
30.94,20.59
29.18,19.46
29.08,16.97
30.14,16.98
30.81,18.87
30.22,19.49
29.24,20.62
26.21,18.72
31.1,17.14
28.26,14.56
29.4,17.47
29.93,22.5
27.27,19.94
32.26,21.87
30.61,21.78
29.53,15.34
28.45,15.89
30.18,17.48
31.02,19.3
31.6,18.08
31.25,19.61
32.53,22.42
33.81,23.5
34.01,21.07
29.69,19.52
29.79,16.9
27.96,16.56
30.5,18.39
29.24,22.34
28.42,15.89
26.18,13.34
28.44,15.24
30.1,17.53
29.42,18.01
29.5,17.25
30.32,18.83
24.12,10.9
25.49,12.98
22.41,17.12
25.6,14.0
27.04,11.48
27.53,13.39
29.34,15.31
27.6,16.6
27.52,13.3
28.06,15.64
28.37,17.31
30.9,18.37
31.87,20.58
31.13,19.78
29.59,18.46
31.62,18.24
32.46,18.81
32.38,20.68
28.71,14.69
26.75,11.23
26.36,11.8
25.96,11.34
26.21,11.88
28.12,13.69
27.2,16.44
26.51,14.8
28.06,15.74
27.79,15.57
16.15,12.42
23.03,11.71
28.08,12.87
30.9,15.59
23.2,8.31
20.19,7.12
21.56,7.26
25.38,9.21
23.74,8.27
23.47,8.03
22.75,9.0
21.22,14.42
18.65,15.99
23.28,12.87
28.33,13.21
29.96,15.15
30.59,16.37
28.02,19.34
27.08,17.68
31.05,18.27
32.83,19.05
32.78,17.51
32.33,16.67
32.54,15.08
32.11,15.39
32.24,17.02
29.37,12.35
23.23,7.82
25.25,7.12
23.68,5.26
24.24,5.74
26.77,10.44
28.78,14.44
26.68,17.51
23.93,16.92
27.38,17.42
28.33,12.98
19.88,14.06
22.45,14.95
22.0,15.87
18.49,13.49
17.88,12.61
23.53,11.02
28.73,14.5
23.27,6.95
17.46,2.85
20.34,2.91
21.64,3.93
24.35,6.75
25.24,7.23
24.11,9.69
25.63,14.37
17.65,7.82
11.41,4.46
11.12,-0.48
17.46,-0.26
13.49,1.67
4.39,1.25
4.18,-1.5
8.4,-0.59
7.82,-0.7
15.7,1.87
20.17,12.66
16.94,6.91
20.09,9.36
23.46,9.49
12.41,6.67
9.48,4.39
11.75,-0.77
13.57,-2.11
3.64,-3.81
7.39,-3.71
8.82,2.01
8.28,0.3
11.75,0.18
9.95,0.73
5.72,-1.84
16.09,0.5
18.23,2.15
3.91,-3.81
10.06,-3.58
13.66,-3.03
5.68,-4.6
9.05,-2.61
14.49,-1.56
15.5,-2.14
12.72,-2.74
17.6,0.29
17.84,4.71
14.84,2.71
12.75,-2.19
12.29,-2.43
13.86,-1.53
15.59,-1.28
18.73,4.34
9.25,-2.25
7.61,-2.24
0.01,-8.37
0.35,-8.89
0.61,-6.49
4.05,-6.19
9.92,-4.01
0.31,-7.73
8.03,-5.94
0.96,-5.83
1.45,-4.24
10.57,-1.11
7.51,3.13
7.9,5.22
10.18,2.17
9.99,-1.5
12.96,-1.62
12.34,2.83
3.42,-1.13
1.82,-6.16
-1.59,-7.81
-5.04,-16.31
-8.56,-16.65
-4.78,-12.44
-3.35,-7.39
-5.28,-15.06
-8.57,-18.48
-11.12,-20.75
-7.46,-20.75
-3.31,-16.22
-6.78,-17.34
-7.73,-18.82
-6.32,-18.96
3.67,-9.85
3.6,-0.1
6.21,0.04
14.8,4.71
15.56,-2.47
-1.35,-9.88
-4.49,-16.23
-5.12,-16.42
-2.25,-16.39
-11.93,-17.75
-6.13,-14.43
0.48,-11.94
5.86,-6.45
9.97,0.93
13.18,7.49
13.86,2.39
3.73,-1.1
0.79,-5.2
9.16,-4.42
14.06,1.2
10.69,-2.67
11.73,-3.39
1.84,-5.64
1.44,-6.1
11.92,-0.85
6.65,-10.69
-3.8,-11.61
4.51,-6.3
3.89,-10.48
-1.75,-10.77
0.49,-4.29
0.34,-8.57
1.09,-8.27
11.12,-1.0
5.38,-0.59
1.58,-6.67
4.72,-7.07
7.29,-4.66
15.33,5.42
20.21,8.19
7.82,-1.57
2.87,-1.73
12.82,-1.53
23.22,12.48
25.54,10.32
10.88,3.8
11.78,4.25
16.24,7.61
15.35,6.63
9.71,-0.67
13.46,-0.8
16.81,0.55
13.54,9.98
14.31,0.28
9.79,-2.31
10.96,-1.94
11.56,-0.87
9.72,0.29
13.89,-0.61
4.07,-2.56
1.38,-4.53
7.62,-3.9
10.69,-0.69
7.1,-1.86
5.38,-3.72
6.16,-5.4
5.9,-4.93
15.37,-2.21
9.68,-2.4
9.15,-1.79
14.8,-0.15
16.67,-0.08
2.61,-1.76
5.72,-4.02
8.95,-3.61
10.93,-1.41
2.55,-1.95
8.56,-1.67
15.16,2.93
13.88,9.78
14.55,9.92
14.52,5.24
10.61,0.58
15.85,1.29
9.61,-0.82
10.24,-0.43
22.98,1.04
3.25,-3.37
11.16,-2.18
15.14,-2.02
6.3,-4.55
6.52,-2.04
6.58,-1.6
7.05,-1.87
18.58,-0.23
26.69,13.14
26.84,15.8
20.87,10.67
11.61,0.64
2.58,-0.56
11.26,0.39
22.71,1.56
12.88,-0.78
16.61,1.4
18.39,5.61
19.89,8.72
14.74,9.71
13.51,10.44
19.34,4.6
20.27,4.28
21.52,6.13
14.8,0.01
17.33,0.81
23.54,5.51
27.66,14.31
29.04,18.51
25.55,17.75
26.4,13.65
20.06,11.9
27.79,9.59
23.41,8.16
26.0,9.91
28.75,15.48
29.18,15.12
30.46,18.57
29.82,16.89
31.5,18.37
32.67,20.01
31.77,18.66
26.34,16.46
28.76,17.41
23.67,18.26
25.95,17.19
31.0,17.93
29.98,18.39
29.87,15.27
28.0,14.25
28.61,13.9
30.85,17.97
30.63,18.17
32.61,18.48
33.28,20.17
31.12,21.59
27.04,20.46
29.18,19.62
29.54,18.3
30.76,19.76
27.36,12.82
24.98,12.32
28.67,13.77
26.7,15.5
31.19,18.28
32.16,18.4
32.86,17.79
25.66,18.13
25.88,18.71
27.92,19.72
29.16,14.36
28.96,15.25
31.31,18.59
33.76,20.95
34.04,22.19
33.35,22.74
32.88,21.09
30.71,21.43
26.85,18.88
24.95,18.23
24.72,17.48
27.7,20.0
24.09,20.01
25.86,19.48
28.89,18.26
30.58,20.06
31.93,20.25
32.8,22.72
32.95,22.57
32.18,21.88
31.68,22.14
34.44,22.73
34.07,21.47
28.2,13.2
27.49,14.45
31.4,17.93
32.94,20.02
33.15,20.5
29.88,16.11
29.46,15.95
31.85,17.22
33.13,20.93
29.55,21.2
30.3,19.46
30.73,15.19
29.91,15.43
30.22,17.83
29.91,18.51
25.16,18.88
26.68,16.69
26.04,16.65
29.08,17.52
30.39,17.16
29.88,16.29
27.01,14.5
27.33,15.1
27.6,17.92
24.09,18.67
24.45,17.27
27.03,15.92
29.5,16.86
30.39,19.39
31.95,19.63
32.78,20.15
32.45,20.32
29.88,20.61
29.98,18.45
29.62,18.75
30.35,19.72
30.25,17.11
30.35,16.89
29.88,16.31
31.07,19.22
25.47,19.57
27.34,20.41
28.17,19.79
29.02,18.48
30.3,19.28
28.66,20.08
27.39,17.36
25.42,11.79
26.74,12.32
24.18,13.97
29.21,20.35
32.41,21.99
32.56,21.63
33.02,21.52
31.3,18.76
29.02,17.41
30.84,18.67
29.77,19.8
32.16,20.69
33.35,20.82
33.64,20.47
33.11,20.96
31.03,20.57
27.65,18.4
19.31,15.12
16.42,13.9
20.04,12.59
22.85,13.09
23.62,14.96
30.13,16.3
31.06,17.23
31.46,19.19
29.78,19.96
30.56,18.72
32.94,18.73
33.07,19.32
33.51,20.66
30.93,15.36
16.95,13.67
24.61,13.71
21.93,17.04
25.32,19.02
21.91,11.29
16.65,7.4
22.94,8.45
22.66,9.38
27.19,11.29
29.52,13.52
30.19,18.76
30.74,19.0
26.97,16.94
31.28,18.7
31.46,17.99
31.58,18.15
31.33,19.43
30.57,19.41
24.69,11.45
15.9,2.04
12.41,2.39
12.5,3.06
12.9,7.12
12.43,1.0
12.09,1.07
16.34,-0.25
14.7,-0.56
13.94,0.42
17.31,-2.4
12.42,-2.26
19.15,0.58
17.69,0.34
14.59,0.92
14.21,2.67
9.85,5.57
12.96,3.56
18.56,2.84
16.87,2.23
20.95,5.66
18.52,7.66
10.44,5.12
9.88,0.67
14.35,0.44
16.36,7.39
16.03,8.4
15.44,3.29
12.74,-1.12
6.53,-0.05
6.75,-6.71
3.06,-6.98
6.81,-5.92
7.06,-0.39
1.86,-6.53
0.77,-6.37
1.33,-1.5
4.56,-1.73
8.18,0.47
10.52,0.74
5.9,1.57
3.85,-3.14
9.27,-3.82
11.61,-3.28
11.86,-1.2
13.78,0.41
15.89,0.23
2.22,-5.82
-3.63,-7.2
1.25,-7.71
7.56,-0.54
12.41,5.8
14.93,8.04
16.29,3.94
4.87,0.41
1.83,-1.87
0.46,-3.22
4.87,-5.81
3.94,-6.68
-1.79,-6.15
4.95,-7.45
1.57,-8.98
7.73,-7.31
11.45,0.99
10.24,4.78
10.08,6.14
8.61,3.38
11.05,-0.78
10.37,-3.1
8.01,-3.46
12.93,-1.56
8.5,5.22
6.68,-0.24
5.34,-1.63
3.33,-3.0
7.84,-3.31
8.65,-3.89
9.64,-3.71
14.05,4.91
13.69,-0.24
2.29,-2.75
7.08,-3.0
17.29,4.55
5.79,3.14
4.85,0.13
5.1,-0.96
10.22,-0.19
12.48,-0.1
12.74,0.09
14.43,8.16
16.2,-1.3
-0.24,-6.53
-0.61,-7.11
1.14,-7.35
1.82,-1.54
0.95,-3.45
1.05,-7.1
1.36,-3.83
2.77,0.59
5.26,0.95
3.15,0.55
4.1,-10.19
-6.31,-16.65
-6.19,-16.42
7.82,-8.0
10.52,-4.51
0.0,-11.75
-2.55,-11.98
2.27,-3.64
-0.07,-5.75
8.9,-9.81
-5.57,-16.67
-14.88,-19.9
-6.89,-18.64
1.56,-7.42
10.6,-3.16
18.14,2.95
13.65,3.64
12.35,3.17
14.65,9.16
16.91,-7.01
-2.38,-10.02
-0.19,-9.83
2.74,-3.78
9.82,1.56
11.43,-4.17
4.04,-3.9
13.52,0.68
1.94,-4.03
3.02,-4.53
0.83,-2.16
0.36,-5.02
2.44,-5.33
8.28,-1.35
7.58,-2.05
6.27,0.62
14.9,4.42
7.27,-5.18
5.46,-5.6
11.01,-3.35
14.79,-1.76
1.58,-1.09
4.07,-0.87
5.07,-0.62
0.63,-11.71
-6.17,-13.39
-3.48,-12.59
-0.45,-10.6
2.04,-3.67
3.63,-0.52
15.71,1.63
10.01,-0.13
11.22,-2.28
10.48,-2.5
21.0,6.45
22.05,6.59
7.19,-0.97
9.47,-2.6
11.9,-3.08
9.7,-3.42
10.89,-2.88
13.22,2.23
7.75,1.49
11.56,-2.87
13.99,-2.43
13.9,5.5
9.55,-1.91
9.56,-2.46
15.61,-1.71
21.88,5.47
17.21,11.18
15.63,-1.49
4.1,-4.69
8.7,-3.34
15.26,-0.83
17.06,2.46
21.52,8.91
15.91,8.82
20.79,9.56
20.66,12.0
23.14,9.65
21.24,6.11
21.6,7.93
27.08,9.73
19.06,4.9
18.98,5.92
21.0,1.75
12.6,2.05
24.81,7.21
24.65,13.29
22.52,5.8
7.91,2.89
6.83,1.87
21.02,3.89
25.25,9.73
24.89,9.59
19.98,9.68
20.09,7.97
18.24,5.31
16.5,5.18
12.99,5.25
24.89,7.18
26.42,13.13
26.79,14.11
22.84,15.68
21.78,14.36
16.04,9.66
22.02,7.87
24.84,9.6
26.25,11.69
28.36,14.08
23.42,11.15
14.14,6.51
18.22,7.16
11.23,7.76
14.59,5.26
20.71,7.16
21.58,9.32
25.92,12.06
29.83,16.18
30.64,18.98
24.25,13.2
21.73,9.11
19.81,9.92
25.61,17.46
29.56,18.38
31.31,19.12
30.37,20.29
29.56,16.78
29.09,18.95
30.35,21.63
26.8,17.26
25.08,16.74
26.1,14.55
27.54,16.59
26.34,8.86
24.49,11.36
26.95,15.72
29.93,17.91
28.46,18.87
26.0,18.97
24.66,19.06
25.8,19.44
23.65,9.85
24.43,10.88
24.93,13.26
20.46,7.85
24.15,11.69
24.86,17.08
26.64,18.41
26.82,19.12
26.71,19.06
27.91,19.65
23.39,14.81
25.74,16.14
24.75,17.18
28.72,18.49
25.0,16.81
28.42,17.62
31.32,19.2
30.84,18.86
31.9,19.86
32.48,21.3
32.93,18.81
31.56,20.1
32.97,20.47
30.61,19.6
31.45,20.22
32.58,21.58
30.75,21.36
31.49,20.13
29.87,18.05
32.0,19.23
33.18,21.44
31.6,17.36
29.68,14.98
31.91,17.26
32.47,20.74
31.03,21.99
30.45,22.04
31.14,21.62
33.2,23.38
33.06,22.85
33.47,23.02
33.04,21.72
25.66,14.59
26.81,13.68
26.64,13.19
27.89,14.63
29.33,15.58
30.56,17.99
31.07,19.18
30.75,19.66
29.77,18.05
28.7,16.1
30.02,17.22
30.01,16.15
30.34,15.39
31.18,16.35
32.12,17.48
30.51,18.49
29.76,17.44
31.28,18.08
30.7,15.25
29.35,14.7
30.3,17.35
28.68,20.72
30.16,19.39
31.7,16.55
29.08,15.87
30.37,17.74
29.91,19.75
33.19,19.37
33.63,20.18
32.22,18.85
30.33,19.73
26.5,18.89
24.22,12.67
25.56,13.16
27.51,14.69
21.97,20.3
26.62,14.98
26.29,12.2
28.29,14.11
29.73,19.02
24.75,17.41
29.63,17.76
28.33,15.49
30.05,17.35
28.81,13.66
25.58,12.68
28.38,14.06
23.98,12.31
25.22,14.68
30.3,16.19
34.36,18.34
32.71,19.15
32.83,19.84
32.95,15.52
27.79,13.35
30.55,15.41
32.0,16.95
29.12,14.88
30.21,15.18
30.92,15.79
30.85,17.97
31.23,16.46
31.24,17.63
27.83,9.67
26.03,10.07
29.52,13.34
25.91,9.66
32.53,12.17
32.25,18.28
32.94,18.12
33.92,16.49
33.68,17.81
33.47,17.5
31.49,10.18
22.11,8.09
26.88,8.46
22.05,12.31
20.38,5.2
22.93,5.93
23.58,6.74
27.16,11.36
21.85,1.02
13.88,0.68
20.56,1.88
20.32,2.44
23.68,4.43
10.79,1.44
15.48,0.98
17.76,1.45
22.18,3.37
24.0,9.34
21.54,9.56
16.38,2.72
18.94,2.64
18.97,7.74
14.69,8.86
18.49,9.91
18.34,3.36
18.99,4.2
15.81,9.05
13.1,9.15
9.75,-2.69
8.6,-2.72
11.13,-2.22
12.3,-1.59
15.83,2.9
11.2,-1.37
12.44,-0.64
6.26,-6.74
2.45,-6.85
8.85,-2.42
17.78,4.12
11.94,-9.9
-5.01,-13.17
-0.03,-11.73
6.38,-5.48
6.56,-5.32
8.13,-4.06
8.61,-3.71
5.65,-0.8
7.08,-1.25
8.23,3.58
12.57,4.44
7.57,-1.62
3.8,-0.56
10.04,0.17
14.88,2.27
15.12,5.52
13.66,1.3
3.72,1.23
6.44,2.35
13.71,3.23
9.79,0.8
2.43,-0.61
4.46,-0.54
10.37,-2.29
11.72,-2.67
9.81,-4.2
7.67,-4.52
13.69,-1.17
13.93,-2.42
-1.6,-7.59
3.37,-7.26
7.14,-4.86
8.1,0.96
6.4,-1.2
1.58,-1.8
1.29,-1.03
2.52,-5.83
-0.82,-9.77
4.15,-8.54
7.89,-5.47
11.31,-3.53
12.73,-3.26
15.49,-1.8
16.35,-1.59
18.7,-0.7
17.58,8.9
14.98,6.06
16.06,6.76
16.61,4.87
5.46,1.11
2.85,-0.11
9.24,-0.57
10.67,6.44
10.74,3.33
4.0,-2.19
9.42,-2.5
8.88,-2.44
9.1,-2.0
5.33,-2.64
14.23,-2.17
17.48,10.23
18.34,2.04
5.56,1.27
7.68,1.31
10.51,-0.57
13.44,1.13
4.97,-4.84
2.99,-4.46
10.96,-8.53
-7.27,-10.13
-3.13,-8.82
0.19,-8.72
3.72,-8.03
8.7,0.31
7.66,1.25
1.78,-0.59
7.17,-2.79
3.44,-2.28
1.74,0.07
2.65,-0.21
4.35,0.07
3.81,0.12
6.11,0.07
17.62,1.42
20.75,4.58
14.41,0.33
3.27,-0.41
0.41,-2.86
1.58,-2.95
2.14,-4.34
10.66,-3.08
6.53,0.42
5.55,-1.47
2.7,-0.9
2.72,-12.45
-4.27,-12.97
7.67,-9.58
10.69,-1.56
12.11,0.25
10.41,-3.47
6.62,-3.74
1.57,-9.14
3.36,-9.05
9.73,-5.8
13.39,1.64
7.2,4.82
7.73,1.89
3.07,-3.54
2.62,-3.97
2.86,-6.38
4.07,-6.75
17.52,-2.24
12.36,8.69
14.6,0.81
16.13,-0.88
15.62,-0.35
2.94,-4.94
10.21,-4.8
18.44,0.3
17.7,9.56
13.62,5.38
11.02,3.82
16.44,3.95
11.1,2.1
5.85,0.98
7.4,1.09
9.19,3.52
12.34,3.64
15.64,5.14
20.24,11.99
21.47,0.18
3.53,-1.5
6.03,-1.12
11.77,2.6
11.61,3.18
17.05,3.69
20.67,6.89
24.35,12.61
25.79,16.36
18.8,7.49
16.58,5.18
8.24,4.05
11.99,0.18
16.75,1.91
21.28,6.66
20.33,7.16
15.31,6.98
21.61,8.42
26.15,14.22
27.34,7.0
12.64,0.06
11.0,0.61
17.04,5.74
16.51,8.23
9.2,0.39
8.64,-2.97
10.63,-4.12
9.95,-0.26
10.69,0.69
12.97,1.14
14.69,3.01
18.81,4.64
14.45,0.18
21.91,3.35
13.47,9.74
19.78,7.7
18.86,6.6
16.13,1.75
19.52,4.95
24.31,13.56
17.83,6.85
10.03,5.67
20.39,6.57
28.04,13.37
22.43,6.59
21.37,7.8
9.25,4.7
15.88,3.54
19.76,7.29
12.9,-2.03
13.61,0.18
18.37,3.17
10.76,2.06
16.08,4.63
13.92,8.57
27.56,13.5
24.21,15.99
27.11,17.3
25.14,15.65
19.92,14.19
19.09,11.97
14.5,11.57
18.21,12.44
25.26,13.95
28.37,17.11
30.35,17.69
30.84,17.95
30.02,19.15
25.86,18.5
27.37,17.68
24.67,12.84
23.23,11.24
22.52,8.05
25.14,12.72
31.03,18.38
31.54,20.28
29.31,17.92
30.61,18.47
32.79,16.03
29.46,16.15
30.83,18.76
28.82,22.83
31.18,15.04
27.4,13.17
29.66,12.91
26.96,13.01
24.31,10.9
25.39,12.81
27.58,14.04
28.68,14.63
29.05,16.19
31.4,17.59
32.66,18.45
28.59,18.97
30.22,19.56
26.41,16.69
27.31,14.57
29.1,16.87
31.33,21.2
25.79,20.08
27.51,20.95
30.62,20.31
29.52,20.14
31.62,20.15
31.81,18.74
32.54,19.81
33.79,20.21
33.81,20.86
32.87,20.6
33.31,21.12
32.46,20.62
33.44,21.24
30.19,18.89
31.91,17.19
28.4,16.16
28.41,15.82
30.63,16.85
31.83,19.98
26.77,17.97
30.85,19.64
32.83,22.78
33.34,21.38
31.67,21.02
32.15,20.47
29.4,21.07
29.8,18.62
30.39,17.71
31.21,18.97
33.12,21.76
32.05,20.41
30.4,18.11
31.19,20.02
23.38,19.61
25.67,19.43
26.61,17.09
26.74,17.17
27.2,16.93
24.88,12.27
24.38,13.27
25.89,14.0
26.87,13.16
28.59,15.8
30.47,18.56
29.8,19.32
29.05,19.63
28.54,20.03
29.92,20.35
27.98,18.89
30.26,18.74
28.27,16.22
29.71,17.28
24.79,13.74
25.62,13.01
26.7,13.42
27.75,16.34
27.93,18.14
29.08,18.86
31.1,20.09
32.26,20.23
31.11,21.46
28.43,22.38
28.74,20.64
29.37,13.94
26.31,15.6
26.56,17.8
27.33,19.7
27.34,19.73
28.86,14.93
26.1,9.1
27.22,10.63
26.94,15.39
29.67,17.16
30.7,16.3
30.8,16.55
29.63,18.01
23.08,17.54
28.44,17.6
27.52,13.97
26.03,11.47
23.18,8.7
25.98,9.0
27.32,10.57
20.01,5.9
20.44,4.57
23.03,5.34
24.02,6.53
24.09,8.23
22.66,9.6
24.59,10.52
26.21,11.4
24.7,13.78
26.3,13.96
18.44,6.45
17.97,6.56
24.82,5.0
20.31,2.09
17.16,3.18
18.58,6.59
15.96,-0.52
17.6,0.67
23.08,4.44
29.24,6.81
26.38,7.22
28.03,9.01
23.83,15.42
26.44,15.19
25.1,4.34
21.14,4.31
25.9,5.93
17.04,-0.79
14.79,-1.61
17.27,0.09
16.58,8.91
12.31,7.36
17.22,8.29
20.48,11.64
27.49,12.58
25.53,6.53
12.73,5.82
10.96,6.13
9.42,6.78
10.85,6.82
11.96,8.05
10.89,3.21
10.15,-1.36
14.95,0.14
10.86,-3.3
9.95,-2.8
18.5,0.21
22.18,5.36
19.93,4.05
21.44,3.44
23.35,3.74
26.61,9.76
25.99,11.0
25.14,11.32
13.08,-0.52
13.13,-0.44
13.19,-2.33
16.85,-0.45
13.61,1.63
13.57,1.47
6.95,-2.13
10.18,-2.12
18.61,6.2
17.56,8.4
10.16,6.3
9.23,1.23
9.73,1.4
11.14,4.32
15.02,7.86
10.55,7.28
12.58,-0.73
9.61,-2.6
11.73,-2.2
2.78,-2.37
1.47,-6.07
6.97,-5.96
7.01,-3.67
7.37,-2.41
7.25,-3.9
3.74,-3.54
1.45,-1.23
2.93,-0.71
13.89,-1.45
16.51,-1.28
18.05,4.89
15.96,3.75
5.68,1.84
2.2,-6.3
2.2,-5.93
1.4,-1.42
0.43,-5.62
3.54,-5.91
5.72,0.54
6.91,0.68
9.53,0.33
8.13,-0.86
13.39,-1.69
-1.55,-11.08
-7.86,-11.66
3.86,-9.72
12.11,-1.47
3.16,-3.3
5.73,-3.88
11.11,-2.44
0.49,-2.56
10.38,0.26
3.75,1.18
2.57,-2.85
7.99,-2.55
2.01,-0.39
3.06,-0.88
3.8,-0.71
0.64,-2.16
0.21,-6.6
0.05,-6.28
-1.57,-4.41
3.47,-4.23
8.44,-2.03
9.33,-0.22
5.91,-1.56
1.57,-1.57
1.35,-1.91
2.82,-1.91
7.24,-2.87
3.7,-3.4
10.73,-1.82
3.16,-9.54
2.05,-9.71
1.42,-1.27
4.02,-0.21
7.36,-0.76
0.67,-8.37
-0.64,-10.52
1.53,-10.42
3.86,-3.32
5.95,-2.26
-0.6,-5.77
1.12,-6.1
3.42,-5.37
4.24,-3.94
3.69,-5.94
2.67,-11.2
-4.41,-12.57
1.58,-8.47
-0.4,-5.72
-3.23,-7.22
-2.82,-7.4
-1.71,-6.51
-2.27,-10.14
-3.39,-10.8
-6.82,-11.69
-6.49,-16.5
-3.82,-15.66
-0.94,-12.3
-1.74,-14.37
0.94,-10.99
8.29,-8.19
4.94,1.26
13.44,0.88
17.15,-2.13
8.94,-2.21
7.6,-0.18
12.86,6.2
17.01,1.81
8.5,-4.61
7.48,-4.75
17.48,-1.81
11.87,-3.93
8.92,-4.84
9.51,-4.1
11.5,-3.63
18.61,-1.32
19.58,1.32
21.1,9.62
18.63,6.57
15.76,4.76
13.09,-0.27
10.49,1.19
5.62,0.85
15.04,3.1
17.25,5.59
16.37,-0.33
10.92,-2.35
16.3,-2.25
19.44,0.81
19.73,4.3
19.59,8.86
22.38,6.69
17.84,7.9
14.08,4.25
23.39,5.77
11.28,-1.54
15.31,-0.48
23.23,5.41
11.52,-2.01
5.2,-5.77
9.31,-4.6
18.17,0.01
23.93,5.62
24.97,7.58
25.79,9.4
26.99,12.0
21.14,10.61
26.74,10.78
18.51,8.82
11.45,8.16
20.27,8.11
19.1,8.78
17.24,2.6
13.96,0.64
16.9,2.28
14.45,1.79
17.68,2.65
19.98,2.54
16.77,-1.74
8.8,-1.77
12.89,0.4
15.94,3.03
11.86,6.16
17.49,3.01
24.19,6.4
27.77,16.48
25.76,17.08
20.78,9.55
22.16,2.35
23.12,4.96
24.98,13.79
22.73,15.52
20.95,8.59
17.17,3.46
17.73,3.87
17.99,1.81
15.5,4.65
16.63,2.04
16.59,4.35
16.36,3.77
17.53,3.22
19.74,4.34
21.55,5.08
22.61,9.78
21.6,12.89
22.22,14.47
25.63,15.21
27.15,15.78
28.88,15.26
28.78,13.47
29.71,14.87
30.41,16.02
31.12,16.26
31.19,18.34
25.51,17.42
27.47,17.71
22.62,7.52
14.41,4.35
20.14,6.63
23.52,10.87
23.95,14.26
18.99,15.97
22.3,14.22
29.46,14.9
29.4,16.58
27.96,19.29
27.81,20.36
25.01,20.78
25.67,20.68
27.62,20.1
30.72,19.35
33.3,20.03
31.71,15.06
31.5,13.74
27.65,13.46
27.46,13.55
29.9,15.84
32.78,18.89
28.36,18.07
30.8,21.75
27.5,12.46
22.39,10.96
25.39,13.24
27.92,18.92
27.55,22.14
30.09,21.82
31.5,21.01
32.38,21.09
34.0,21.16
28.87,20.44
26.18,14.57
24.74,13.31
26.21,14.72
30.2,18.29
31.52,19.67
31.95,19.37
30.97,20.97
28.21,16.71
24.38,16.51
26.09,17.95
25.81,20.14
28.12,21.0
27.43,18.83
29.17,20.05
31.13,20.59
28.61,20.52
27.25,19.21
27.72,17.24
28.36,17.46
29.14,17.7
27.71,17.33
27.92,16.9
29.22,17.72
30.45,19.25
30.99,21.29
31.85,17.42
31.36,18.24
31.13,19.89
31.34,20.39
27.87,17.1
22.64,14.29
27.47,12.79
26.24,13.64
27.34,13.81
28.19,14.97
29.41,16.36
28.82,18.36
30.64,18.9
31.18,19.53
26.47,21.61
32.95,23.35
32.78,24.18
34.13,21.14
30.58,20.73
28.64,19.16
24.53,18.68
28.06,19.67
29.33,19.56
31.11,20.67
30.35,19.44
31.43,19.5
31.61,19.35
32.96,20.15
33.4,20.54
33.88,21.4
31.17,20.36
34.08,20.59
33.83,20.67
33.3,21.38
32.82,21.39
26.72,20.15
26.44,18.74
26.65,13.49
26.32,13.44
26.22,14.27
26.18,18.0
26.61,12.98
28.88,13.5
29.13,16.87
27.53,12.61
25.54,12.11
26.27,12.68
27.97,15.73
29.69,18.1
30.28,18.45
30.72,19.88
24.92,14.95
28.29,15.68
30.94,17.41
31.87,18.47
29.79,19.03
23.3,18.72
24.7,14.07
15.21,9.68
19.69,7.23
23.26,8.1
21.44,7.74
24.32,8.42
29.31,14.51
29.58,15.47
29.7,15.34
28.09,13.53
27.14,13.74
24.47,15.84
24.57,16.29
23.1,15.15
25.9,16.07
24.96,17.08
24.71,16.02
26.39,14.4
28.78,14.38
28.98,18.28
27.8,17.86
20.06,11.62
24.9,12.49
28.33,18.86
25.23,9.74
17.17,5.1
20.3,4.79
21.98,5.12
21.99,6.06
23.11,7.39
21.05,10.03
12.86,7.54
16.23,7.37
24.02,12.63
16.42,8.66
14.43,1.86
15.66,1.88
12.7,8.72
16.55,10.58
13.54,9.26
17.53,3.0
12.48,2.15
9.84,-2.37
9.84,-2.5
10.8,-2.51
12.03,-2.4
14.74,-1.43
17.66,-0.78
21.29,2.05
17.54,3.89
20.96,6.06
16.8,2.91
10.69,1.67
4.59,0.45
5.67,-2.72
5.19,-2.37
16.94,-0.02
19.2,4.37
8.77,-3.8
6.09,-4.27
12.58,-1.16
8.11,-1.46
4.81,-6.25
5.97,-6.33
13.28,-0.41
9.0,-4.14
1.52,-4.68
10.03,-0.12
8.18,-5.48
7.58,-5.97
13.4,-0.09
11.74,3.53
18.74,1.96
18.06,1.54
12.8,0.84
17.44,2.5
6.75,-5.48
-1.66,-5.39
5.78,-5.22
14.9,-1.17
19.34,9.57
17.22,-2.4
9.14,-2.83
12.44,-1.61
14.38,-0.99
18.6,11.66
16.77,-0.69
8.5,-0.8
11.79,-1.54
1.93,-5.23
6.71,-5.26
7.93,-4.76
3.13,-5.19
11.69,-3.59
17.87,9.02
20.98,7.63
15.85,6.43
20.8,5.85
12.67,4.43
9.95,5.58
9.44,5.9
17.81,8.81
14.52,2.89
2.5,-5.05
1.01,-6.28
6.23,-5.97
6.24,-8.68
-6.49,-13.13
-6.8,-13.39
6.49,-10.61
6.33,-8.49
0.56,-10.02
1.97,-9.97
10.51,-0.92
8.47,-1.24
2.41,-2.52
0.72,-6.3
1.72,-6.32
-1.73,-4.81
6.79,-5.06
9.92,-7.0
-3.35,-8.43
-2.79,-12.69
0.54,-12.64
3.19,-6.82
5.62,-7.22
-1.18,-14.28
-4.29,-14.76
2.44,-9.13
-0.57,-15.62
-2.59,-16.02
5.55,-7.04
5.48,-6.64
16.63,0.09
8.16,-1.38
-0.71,-6.84
-3.72,-11.61
-4.66,-12.52
3.65,-9.75
2.08,-9.25
9.32,-7.98
11.46,-1.37
6.98,-2.45
12.9,-1.83
-1.32,-8.04
-1.38,-9.19
1.16,-9.37
13.18,-7.27
17.51,8.59
13.23,-5.29
2.1,-5.96
1.3,-6.09
15.35,-4.18
18.34,4.49
16.86,-2.08
-1.11,-2.78
2.94,-1.78
0.18,-3.81
3.58,-5.32
10.17,-5.24
11.89,-3.8
19.44,2.44
21.31,2.23
8.59,-1.04
13.97,-1.19
23.81,7.35
22.02,10.38
15.03,0.31
4.75,0.34
10.56,-0.61
11.63,-0.49
7.76,-8.58
-1.81,-8.9
11.72,-3.17
18.58,2.74
20.17,3.06
22.09,3.01
22.89,4.75
17.78,8.44
8.95,2.14
18.05,1.77
21.92,3.59
19.25,9.38
19.89,6.47
11.38,4.67
7.72,2.92
6.03,-2.5
7.1,-5.29
7.17,-5.02
9.0,0.76
26.59,7.84
8.02,1.33
6.9,-2.9
13.3,-2.06
16.0,0.77
16.25,6.03
14.32,6.66
14.23,5.93
11.77,2.41
9.27,1.32
8.13,-1.77
18.61,-0.62
18.11,10.85
22.53,11.15
21.29,3.93
16.67,3.78
21.62,7.72
17.7,1.89
11.26,2.0
7.55,0.83
12.08,1.25
19.71,6.79
19.01,8.07
26.45,10.05
29.19,15.32
28.57,17.64
19.04,3.48
14.84,2.35
19.29,3.72
19.5,7.81
22.65,12.12
26.61,13.49
22.82,6.6
22.43,8.65
26.05,10.33
15.5,10.34
16.8,12.5
22.29,9.67
17.89,8.34
22.11,9.57
26.4,12.56
29.57,17.44
31.24,13.68
30.56,14.64
29.8,15.02
29.64,13.89
30.23,12.76
25.67,11.63
28.31,13.18
22.09,14.49
28.04,15.37
30.84,19.81
29.14,17.09
20.23,11.01
19.16,10.49
24.43,12.13
29.24,18.1
23.05,14.65
20.55,11.07
22.79,12.15
27.89,14.33
30.94,18.1
31.29,19.37
30.72,19.21
24.52,12.81
27.07,12.09
28.53,12.8
28.79,15.36
27.84,18.44
27.48,16.33
28.56,14.14
25.7,14.32
22.08,14.44
26.23,15.32
29.74,19.75
33.7,23.76
34.41,23.77
34.06,24.04
33.28,24.6
30.55,16.04
26.37,11.95
26.7,12.7
30.79,13.8
33.58,18.31
34.53,17.2
30.35,15.61
31.06,16.25
30.92,18.04
28.74,15.34
26.8,10.89
26.34,10.41
29.72,14.17
33.08,20.33
33.2,21.2
30.6,19.48
30.84,18.42
32.97,20.85
36.17,24.25
34.73,23.0
27.71,21.89
26.03,20.49
26.42,16.06
29.7,16.85
30.75,19.47
30.56,17.3
30.46,18.27
29.75,16.49
29.02,20.32
31.57,21.39
25.06,20.77
28.86,19.99
31.11,21.19
33.53,20.38
31.58,19.99
33.07,21.16
31.45,22.94
32.1,22.17
27.07,19.61
25.54,19.14
28.75,21.1
30.56,20.7
27.42,15.64
27.47,17.25
26.91,19.14
29.83,19.95
27.87,19.35
32.74,20.91
28.41,20.72
28.44,21.23
31.57,21.19
31.98,21.25
32.27,22.12
29.91,21.25
27.98,16.86
29.25,15.94
25.6,13.52
27.19,15.41
26.51,18.77
26.96,15.8
27.93,15.67
27.97,15.52
29.46,15.57
30.2,16.74
29.55,18.85
27.21,17.69
27.33,15.99
28.46,14.59
29.51,14.91
29.92,16.09
30.04,18.08
30.3,18.88
33.05,20.98
32.19,20.37
29.43,14.34
27.92,13.58
29.76,15.35
30.38,17.89
24.31,18.75
26.85,19.53
27.81,19.71
25.96,15.96
26.7,13.63
26.18,13.34
29.01,15.5
29.19,18.44
25.73,13.42
22.34,12.17
21.44,12.42
26.89,13.14
28.36,13.12
28.4,13.99
29.03,14.49
29.57,16.02
28.94,16.11
31.67,16.74
34.71,16.53
21.98,6.31
19.76,7.96
25.72,12.17
24.05,10.26
21.0,5.42
19.8,3.73
16.75,4.42
20.08,5.39
21.62,5.96
23.45,6.47
22.04,6.38
21.53,3.05
22.44,3.21
24.7,5.06
24.41,8.4
16.65,0.39
14.89,-0.02
18.29,1.45
23.25,5.25
24.14,8.27
23.57,5.85
17.94,1.26
20.04,2.07
17.65,3.18
22.03,3.96
9.68,0.87
6.97,-0.67
12.27,-2.21
15.18,-0.8
22.6,5.41
25.26,10.49
25.42,10.04
25.34,10.97
22.38,7.84
12.45,0.01
14.67,0.86
19.34,2.99
21.11,3.99
15.98,9.25
17.38,12.31
19.99,7.45
18.04,6.31
22.73,6.2
24.52,11.8
21.24,7.25
21.68,5.63
19.44,6.54
17.62,5.39
23.47,5.38
22.54,8.41
17.68,-0.8
0.03,-1.88
3.37,-2.14
6.71,-1.86
5.38,1.42
3.49,-2.02
0.37,-3.2
1.49,-7.95
2.26,-8.32
1.9,-8.3
9.7,-4.91
13.88,-3.83
15.16,-2.99
17.01,-1.45
12.86,-3.42
12.82,-3.51
12.73,5.23
8.11,4.9
16.2,0.45
3.55,-6.25
4.29,-6.88
13.78,1.86
11.84,-6.42
5.57,-6.72
7.59,-3.34
11.1,5.87
10.43,4.82
7.67,4.6
9.12,5.12
8.34,4.62
7.98,2.03
7.77,-0.58
8.6,-0.55
12.32,4.9
7.14,1.06
4.38,-0.89
1.12,-4.5
1.44,-7.65
1.23,-7.41
7.33,-5.63
6.74,-5.21
6.58,-21.97
-16.34,-22.4
-8.39,-16.61
-6.4,-14.36
-2.99,-8.82
-0.32,-4.61
10.0,-3.61
14.2,8.79
15.81,8.36
