20170101
8.43,-0.93
12.97,5.98
13.2,-4.11
-1.68,-6.73
-5.3,-13.23
-9.1,-15.74
-7.53,-16.27
-5.03,-14.89
5.18,-6.22
13.07,-1.15
18.31,0.28
18.92,-0.79
2.08,-0.91
3.46,0.72
4.27,0.79
14.96,4.21
14.88,3.31
5.49,1.57
11.14,3.11
14.86,7.88
18.68,6.26
15.65,6.74
8.73,3.12
7.9,2.35
15.35,1.66
2.86,-1.06
2.16,-4.02
2.63,-4.06
0.75,-6.57
7.15,-7.54
7.99,2.76
6.8,-2.28
2.51,-5.06
-0.46,-10.36
4.58,-10.65
11.28,-1.42
16.43,-0.39
16.17,2.69
6.45,-4.77
-1.53,-8.14
13.27,-4.2
18.6,9.08
16.13,-2.76
9.74,-2.58
11.94,1.7
7.81,-1.56
10.78,-0.31
19.74,4.7
17.42,6.87
16.31,2.53
20.6,3.56
18.41,10.06
20.83,12.02
20.65,13.27
24.87,1.94
2.4,-5.87
9.04,-5.04
11.42,5.43
18.7,8.64
15.56,0.41
8.13,-1.92
4.62,-2.55
12.39,-1.21
19.72,0.08
17.73,9.54
14.11,5.34
16.4,2.83
21.34,1.19
6.8,-3.24
3.33,-5.59
4.41,-5.16
3.19,-4.4
0.79,-6.87
2.28,-7.72
7.17,-6.18
9.59,1.74
6.76,-0.03
11.16,1.21
19.35,5.37
17.44,-0.28
7.18,-1.53
15.16,-1.02
24.28,13.15
25.01,13.53
18.88,6.57
19.99,7.5
16.05,9.08
17.39,8.82
24.78,10.89
12.86,4.47
11.14,2.33
19.49,4.24
21.68,11.84
20.26,8.62
23.13,4.82
9.74,1.42
14.24,-0.52
19.64,2.62
25.62,9.94
26.17,15.11
19.25,5.06
21.29,6.07
26.9,7.97
28.47,12.14
28.33,17.15
26.7,12.56
21.65,9.17
25.61,11.41
27.81,16.94
27.38,9.88
15.75,7.51
13.45,5.42
20.22,6.2
24.41,8.77
24.64,11.66
28.88,15.28
17.81,7.06
21.02,9.23
27.17,15.11
25.05,12.62
17.02,7.88
19.51,4.72
13.15,6.98
13.65,7.66
12.14,4.69
17.48,3.45
18.22,1.54
18.9,4.94
23.16,11.62
29.48,14.32
21.17,11.95
19.67,7.39
24.37,11.26
27.83,13.11
28.6,14.23
29.65,17.13
28.77,20.51
28.93,18.3
28.43,16.03
27.52,15.85
25.29,8.73
22.39,9.71
23.88,13.44
17.95,12.93
18.83,10.26
26.66,14.56
28.82,16.68
24.61,15.07
28.43,13.48
27.29,12.76
27.37,10.76
27.06,10.66
29.16,12.44
31.07,14.69
30.96,18.58
30.68,15.29
25.5,12.13
21.29,9.87
24.51,11.25
28.63,14.3
29.96,15.71
31.33,18.63
32.93,20.84
31.54,19.18
32.12,19.29
28.64,18.56
31.17,18.86
31.06,21.02
28.22,16.54
27.78,14.91
29.79,16.92
32.35,20.01
27.64,21.1
25.1,16.36
26.01,11.97
26.06,11.3
24.5,10.7
24.25,11.07
27.62,15.56
31.01,20.6
29.26,19.53
29.16,16.97
30.2,16.96
30.89,18.98
30.21,19.48
29.26,20.66
26.21,18.67
31.1,17.12
28.28,14.52
29.42,17.54
30.0,22.5
27.29,19.93
32.28,21.94
30.74,21.79
29.59,15.36
28.5,15.93
30.23,17.51
31.07,19.4
31.67,18.08
31.31,19.67
32.59,22.43
33.87,23.5
34.01,21.09
29.74,19.54
29.84,16.91
27.99,16.51
30.55,18.42
29.33,22.38
28.44,15.89
26.2,13.29
28.47,15.28
30.09,17.65
29.43,18.01
29.51,17.29
30.29,18.95
24.19,10.93
25.48,13.13
22.45,17.07
25.55,14.07
27.08,11.55
27.57,13.55
29.36,15.37
27.63,16.69
27.5,13.37
28.1,15.77
28.38,17.37
30.88,18.42
31.88,20.71
31.15,19.92
29.64,18.51
31.59,18.31
32.5,18.88
32.33,20.78
28.75,14.77
26.73,11.27
26.4,11.84
25.94,11.39
26.22,11.96
28.15,13.8
27.14,16.54
26.57,14.81
28.08,15.75
27.81,15.52
16.16,12.33
23.05,11.63
27.98,12.81
30.83,15.69
23.09,8.32
20.11,7.09
21.54,7.2
25.27,9.21
23.82,8.3
23.51,8.05
22.65,9.16
21.22,14.44
18.65,15.92
23.29,12.99
28.34,13.34
29.93,15.22
30.5,16.34
28.06,19.34
26.95,17.62
30.97,18.22
32.68,19.06
32.61,17.51
32.17,16.67
32.47,15.13
31.95,15.45
32.11,17.03
29.44,12.48
23.18,7.82
25.23,7.24
23.68,5.35
24.17,5.84
26.72,10.54
28.65,14.44
26.73,17.42
24.01,16.86
27.39,17.25
28.31,13.13
19.91,14.28
22.53,15.09
22.09,15.89
18.36,13.45
17.92,12.63
23.62,11.0
28.7,14.28
23.35,7.01
17.43,2.87
20.3,2.94
21.59,4.0
24.33,6.62
25.18,7.19
24.19,9.76
25.59,14.41
17.62,7.86
11.4,4.47
11.03,-0.37
17.5,-0.18
13.57,1.62
4.39,1.09
4.15,-1.5
8.48,-0.61
7.78,-0.74
15.74,1.88
20.21,12.71
16.95,7.02
20.1,9.46
23.51,9.51
12.42,6.72
9.48,4.44
11.74,-0.71
13.54,-2.07
3.64,-3.78
7.39,-3.7
8.88,2.06
8.28,0.31
11.72,0.22
9.94,0.71
5.7,-1.82
16.05,0.49
18.26,2.14
3.93,-3.76
10.01,-3.6
13.65,-3.03
5.68,-4.53
8.97,-2.61
14.49,-1.56
15.49,-2.15
12.68,-2.75
17.53,0.24
17.81,4.77
14.82,2.72
12.73,-2.25
12.31,-2.48
13.85,-1.58
15.57,-1.36
18.71,4.42
9.32,-2.3
7.59,-2.36
0.05,-8.39
0.33,-8.89
0.51,-6.56
4.01,-6.24
9.89,-4.05
0.32,-7.75
8.06,-5.94
0.94,-5.82
1.45,-4.27
10.56,-1.09
7.51,3.03
7.93,5.22
10.24,2.12
10.04,-1.48
13.02,-1.56
12.37,2.85
3.47,-1.26
1.83,-6.2
-1.58,-7.82
-4.86,-16.13
-8.55,-16.55
-4.75,-12.45
-3.25,-7.5
-5.13,-14.89
-8.62,-18.47
-11.13,-20.75
-7.5,-20.75
-3.34,-16.23
-6.77,-17.35
-7.77,-18.81
-6.38,-18.94
3.65,-9.93
3.59,-0.09
6.17,0.05
14.83,4.66
15.58,-2.37
-1.27,-9.89
-4.72,-16.31
-5.2,-16.4
-2.17,-16.31
-11.85,-17.71
-6.01,-14.43
0.58,-11.95
5.81,-6.51
9.88,0.91
13.08,7.45
13.78,2.42
3.76,-1.1
0.77,-5.22
9.1,-4.45
14.06,1.14
10.8,-2.55
11.7,-3.5
1.81,-5.61
1.38,-6.07
11.99,-0.81
6.7,-10.72
-3.81,-11.6
4.53,-6.34
3.94,-10.41
-1.73,-10.62
0.58,-4.28
0.24,-8.55
1.02,-8.16
11.17,-1.03
5.56,-0.57
1.66,-6.54
4.78,-6.86
7.35,-4.55
15.36,5.48
20.27,8.3
7.93,-1.5
2.88,-1.72
12.93,-1.54
23.26,12.75
25.56,10.52
11.24,3.85
11.76,4.27
16.31,7.59
15.35,6.58
9.64,-0.7
13.47,-0.84
16.8,0.42
13.55,10.0
14.35,0.16
9.82,-2.34
10.99,-1.94
11.51,-0.8
9.68,0.23
13.95,-0.58
4.05,-2.42
1.32,-4.52
7.63,-3.86
10.68,-0.61
7.19,-1.78
5.39,-3.77
6.18,-5.39
5.84,-4.91
15.41,-2.2
9.68,-2.3
9.33,-1.57
14.82,0.06
16.66,-0.04
2.55,-1.82
5.66,-4.12
8.86,-3.64
10.91,-1.38
2.56,-1.89
8.59,-1.54
15.25,3.12
14.05,9.89
14.63,10.04
14.61,5.17
10.63,0.49
15.96,1.28
9.66,-0.76
10.3,-0.35
23.17,1.02
3.31,-3.4
11.24,-2.08
15.29,-2.05
6.36,-4.53
6.59,-1.99
6.69,-1.56
7.14,-1.92
18.63,-0.15
26.77,13.23
26.87,15.85
20.89,10.59
11.63,0.65
2.57,-0.49
11.38,0.44
22.93,1.54
12.88,-0.76
16.69,1.52
18.55,5.54
20.04,8.87
14.85,9.72
13.57,10.57
19.46,4.66
20.42,4.24
21.72,6.23
14.89,0.05
17.41,0.71
23.51,5.42
27.6,14.29
29.0,18.49
25.56,17.88
26.3,13.77
19.93,11.92
27.71,9.69
23.43,8.12
26.03,9.89
28.76,15.49
29.21,15.01
30.45,18.53
29.85,16.98
31.47,18.28
32.69,20.01
31.81,18.75
26.44,16.48
28.69,17.51
23.74,18.29
26.01,17.11
31.11,17.95
30.01,18.45
29.89,15.26
28.02,14.2
28.66,13.8
30.86,18.03
30.63,18.3
32.57,18.58
33.2,20.17
31.09,21.6
27.11,20.44
29.21,19.59
29.58,18.28
30.86,19.75
27.44,12.77
24.99,12.2
28.7,13.86
26.81,15.41
31.22,18.25
32.17,18.26
32.9,17.74
25.77,18.09
25.92,18.7
28.06,19.77
29.2,14.51
29.03,15.34
31.41,18.57
33.84,20.9
34.12,22.16
33.4,22.67
32.92,21.17
30.77,21.49
27.0,18.91
25.01,18.28
24.89,17.65
27.85,20.11
24.08,20.01
26.03,19.45
28.93,18.34
30.66,20.03
31.98,20.24
32.83,22.69
32.99,22.57
32.22,21.88
31.67,22.14
34.55,22.75
34.17,21.48
28.26,13.35
27.52,14.63
31.48,17.92
32.99,20.02
33.2,20.52
29.98,16.1
29.51,15.9
31.91,17.25
33.16,20.87
29.46,21.16
30.28,19.58
30.76,15.21
29.94,15.45
30.3,17.87
29.83,18.44
25.2,18.9
26.76,16.75
26.06,16.63
29.07,17.46
30.45,17.15
29.94,16.33
27.08,14.48
27.39,15.07
27.66,17.96
24.23,18.71
24.62,17.47
27.11,16.06
29.54,16.94
30.5,19.47
32.03,19.64
32.86,20.2
32.49,20.36
30.0,20.66
30.06,18.52
29.75,18.77
30.41,19.79
30.4,17.18
30.39,16.97
29.93,16.34
31.11,19.23
25.56,19.59
27.37,20.45
28.24,19.88
29.14,18.53
30.35,19.37
28.7,20.16
27.42,17.39
25.46,11.78
26.73,12.37
24.28,14.07
29.18,20.43
32.46,22.02
32.6,21.68
33.03,21.52
31.39,18.87
29.08,17.52
30.85,18.8
29.83,19.83
32.18,20.73
33.33,20.88
33.62,20.52
32.99,21.01
30.94,20.62
27.83,18.55
19.45,15.2
16.5,13.96
19.95,12.67
22.72,13.2
23.72,14.96
30.15,16.42
31.04,17.33
31.48,19.25
29.69,20.03
30.47,18.75
32.92,18.75
33.04,19.37
33.52,20.75
31.01,15.48
17.02,13.74
24.43,13.82
21.92,17.07
25.37,19.09
21.94,11.41
16.61,7.57
22.9,8.62
22.69,9.44
27.27,11.39
29.63,13.78
30.28,18.85
30.82,19.14
27.09,17.13
31.41,18.74
31.58,17.99
31.69,18.19
31.42,19.48
30.73,19.42
24.85,11.53
16.03,2.1
12.5,2.47
12.5,3.21
12.97,7.16
12.5,1.09
12.1,1.17
16.45,-0.2
14.72,-0.48
14.08,0.52
17.33,-2.34
12.39,-2.15
19.2,0.74
17.77,0.41
14.61,1.0
14.14,2.87
9.86,5.68
12.91,3.62
18.66,2.87
16.86,2.29
20.97,5.61
18.61,7.8
10.95,5.11
9.77,0.66
14.22,0.46
16.4,7.4
16.08,8.53
15.54,3.31
12.8,-1.08
6.51,-0.05
6.76,-6.61
3.24,-6.97
6.91,-5.88
7.04,-0.35
2.0,-6.45
0.8,-6.34
1.4,-1.49
4.61,-1.63
8.18,0.53
10.78,0.78
5.98,1.63
3.88,-3.08
9.28,-3.75
11.47,-3.2
11.9,-1.13
13.75,0.38
15.85,0.23
2.22,-5.77
-3.63,-7.16
1.21,-7.68
7.41,-0.58
12.34,5.83
14.97,8.08
16.42,3.94
4.83,0.4
1.82,-1.88
0.53,-3.2
4.85,-5.7
3.95,-6.64
-1.8,-6.05
4.97,-7.52
1.75,-9.03
7.68,-7.31
11.41,1.05
10.28,4.78
10.15,6.16
8.69,3.25
10.96,-0.83
10.36,-3.13
8.02,-3.47
12.92,-1.56
8.53,5.17
6.68,-0.25
5.29,-1.61
3.31,-3.04
7.81,-3.33
8.65,-3.9
9.59,-3.67
14.09,4.81
13.73,-0.2
2.34,-2.71
7.16,-2.94
17.3,4.66
5.8,3.2
4.87,0.23
5.1,-0.96
10.22,-0.08
12.46,-0.13
12.75,0.06
14.5,8.12
16.19,-1.4
-0.23,-6.48
-0.62,-7.09
1.13,-7.14
1.82,-1.52
0.95,-3.55
1.04,-7.1
1.37,-3.89
2.77,0.61
5.3,1.08
3.15,0.29
4.16,-10.1
-6.27,-16.68
-6.16,-16.52
7.87,-7.94
10.53,-4.57
0.02,-11.72
-2.55,-11.9
2.33,-3.63
-0.04,-5.67
8.9,-9.81
-5.57,-16.65
-14.86,-19.91
-6.84,-18.6
1.59,-7.37
10.67,-3.06
18.18,2.96
13.71,3.72
12.49,3.38
14.67,9.23
17.06,-6.99
-2.36,-10.01
-0.18,-9.75
2.79,-3.71
9.98,1.56
11.52,-4.07
3.99,-3.83
13.54,0.72
1.97,-3.99
3.09,-4.56
0.88,-2.14
0.39,-5.1
2.43,-5.32
8.36,-1.34
7.63,-1.91
6.3,0.72
14.9,4.38
7.32,-5.15
5.35,-5.54
11.09,-3.32
14.93,-1.64
1.56,-1.02
4.02,-0.84
5.07,-0.61
0.67,-11.47
-6.18,-13.38
-3.49,-12.55
-0.48,-10.62
1.99,-3.89
3.59,-0.52
15.72,1.63
10.09,-0.08
11.25,-2.37
10.48,-2.43
20.92,6.48
22.05,6.48
7.18,-0.95
9.45,-2.64
11.9,-3.14
9.63,-3.38
10.88,-2.69
13.29,2.25
7.77,1.47
11.59,-2.91
13.95,-2.25
13.98,5.51
9.6,-1.94
9.56,-2.44
15.65,-1.54
21.8,5.46
17.21,11.21
15.69,-1.45
4.17,-4.66
8.69,-3.31
15.27,-0.71
17.07,2.67
21.67,8.86
15.77,8.87
20.61,9.6
20.66,12.07
23.16,9.75
21.39,6.05
21.78,7.84
27.15,9.89
19.35,4.91
19.21,6.08
21.42,1.79
12.53,2.02
24.86,7.11
24.72,13.12
22.71,5.81
7.96,2.85
6.91,1.95
21.0,3.98
25.26,9.84
25.09,9.58
20.31,9.85
20.3,8.28
18.27,5.27
16.57,5.23
13.04,5.31
24.99,7.31
26.54,12.95
26.83,14.05
22.97,15.64
21.88,14.42
16.18,9.91
21.97,7.82
24.75,9.54
26.22,11.61
28.3,14.1
23.53,11.28
14.31,6.67
18.36,7.24
11.41,7.87
14.44,5.36
20.69,7.2
21.56,9.23
25.86,11.95
29.83,16.1
30.57,18.86
24.29,13.31
21.89,9.13
20.03,9.95
25.71,17.53
29.48,18.34
31.32,18.95
30.38,20.24
29.63,16.85
29.09,18.88
30.35,21.61
26.75,17.32
25.0,16.77
26.11,14.51
27.51,16.53
26.39,8.83
24.48,11.26
26.98,15.75
30.0,17.86
28.49,18.82
25.84,18.85
24.57,19.09
25.87,19.47
23.69,9.86
24.42,10.81
24.91,13.23
20.43,7.81
24.13,11.65
24.99,17.19
26.6,18.41
26.92,19.11
26.73,19.06
28.06,19.61
23.39,14.89
25.74,16.13
24.8,17.13
28.78,18.41
25.14,16.81
28.59,17.55
31.41,19.18
30.94,18.84
31.92,19.86
32.46,21.33
32.89,18.83
31.58,20.05
33.0,20.45
30.56,19.67
31.48,20.3
32.6,21.56
30.73,21.29
31.5,20.13
29.89,18.11
32.0,19.29
33.16,21.45
31.6,17.44
29.69,14.92
31.95,17.2
32.47,20.68
31.06,22.03
30.52,22.08
31.11,21.63
33.17,23.35
33.12,22.78
33.53,22.97
33.03,21.65
25.71,14.64
26.77,13.67
26.63,13.23
27.89,14.65
29.37,15.68
30.62,17.95
31.16,19.1
30.83,19.64
29.74,18.06
28.76,16.31
30.12,17.47
30.02,16.28
30.35,15.43
31.14,16.35
32.08,17.43
30.59,18.58
29.81,17.45
31.27,18.24
30.75,15.31
29.34,14.71
30.36,17.44
28.79,20.8
30.24,19.44
31.7,16.55
29.11,15.9
30.44,17.81
30.12,19.84
33.29,19.5
33.76,20.3
32.33,18.75
30.53,19.75
26.66,18.89
24.14,12.71
25.59,13.34
27.58,14.85
22.01,20.3
26.6,14.98
26.33,12.18
28.31,14.17
29.81,19.1
25.03,17.51
29.83,17.9
28.33,15.52
30.17,17.43
28.95,13.71
25.61,12.66
28.49,14.12
24.04,12.26
25.34,14.58
30.36,16.18
34.48,18.4
32.82,19.15
32.92,19.88
33.08,15.72
27.82,13.36
30.73,15.52
32.09,17.1
29.2,14.93
30.28,15.3
30.93,15.89
30.76,18.01
31.22,16.34
31.26,17.61
27.93,9.67
26.08,10.16
29.62,13.3
25.97,9.72
32.52,12.35
32.36,18.37
33.05,18.17
33.98,16.52
33.73,17.75
33.55,17.43
31.66,10.28
22.14,8.03
26.95,8.63
22.26,12.3
20.27,5.25
22.92,6.01
23.55,6.96
27.18,11.52
21.95,1.03
13.86,0.55
20.56,1.81
20.38,2.51
23.71,4.64
10.76,1.52
15.5,0.99
17.75,1.57
22.22,3.66
24.04,9.5
21.67,9.66
16.46,2.6
18.96,2.65
19.18,7.61
14.78,8.89
18.5,9.97
18.36,3.44
19.17,4.39
15.96,9.1
13.17,9.38
9.84,-2.62
8.6,-2.75
11.13,-2.24
12.29,-1.6
15.82,2.82
11.19,-1.38
12.47,-0.63
6.36,-6.7
2.48,-6.85
8.83,-2.46
17.79,3.97
12.1,-9.88
-5.02,-13.07
-0.01,-11.66
6.34,-5.52
6.53,-5.38
8.14,-4.08
8.63,-3.64
5.68,-0.79
7.13,-1.18
8.27,3.58
12.6,4.39
7.56,-1.55
3.83,-0.51
10.02,0.16
14.87,2.25
15.13,5.5
13.67,1.31
3.72,1.22
6.45,2.35
13.94,3.2
9.81,0.79
2.53,-0.6
4.4,-0.56
10.36,-2.2
11.65,-2.6
9.79,-4.14
7.66,-4.47
13.73,-1.27
13.83,-2.35
-1.41,-7.64
3.54,-7.32
7.15,-4.91
8.02,1.08
6.39,-1.2
1.67,-1.74
1.34,-1.01
2.48,-5.87
-0.79,-9.72
4.18,-8.57
7.86,-5.32
11.32,-3.5
12.65,-3.23
15.47,-1.81
16.28,-1.57
18.67,-0.75
17.53,8.68
15.2,6.27
16.06,6.85
16.54,4.81
5.59,1.19
2.88,-0.07
9.29,-0.56
10.68,6.24
10.76,3.42
4.11,-2.08
9.36,-2.49
8.85,-2.41
9.13,-1.94
5.3,-2.55
14.23,-2.09
17.49,10.1
18.38,2.07
5.58,1.12
7.79,1.52
10.62,-0.52
13.51,0.9
5.13,-5.02
3.32,-4.55
11.02,-8.27
-7.14,-10.11
-3.1,-8.81
0.21,-8.78
3.78,-8.05
8.75,0.3
7.77,1.28
1.93,-0.61
7.18,-2.8
3.54,-2.36
1.79,0.09
2.63,-0.17
4.33,0.03
3.81,0.13
6.11,0.06
17.64,1.42
20.72,4.49
14.41,0.29
3.23,-0.35
0.48,-2.8
1.56,-2.93
2.19,-4.42
10.67,-3.11
6.8,0.46
5.55,-1.46
2.71,-0.88
2.78,-12.35
-4.24,-12.88
7.66,-9.54
10.67,-1.63
12.16,0.22
10.47,-3.46
6.65,-3.73
1.6,-9.16
3.35,-9.04
9.75,-5.82
13.42,1.5
7.21,4.82
7.8,1.95
3.15,-3.56
2.6,-3.93
2.89,-6.47
4.04,-6.74
17.48,-2.32
12.45,8.57
14.62,0.75
16.16,-0.84
15.59,-0.32
2.92,-4.85
10.21,-4.77
18.4,0.24
17.74,9.42
13.71,5.37
11.11,3.76
16.54,3.91
11.35,2.11
5.96,0.98
7.41,1.1
9.05,3.5
12.42,3.58
15.76,5.14
20.24,11.85
21.57,0.17
3.53,-1.51
6.09,-1.1
11.85,2.6
11.69,3.13
17.09,3.7
20.8,6.84
24.5,12.66
25.9,16.29
18.85,7.56
16.6,5.15
8.48,4.05
12.16,0.18
16.77,2.04
21.26,6.54
20.83,7.16
15.53,7.07
21.65,8.56
26.19,13.99
27.34,6.96
12.77,0.12
11.07,0.67
17.07,5.61
16.65,8.31
9.53,0.4
8.74,-2.96
10.83,-4.04
10.13,-0.38
10.97,0.72
12.94,1.21
14.62,3.06
18.87,4.88
14.54,0.12
21.95,3.47
13.5,9.84
19.76,7.54
18.91,6.53
16.03,1.82
19.5,5.08
24.27,13.46
18.0,6.89
10.05,5.81
20.39,6.72
27.95,13.27
22.55,6.6
21.45,7.84
9.25,4.62
15.77,3.36
19.74,7.29
12.85,-2.05
13.59,0.36
18.38,3.15
10.76,2.01
16.01,4.67
13.83,8.62
27.58,13.54
24.2,16.07
27.05,17.36
25.25,15.78
19.88,14.21
19.14,11.98
14.55,11.56
18.29,12.49
25.23,14.02
28.4,17.08
30.23,17.66
30.82,17.87
29.91,19.16
25.78,18.5
27.38,17.59
24.7,12.93
23.19,11.08
22.53,7.92
25.19,12.57
31.02,18.29
31.51,20.32
29.28,17.92
30.54,18.49
32.78,16.07
29.42,16.08
30.73,18.79
28.87,22.84
31.22,15.03
27.38,13.11
29.63,12.85
26.96,13.01
24.23,10.96
25.37,12.91
27.5,14.01
28.62,14.57
28.94,16.2
31.44,17.55
32.6,18.33
28.67,19.04
30.19,19.58
26.37,16.58
27.33,14.49
29.08,16.83
31.24,21.24
25.91,20.07
27.51,21.02
30.71,20.32
29.48,20.15
31.66,20.12
31.89,18.7
32.54,19.78
33.81,20.18
33.79,20.8
32.86,20.55
33.34,21.09
32.51,20.58
33.43,21.23
30.15,18.8
31.84,17.17
28.42,16.16
28.45,15.8
30.69,16.83
31.86,20.09
26.98,17.95
30.83,19.7
32.85,22.75
33.46,21.39
31.84,21.06
32.26,20.46
29.4,21.08
29.74,18.65
30.48,17.69
31.24,19.02
33.17,21.74
32.08,20.51
30.37,18.09
31.27,20.07
23.44,19.63
25.68,19.51
26.78,17.16
26.73,17.14
27.21,16.85
24.92,12.32
24.39,13.39
25.93,14.1
26.88,13.23
28.61,15.61
30.52,18.43
29.66,19.32
29.04,19.62
28.56,20.05
29.97,20.46
27.77,18.94
30.21,18.7
28.27,16.23
29.69,17.29
24.84,13.85
25.63,13.01
26.72,13.58
27.73,16.65
27.79,18.2
29.06,18.84
31.04,19.94
32.22,20.25
31.11,21.44
28.46,22.38
28.67,20.7
29.37,14.05
26.34,15.74
26.49,17.84
27.39,19.79
27.38,19.9
28.84,15.2
26.07,9.39
27.14,10.9
27.03,15.38
29.58,17.17
30.6,16.4
30.72,16.7
29.78,18.08
23.01,17.45
28.46,17.64
27.45,14.07
26.02,11.52
23.06,8.87
25.95,9.21
27.23,10.7
20.01,6.01
20.42,4.69
22.98,5.51
23.91,6.69
23.99,8.35
22.54,9.77
24.51,10.65
26.15,11.58
24.63,13.76
26.22,13.95
18.68,6.57
17.89,6.63
24.77,5.04
20.2,2.13
17.21,3.3
18.56,6.61
16.22,-0.43
17.59,0.79
22.96,4.54
29.15,6.82
26.24,7.3
27.9,9.13
23.59,15.61
26.29,15.39
25.01,4.38
21.13,4.37
25.81,6.02
17.11,-0.69
14.75,-1.51
17.23,0.19
16.46,8.97
12.4,7.47
17.09,8.44
20.77,11.7
27.42,12.66
25.47,6.58
12.78,5.82
10.91,6.13
9.47,6.83
10.93,6.87
12.13,8.15
11.08,3.38
10.2,-1.27
14.91,0.23
10.89,-3.24
9.97,-2.72
18.45,0.31
22.11,5.36
19.85,4.07
21.44,3.52
23.36,3.82
26.59,9.66
25.99,10.96
25.2,11.32
13.06,-0.37
13.13,-0.36
13.27,-2.19
16.92,-0.34
13.78,1.66
13.55,1.37
6.92,-2.13
10.12,-2.03
18.6,6.16
17.56,8.49
10.34,6.31
9.49,1.29
9.72,1.57
11.12,4.31
15.0,7.82
10.6,7.24
12.64,-0.65
9.63,-2.55
11.74,-2.24
2.82,-2.33
1.42,-5.99
6.93,-5.89
6.98,-3.61
7.31,-2.34
7.29,-3.82
3.79,-3.51
1.41,-1.37
2.87,-0.75
13.87,-1.36
16.49,-1.21
18.03,4.86
16.12,3.72
5.75,1.81
2.24,-6.26
2.23,-5.88
1.43,-1.5
0.43,-5.54
3.54,-5.79
5.71,0.44
6.94,0.6
9.52,0.33
8.06,-0.88
13.43,-1.6
-1.48,-11.0
-7.86,-11.65
3.85,-9.81
12.09,-1.54
3.19,-3.28
5.83,-3.75
11.3,-2.28
0.63,-2.42
10.49,0.3
3.88,1.21
2.6,-2.78
8.01,-2.48
2.07,-0.31
3.08,-0.91
3.84,-0.69
0.65,-2.12
0.24,-6.6
0.11,-6.37
-1.52,-4.4
3.43,-4.24
8.43,-2.07
9.34,-0.19
6.01,-1.48
1.58,-1.5
1.37,-1.79
2.83,-1.88
7.24,-2.78
3.72,-3.34
10.71,-1.85
3.2,-9.48
2.06,-9.64
1.43,-1.26
3.97,-0.36
7.42,-0.7
0.71,-8.29
-0.67,-10.53
1.54,-10.4
3.88,-3.37
5.91,-2.24
-0.5,-5.77
1.09,-6.11
3.27,-5.37
4.24,-3.92
3.66,-5.74
2.64,-11.04
-4.45,-12.39
1.66,-8.48
-0.4,-5.67
-3.29,-7.18
-2.82,-7.36
-1.66,-6.48
-2.26,-9.97
-3.34,-10.58
-6.8,-11.65
-6.49,-16.43
-3.83,-15.55
-0.96,-11.99
-1.76,-14.25
0.95,-11.04
8.31,-8.12
4.92,1.21
13.41,0.88
17.13,-2.08
8.88,-2.1
7.62,-0.15
12.89,6.24
16.91,1.9
8.59,-4.61
7.49,-4.67
17.4,-1.82
11.89,-3.81
8.88,-4.63
9.46,-3.91
11.44,-3.46
18.56,-1.26
19.57,1.24
21.13,9.26
18.59,6.94
15.88,4.73
13.03,-0.37
10.46,1.14
5.59,1.0
15.13,3.05
17.31,5.55
16.38,-0.22
11.04,-2.22
16.3,-2.11
19.43,0.89
19.77,4.4
19.69,8.82
22.45,6.78
17.88,7.91
14.29,4.34
23.4,5.76
11.59,-1.44
15.32,-0.37
23.23,5.36
11.6,-1.95
5.22,-5.64
9.36,-4.46
18.2,0.11
23.92,5.68
25.01,7.58
25.82,9.42
27.04,12.13
21.21,10.74
26.86,10.97
18.57,8.85
11.54,8.11
20.29,8.06
19.1,8.9
17.19,2.69
14.02,0.61
16.94,2.22
14.46,1.82
17.75,2.77
20.02,2.58
17.12,-1.56
8.85,-1.65
12.93,0.32
16.02,3.08
11.89,6.31
17.59,3.19
24.23,6.43
27.79,16.49
25.89,17.14
20.82,9.59
22.16,2.27
23.06,4.68
24.97,13.66
22.79,15.5
21.17,8.63
17.17,3.41
17.8,3.77
18.0,1.89
15.56,4.54
16.75,2.18
16.66,4.25
16.36,3.89
17.51,3.17
19.75,4.2
21.57,5.03
22.63,10.01
21.56,12.81
22.2,14.35
25.68,15.11
27.18,15.73
28.91,15.24
28.78,13.48
29.74,14.83
30.38,15.88
31.14,16.2
31.17,18.12
25.55,17.42
27.51,17.7
22.68,7.64
14.48,4.53
20.0,6.47
23.49,10.67
23.91,14.38
18.93,15.95
22.34,14.07
29.42,14.84
29.39,16.65
27.88,19.25
27.74,20.25
25.03,20.7
25.55,20.65
27.54,20.14
30.61,19.27
33.21,19.89
31.66,15.1
31.39,13.73
27.56,13.41
27.36,13.5
29.84,15.64
32.65,18.81
28.37,18.13
30.82,21.6
27.6,12.51
22.41,10.8
25.37,13.01
28.0,18.69
27.58,22.07
30.09,21.68
31.56,21.04
32.44,21.11
34.01,21.2
28.91,20.49
26.04,14.53
24.71,13.27
26.12,14.73
30.11,18.32
31.49,19.66
31.94,19.36
30.9,20.94
28.21,16.82
24.45,16.5
26.25,17.95
25.91,20.18
28.1,20.97
27.41,18.86
29.15,19.98
31.1,20.61
28.63,20.52
27.25,19.17
27.67,17.26
28.32,17.45
29.07,17.7
27.73,17.29
27.93,16.88
29.19,17.68
30.44,19.17
30.95,21.29
31.84,17.48
31.3,18.24
31.09,19.85
31.3,20.37
27.9,17.13
22.77,14.29
27.43,12.72
26.29,13.61
27.41,13.78
28.18,14.95
29.42,16.32
28.85,18.23
30.64,18.86
31.2,19.66
26.48,21.6
32.89,23.28
32.79,24.11
34.09,21.13
30.7,20.72
28.62,19.13
24.52,18.64
28.02,19.64
29.33,19.51
31.08,20.63
30.3,19.39
31.36,19.41
31.58,19.28
32.95,20.05
33.43,20.52
33.87,21.42
31.2,20.31
34.03,20.56
33.71,20.55
33.27,21.32
32.84,21.39
26.64,20.1
26.4,18.7
26.66,13.46
26.27,13.39
26.18,14.31
26.2,17.87
26.54,12.95
28.86,13.5
29.09,16.83
27.51,12.54
25.51,12.01
26.22,12.54
27.88,15.6
29.6,18.06
30.22,18.4
30.67,19.75
24.99,14.95
28.31,15.69
30.9,17.37
31.85,18.4
29.81,18.96
23.29,18.68
24.61,13.97
15.34,9.64
19.65,7.15
23.25,8.05
21.47,7.63
24.24,8.41
29.11,14.49
29.36,15.36
29.59,15.15
28.04,13.38
27.05,13.6
24.61,15.75
24.48,16.32
23.2,15.1
25.9,16.06
24.9,17.05
24.69,16.0
26.37,14.4
28.73,14.44
28.94,18.25
27.75,17.87
20.39,11.61
24.86,12.46
28.26,18.85
25.02,9.72
17.25,5.02
20.32,4.76
21.94,5.13
21.97,6.1
23.07,7.39
21.11,10.02
12.91,7.42
16.22,7.39
24.01,12.61
16.56,8.56
14.47,1.81
15.59,1.88
12.69,8.68
16.57,10.6
13.61,9.24
17.48,2.88
12.48,2.15
9.81,-2.42
9.82,-2.54
10.81,-2.56
12.02,-2.44
14.7,-1.47
17.6,-0.77
21.23,2.05
17.59,3.76
20.96,6.1
16.83,2.93
10.68,1.61
4.57,0.42
5.66,-2.74
5.21,-2.35
16.92,-0.11
19.25,4.28
8.75,-3.83
6.1,-4.32
12.54,-1.24
8.08,-1.49
4.78,-6.3
5.94,-6.39
13.24,-0.44
8.94,-4.14
1.55,-4.66
10.01,-0.17
8.15,-5.52
7.48,-6.0
13.38,-0.13
11.8,3.44
18.78,1.88
17.99,1.6
12.9,0.79
17.39,2.43
6.74,-5.54
-1.6,-5.42
5.76,-5.25
14.87,-1.23
19.26,9.52
17.19,-2.41
9.1,-2.85
12.39,-1.66
14.38,-1.03
18.53,11.71
16.75,-0.7
8.68,-0.78
11.98,-1.57
1.9,-5.28
6.66,-5.3
7.88,-4.77
3.08,-5.24
11.69,-3.65
17.81,9.12
20.96,7.58
15.82,6.4
20.84,5.78
12.72,4.39
9.94,5.64
9.45,5.8
17.81,8.75
14.5,3.01
2.56,-4.99
1.24,-6.4
6.26,-6.02
6.4,-8.58
-6.52,-12.94
-6.67,-13.27
6.43,-10.72
6.41,-8.43
0.73,-10.11
1.89,-10.0
10.48,-0.95
8.42,-1.32
2.36,-2.63
0.69,-6.22
1.55,-6.28
-1.67,-4.65
6.66,-4.92
9.92,-6.91
-3.36,-8.5
-2.79,-12.83
0.53,-12.74
3.14,-7.06
5.6,-7.23
-1.21,-14.31
-4.25,-14.81
2.38,-9.36
-0.64,-15.82
-2.61,-16.08
5.52,-7.08
5.44,-6.46
16.48,-0.06
8.17,-1.31
-0.64,-6.91
-3.85,-11.54
-4.67,-12.45
3.65,-9.84
2.22,-9.16
9.21,-7.95
11.45,-1.32
6.99,-2.44
12.95,-1.88
-1.27,-7.96
-1.35,-9.18
1.07,-9.33
13.22,-7.18
17.41,8.34
13.27,-5.2
2.03,-5.92
1.2,-6.14
15.38,-4.24
18.21,4.35
16.78,-2.02
-1.08,-2.76
2.89,-1.74
0.21,-3.78
3.65,-5.32
10.04,-5.23
11.82,-3.72
19.43,2.32
21.2,2.2
8.77,-1.02
13.86,-1.11
23.8,7.21
21.82,10.81
15.3,0.38
4.81,0.35
10.42,-0.75
11.69,-0.66
8.05,-8.5
-1.83,-8.8
11.67,-3.33
18.47,2.7
20.13,3.02
22.03,2.98
22.79,4.8
17.78,8.31
9.1,2.17
17.93,1.75
21.84,3.56
19.35,9.4
19.93,6.5
11.61,4.66
7.67,2.84
5.95,-2.47
6.98,-5.39
7.09,-5.0
9.07,0.76
26.58,7.8
8.31,1.24
6.91,-2.88
13.25,-1.86
16.01,0.94
16.25,5.87
14.23,6.53
14.2,5.85
11.91,2.39
9.24,1.28
8.0,-1.75
18.55,-0.51
18.21,10.8
22.47,11.15
21.31,4.0
16.75,3.81
21.67,7.67
17.76,1.84
11.24,2.02
7.55,0.86
12.07,1.38
19.71,6.78
18.98,7.99
26.48,10.2
29.27,15.47
28.54,17.69
19.3,3.47
15.02,2.27
19.3,3.78
19.46,7.7
22.73,12.04
26.56,13.52
22.9,6.59
22.48,8.95
26.09,10.36
15.47,10.4
16.81,12.43
22.37,9.79
17.77,8.17
22.01,9.55
26.36,12.53
29.5,17.29
31.14,13.29
30.48,14.59
29.76,14.99
29.69,13.88
30.28,12.88
25.67,11.3
28.32,13.11
22.23,14.56
28.01,15.49
30.83,19.86
29.2,17.09
20.19,11.0
19.01,10.35
24.29,12.18
29.15,18.17
22.93,14.53
20.52,11.08
22.8,12.12
27.84,14.36
30.95,17.96
31.27,19.07
30.8,19.11
24.48,12.77
27.06,11.91
28.49,12.67
28.73,15.37
27.78,18.32
27.46,16.33
28.56,14.11
25.65,14.26
22.14,14.44
26.19,15.29
29.74,19.69
33.7,23.7
34.43,23.6
34.05,23.88
33.31,24.35
30.46,15.81
26.31,11.73
26.67,12.54
30.78,13.79
33.62,18.13
34.54,16.97
30.31,15.37
31.05,16.02
30.91,18.09
28.82,15.19
26.74,10.89
26.27,10.36
29.68,14.04
33.05,20.2
33.15,21.24
30.58,19.46
30.78,18.19
32.89,20.9
36.1,24.14
34.77,22.9
27.68,21.82
25.87,20.47
26.32,16.12
29.66,16.92
30.72,19.54
30.58,17.23
30.4,18.25
29.68,16.41
29.02,20.17
31.59,21.42
25.02,20.85
28.84,19.9
31.03,21.18
33.5,20.31
31.57,19.79
33.03,21.04
31.42,22.86
32.06,22.15
27.12,19.72
25.59,19.21
28.75,21.12
30.55,20.78
27.34,15.61
27.41,17.25
26.84,19.01
29.81,19.92
27.9,19.29
32.73,20.9
28.5,20.84
28.44,21.27
31.46,20.99
32.0,21.18
32.25,22.04
29.91,21.29
28.0,16.76
29.22,15.8
25.62,13.5
27.22,15.46
26.52,18.66
26.93,15.83
27.93,15.66
27.97,15.47
29.4,15.51
30.2,16.79
29.55,18.7
27.2,17.66
27.19,15.96
28.39,14.54
29.45,14.87
29.92,16.08
30.04,18.06
30.28,18.87
33.03,20.91
32.2,20.33
29.37,14.29
27.87,13.55
29.75,15.42
30.33,17.96
24.62,18.82
26.87,19.56
27.81,19.83
26.12,15.99
26.72,13.58
26.19,13.34
29.02,15.63
29.06,18.48
25.74,13.52
22.37,12.23
21.46,12.51
26.87,13.12
28.3,13.1
28.42,14.0
28.96,14.41
29.47,16.01
28.81,16.02
31.59,16.67
34.67,16.57
21.94,6.31
19.86,8.05
25.63,12.39
24.03,10.45
21.03,5.4
19.78,3.66
16.72,4.39
20.07,5.45
21.66,6.23
23.45,6.76
21.98,6.65
21.52,3.3
22.36,3.26
24.69,5.13
24.4,8.24
16.69,0.46
14.9,-0.12
18.25,1.56
23.19,5.6
24.11,7.81
23.82,6.06
18.14,1.39
20.01,2.34
17.84,3.11
22.07,4.23
9.89,0.97
6.97,-0.38
12.29,-2.09
15.14,-0.77
22.65,5.45
25.25,10.41
25.4,9.75
25.33,10.76
22.62,7.9
12.38,0.16
14.75,1.11
19.42,3.07
21.04,4.26
16.01,9.38
17.43,12.22
19.97,7.53
18.0,6.44
22.74,6.35
24.51,11.41
21.4,7.64
21.7,5.61
19.48,6.42
17.64,5.21
23.52,5.32
22.51,8.27
17.55,-0.73
0.21,-2.08
3.35,-2.03
6.76,-1.81
5.4,1.44
3.52,-1.94
0.39,-3.29
1.5,-7.94
2.26,-8.23
1.89,-8.19
9.67,-5.02
13.86,-3.92
15.15,-2.94
17.07,-1.57
12.89,-3.27
12.83,-3.43
12.78,5.29
8.14,4.83
16.21,0.47
3.54,-6.26
4.33,-6.91
13.78,1.78
11.86,-6.27
5.58,-6.67
7.59,-3.4
11.36,6.0
10.46,4.99
7.67,4.71
9.2,5.12
8.39,4.64
7.99,2.08
7.67,-0.53
8.54,-0.52
12.39,4.93
7.24,1.09
4.51,-0.85
1.12,-4.42
1.37,-7.56
1.19,-7.4
7.39,-5.63
6.73,-5.27
6.67,-21.92
-16.15,-22.3
-8.47,-16.67
-6.46,-14.29
-2.98,-8.92
-0.27,-4.84
10.03,-3.66
14.31,8.77
16.02,8.4
