20170101
8.54,-0.82
13.01,6.13
13.36,-3.83
-1.44,-6.64
-5.16,-13.26
-9.12,-15.71
-7.71,-16.33
-5.22,-15.11
5.25,-6.22
12.86,-0.94
18.26,0.19
18.96,-0.76
2.19,-0.56
3.39,0.93
4.16,0.89
14.97,4.28
15.3,3.41
5.69,1.65
11.24,3.14
14.75,7.79
18.51,6.16
15.68,6.82
8.94,3.25
7.87,2.13
15.31,1.62
2.93,-1.06
2.28,-4.06
2.73,-4.0
0.78,-6.62
7.23,-7.41
8.06,2.81
6.9,-2.16
2.58,-4.93
-0.31,-10.48
4.88,-10.85
11.38,-1.38
16.39,-0.44
16.12,3.0
6.59,-4.49
-1.54,-8.29
13.28,-4.29
18.6,9.08
16.38,-2.8
9.73,-2.63
11.93,1.85
7.82,-1.71
10.65,-0.36
19.76,4.6
17.37,6.7
16.15,2.48
20.62,3.51
18.63,9.97
20.92,12.12
20.68,13.51
24.84,2.2
2.56,-5.91
8.97,-5.15
11.43,5.14
18.75,8.63
15.89,0.57
8.16,-1.82
4.64,-2.46
12.26,-1.15
19.72,0.19
17.72,9.6
14.12,5.49
16.31,3.16
21.46,1.43
6.9,-3.14
3.39,-5.59
4.53,-5.06
3.53,-4.18
0.87,-6.78
2.26,-7.63
6.88,-5.91
9.64,1.86
6.91,-0.09
11.11,1.13
19.36,5.71
17.43,-0.08
7.2,-1.4
15.28,-0.85
24.3,13.3
25.09,13.53
19.05,6.75
20.24,7.76
16.17,9.15
17.42,9.02
24.89,10.92
13.04,4.56
10.69,2.4
19.59,4.35
21.76,12.04
20.47,8.71
23.66,4.95
9.76,1.48
14.34,-0.43
19.7,3.04
25.73,10.24
26.4,15.18
19.22,5.26
21.46,6.32
27.06,8.26
28.64,12.34
28.46,17.25
26.75,12.77
21.85,9.67
25.71,12.01
27.93,16.99
27.54,10.11
15.97,7.55
13.4,5.52
19.97,6.37
24.43,9.07
24.69,11.81
28.97,15.32
18.02,7.18
21.39,9.42
27.41,15.3
25.39,12.73
17.14,7.91
19.71,4.79
13.53,7.19
13.95,7.7
11.86,4.75
17.49,3.52
18.3,1.54
18.98,5.17
22.81,11.66
29.56,14.43
21.3,12.0
19.45,7.37
24.24,11.19
27.98,13.1
28.72,14.27
29.83,17.17
28.87,20.59
29.13,18.37
28.63,16.15
27.8,16.02
25.39,8.78
22.47,9.77
23.87,13.46
18.09,12.92
18.8,10.28
26.75,14.76
28.87,16.69
24.38,15.14
28.53,13.5
27.42,12.82
27.51,10.88
27.18,10.75
29.22,12.45
31.13,14.65
31.02,18.57
30.59,15.31
25.5,12.14
21.21,9.93
24.52,11.15
28.65,14.29
29.94,15.78
31.42,18.68
32.99,20.83
31.47,19.22
31.85,19.29
28.6,18.59
31.17,18.85
31.16,21.01
28.38,16.58
27.85,14.98
29.78,16.95
32.41,20.01
27.64,21.07
25.31,16.41
26.08,12.02
26.2,11.38
24.62,10.74
24.34,11.12
27.69,15.81
31.08,20.64
29.31,19.72
29.28,17.07
30.23,17.0
30.9,19.19
30.15,19.47
29.24,20.66
26.07,18.58
31.15,17.07
28.34,14.47
29.47,17.62
30.05,22.47
27.35,19.92
32.3,21.96
30.86,21.82
29.67,15.47
28.43,16.0
30.2,17.6
31.05,19.51
31.69,18.12
31.34,19.81
32.63,22.48
33.75,23.58
34.01,21.12
29.69,19.58
29.89,16.96
28.04,16.42
30.58,18.36
29.34,22.56
28.43,15.92
26.25,13.28
28.45,15.25
30.06,17.63
29.36,17.98
29.5,17.26
30.3,18.96
24.39,10.93
25.53,13.25
22.47,16.88
25.36,13.96
27.16,11.53
27.61,13.63
29.45,15.45
27.7,16.69
27.54,13.39
28.14,15.81
28.36,17.21
30.91,18.47
31.99,20.8
31.31,20.12
29.66,18.49
31.57,18.28
32.43,18.9
32.32,20.8
28.96,14.83
26.76,11.21
26.4,11.77
25.91,11.32
26.23,11.99
28.21,13.81
27.03,16.62
26.6,14.75
28.04,15.69
27.84,15.38
16.16,12.2
22.92,11.55
27.93,12.8
30.83,15.9
23.11,8.28
20.14,7.01
21.52,7.14
25.27,9.22
23.84,8.07
23.5,7.87
22.62,8.98
21.24,14.35
18.64,15.82
23.27,12.93
28.31,13.26
29.89,15.02
30.49,16.24
28.14,19.25
26.96,17.55
30.94,18.21
32.67,18.99
32.6,17.36
32.18,16.5
32.53,15.17
31.95,15.42
32.13,17.02
29.51,12.51
23.22,7.8
25.25,7.14
23.55,5.6
24.1,6.21
26.69,10.75
28.54,14.49
26.95,17.29
24.18,16.72
27.48,17.16
28.23,13.41
20.03,14.51
22.66,15.32
22.24,16.03
18.59,13.49
17.94,12.44
23.73,11.07
28.66,14.13
23.58,7.06
17.43,3.02
20.33,3.15
21.42,4.25
24.32,6.69
25.17,7.36
24.21,9.9
25.61,14.33
17.63,7.89
11.6,4.65
11.04,-0.11
17.57,0.02
13.86,1.7
4.45,1.05
4.1,-1.5
8.74,-0.6
7.86,-0.65
15.76,2.08
20.3,12.93
17.0,7.18
20.05,9.47
23.68,9.53
12.45,6.79
9.44,4.57
11.7,-0.72
13.57,-1.92
3.7,-3.93
7.36,-3.67
9.22,2.12
8.37,0.74
11.69,0.51
9.95,0.8
5.68,-1.62
16.03,0.57
18.25,2.25
3.82,-3.92
9.96,-3.64
13.69,-2.81
5.73,-4.48
9.17,-2.82
14.45,-1.5
15.54,-1.96
12.61,-2.59
17.47,0.42
17.78,4.78
14.83,2.84
12.66,-2.23
12.44,-2.46
13.79,-1.58
15.4,-1.4
18.74,4.51
9.67,-2.35
7.59,-2.41
0.29,-8.33
0.26,-8.9
0.15,-6.71
3.92,-6.37
9.81,-4.14
0.41,-7.82
8.12,-6.03
1.13,-5.86
1.36,-4.23
10.7,-1.1
7.6,3.01
7.98,5.23
10.35,2.23
10.14,-1.45
13.33,-1.57
12.53,2.98
3.73,-1.22
1.74,-6.2
-1.77,-7.69
-4.69,-16.05
-8.7,-16.43
-4.89,-12.48
-3.1,-7.5
-5.1,-14.83
-8.55,-18.38
-11.22,-20.69
-7.5,-20.68
-3.33,-16.3
-6.85,-17.31
-7.83,-18.6
-6.34,-18.87
3.68,-10.11
3.61,-0.03
6.18,0.12
14.9,4.53
15.61,-1.96
-1.21,-10.1
-4.79,-16.11
-5.15,-16.4
-2.09,-15.98
-11.79,-17.58
-5.94,-14.46
0.61,-12.09
5.78,-6.85
9.96,0.83
13.13,7.42
13.82,2.46
3.84,-1.16
0.83,-5.36
9.04,-4.69
14.13,0.84
10.81,-2.12
11.71,-3.39
1.85,-5.49
1.39,-5.99
12.05,-0.81
6.81,-10.67
-3.88,-11.65
4.63,-6.43
3.95,-10.13
-1.65,-10.36
0.64,-4.22
0.09,-8.5
0.85,-8.17
11.22,-1.19
5.76,-0.44
1.8,-6.37
4.82,-6.7
7.41,-4.39
15.39,5.62
20.33,8.7
8.15,-1.48
2.78,-1.79
13.09,-1.72
23.31,12.81
25.64,10.94
11.52,3.87
11.84,4.28
16.44,7.66
15.42,6.74
9.63,-0.68
13.47,-0.84
16.83,0.49
13.58,10.09
14.39,0.27
9.83,-2.3
11.05,-1.99
11.52,-0.81
9.79,0.36
14.08,-0.57
4.1,-2.26
1.48,-4.57
7.7,-3.94
10.46,-0.51
7.29,-1.66
5.46,-3.7
6.23,-5.41
5.78,-4.81
15.46,-1.98
9.73,-2.14
9.47,-1.28
14.83,0.17
16.69,0.09
2.64,-1.79
5.44,-4.28
8.69,-3.82
10.94,-1.37
2.65,-1.77
8.73,-1.35
15.25,3.4
14.12,10.04
14.7,10.23
14.75,5.28
10.68,0.51
16.09,1.34
9.85,-0.65
10.18,-0.19
23.43,1.05
3.54,-3.52
11.36,-2.08
15.5,-2.09
6.39,-4.55
6.65,-1.89
6.88,-1.46
7.28,-1.94
18.65,-0.15
26.82,13.39
26.85,15.96
20.82,10.54
11.89,0.67
2.65,-0.49
11.55,0.43
23.25,1.49
12.84,-0.7
16.82,1.61
18.84,5.52
20.14,8.96
14.92,9.73
13.64,10.56
19.56,4.78
20.52,4.24
21.91,6.28
15.01,0.13
17.48,0.74
23.51,5.32
27.53,14.19
29.01,18.44
25.64,17.94
26.23,13.83
19.7,11.92
27.67,9.79
23.45,8.13
26.06,9.84
28.77,15.46
29.25,14.96
30.47,18.44
29.88,17.04
31.46,18.22
32.72,19.95
31.8,18.81
26.6,16.48
28.61,17.53
23.82,18.28
26.15,17.07
31.11,17.93
30.05,18.41
29.83,15.23
28.02,14.17
28.69,13.73
30.92,18.16
30.6,18.42
32.46,18.64
32.97,20.12
31.0,21.6
27.25,20.51
29.2,19.51
29.6,18.25
30.93,19.62
27.52,12.74
25.0,12.14
28.75,13.89
26.95,15.38
31.22,18.17
32.14,18.17
32.92,17.65
25.95,18.01
25.94,18.73
28.21,19.74
29.21,14.63
29.06,15.36
31.49,18.59
33.88,20.83
34.16,22.1
33.39,22.64
32.92,21.19
30.85,21.44
27.15,18.92
25.06,18.31
25.04,17.8
27.98,20.13
24.17,20.01
26.17,19.43
28.98,18.49
30.75,20.03
31.99,20.2
32.78,22.68
32.96,22.57
32.23,21.83
31.48,22.12
34.56,22.78
34.23,21.5
28.33,13.48
27.58,14.69
31.52,17.84
32.95,20.04
33.16,20.65
30.08,16.16
29.55,15.89
31.92,17.29
33.18,20.83
29.22,21.23
30.09,19.77
30.79,15.31
29.91,15.53
30.33,17.96
29.58,18.36
25.18,18.83
26.72,16.79
26.0,16.67
28.97,17.41
30.42,17.19
29.95,16.32
27.1,14.49
27.39,15.1
27.68,18.07
24.44,18.77
24.78,17.41
27.08,16.12
29.35,16.89
30.43,19.35
32.07,19.6
32.82,20.05
32.47,20.36
29.93,20.59
29.96,18.54
29.59,18.74
30.41,19.78
30.34,17.24
30.33,16.98
29.85,16.39
31.0,19.15
25.63,19.63
27.39,20.54
28.2,20.03
29.09,18.55
30.3,19.36
28.67,20.22
27.4,17.45
25.45,11.79
26.65,12.32
24.3,14.11
29.16,20.57
32.39,22.05
32.61,21.76
33.02,21.6
31.39,19.04
28.97,17.57
30.76,18.89
29.93,19.74
32.22,20.75
33.28,20.9
33.6,20.48
32.93,21.0
31.0,20.62
27.82,18.77
19.5,15.2
16.67,13.88
19.83,12.82
22.68,13.41
23.69,15.0
30.07,16.57
31.11,17.37
31.5,19.25
29.63,20.13
30.3,18.68
32.88,18.72
32.96,19.4
33.44,20.84
30.93,15.53
16.97,13.87
24.32,13.98
21.83,17.09
25.43,19.35
21.89,11.53
16.59,7.66
22.81,8.84
22.72,9.65
27.13,11.57
29.55,14.2
30.18,19.06
30.71,19.41
27.28,17.42
31.37,18.82
31.52,18.02
31.57,18.19
31.28,19.57
30.61,19.38
24.9,11.67
15.9,2.19
12.64,2.62
12.36,3.52
13.16,7.22
12.67,1.28
12.02,1.38
16.52,-0.11
14.68,-0.38
14.32,0.66
17.32,-2.19
12.38,-1.95
19.06,1.07
17.87,0.55
14.73,1.17
14.11,3.27
9.97,5.96
12.81,3.73
18.62,2.95
16.92,2.42
20.88,5.66
18.72,8.12
11.42,5.11
9.86,0.73
14.15,0.62
16.41,7.45
16.15,8.69
15.63,3.47
12.86,-0.99
6.48,-0.05
6.72,-6.25
3.37,-6.91
7.04,-5.82
6.99,-0.27
2.13,-6.27
0.87,-6.16
1.45,-1.5
4.7,-1.4
8.29,0.52
11.05,0.74
6.14,1.83
3.91,-2.87
9.35,-3.66
11.48,-3.01
12.02,-1.0
13.78,0.39
15.96,0.19
2.25,-5.65
-3.61,-7.08
1.2,-7.58
7.52,-0.49
12.15,5.92
15.01,8.17
16.79,4.02
4.7,0.44
1.82,-1.86
0.61,-3.18
4.93,-5.55
3.98,-6.52
-1.82,-5.89
5.06,-7.41
2.09,-8.95
7.57,-7.24
11.3,1.21
10.42,4.88
10.46,6.22
8.95,3.29
10.47,-0.73
10.33,-3.04
8.0,-3.39
12.92,-1.49
8.64,5.14
6.71,-0.21
5.1,-1.5
3.46,-2.93
7.76,-3.21
8.56,-3.85
9.38,-3.6
14.15,4.8
13.92,-0.1
2.35,-2.58
7.38,-2.79
17.33,4.88
5.86,3.29
4.91,0.35
5.13,-0.81
10.25,0.1
12.41,-0.05
12.7,0.14
14.61,8.17
16.16,-1.23
-0.25,-6.49
-0.67,-7.11
1.13,-7.05
1.78,-1.43
0.95,-3.4
0.88,-6.81
1.31,-3.88
2.71,0.72
5.33,1.2
3.09,0.43
4.22,-10.04
-6.35,-16.68
-6.26,-16.62
7.86,-8.11
10.52,-4.56
-0.08,-11.66
-2.61,-11.84
2.35,-3.51
0.07,-5.54
8.97,-9.83
-5.59,-16.51
-15.06,-19.97
-6.89,-18.4
1.65,-7.16
10.53,-3.03
18.49,2.9
13.83,3.99
12.69,3.78
14.7,9.45
17.5,-6.92
-2.28,-9.98
-0.26,-9.67
2.84,-3.6
10.18,1.58
11.67,-3.83
3.75,-3.68
13.63,0.73
2.22,-3.9
3.24,-4.44
1.03,-2.06
0.55,-5.15
2.3,-5.25
8.55,-1.3
7.85,-1.64
6.38,0.92
14.84,4.49
7.71,-5.03
5.1,-5.41
11.22,-3.34
15.22,-1.55
1.6,-0.9
4.01,-0.7
5.1,-0.56
0.79,-11.37
-6.14,-13.34
-3.43,-12.45
-0.49,-10.41
2.02,-3.92
3.55,-0.45
15.74,1.7
10.34,0.12
11.36,-2.28
10.75,-2.28
20.95,6.59
22.1,6.44
7.22,-0.93
9.45,-2.61
11.95,-3.14
9.61,-3.3
10.91,-2.53
13.43,2.32
7.94,1.48
11.69,-2.8
14.03,-2.04
14.24,5.55
9.65,-1.92
9.58,-2.46
15.76,-1.39
21.79,5.3
17.24,11.3
15.91,-1.28
4.18,-4.5
8.53,-3.18
15.19,-0.49
17.01,2.96
21.9,8.86
15.48,9.02
20.49,9.72
20.59,12.21
23.16,9.94
21.53,6.08
21.93,7.93
27.27,10.05
19.47,5.04
19.41,6.12
21.88,1.87
12.4,2.05
24.94,7.03
24.94,13.08
22.79,5.94
8.05,2.86
6.94,2.07
21.04,4.11
25.27,9.87
25.23,9.72
20.67,10.09
20.53,8.59
18.37,5.29
16.66,5.47
12.9,5.38
25.15,7.53
26.67,12.97
26.92,14.07
23.11,15.68
21.99,14.57
16.34,10.14
21.98,7.87
24.81,9.6
26.28,11.92
28.33,14.18
23.63,11.63
14.43,6.77
18.47,7.29
11.5,7.94
14.4,5.21
20.73,7.11
21.57,9.22
25.88,12.27
29.9,16.13
30.61,18.99
24.33,13.47
21.99,9.12
20.21,10.03
25.75,17.66
29.48,18.38
31.38,18.96
30.46,20.37
29.74,16.86
29.14,18.78
30.41,21.84
26.76,17.39
24.98,16.88
26.14,14.55
27.52,16.6
26.42,8.89
24.37,11.41
27.04,15.78
30.16,17.87
28.56,18.92
25.81,18.9
24.47,19.19
25.92,19.51
23.72,9.77
24.38,10.86
24.9,13.29
20.3,7.84
24.11,11.99
25.08,17.34
26.63,18.48
27.01,19.17
26.78,19.1
28.19,19.63
23.38,14.97
25.77,16.22
24.86,17.08
28.87,18.52
25.22,16.86
28.7,17.57
31.52,19.28
31.05,18.88
31.98,19.85
32.49,21.33
32.87,18.85
31.59,20.1
33.01,20.46
30.47,19.74
31.47,20.37
32.61,21.59
30.72,21.31
31.55,20.19
29.92,18.23
32.0,19.38
33.13,21.5
31.59,17.59
29.7,14.93
31.97,17.21
32.46,20.7
31.1,22.08
30.58,22.13
31.07,21.66
33.14,23.37
33.15,22.77
33.57,22.99
33.02,21.63
25.79,14.75
26.74,13.72
26.63,13.28
27.88,14.7
29.38,15.73
30.67,17.94
31.21,19.09
30.87,19.67
29.79,18.11
28.83,16.39
30.22,17.6
30.06,16.35
30.41,15.48
31.16,16.35
32.09,17.4
30.69,18.61
29.88,17.4
31.3,18.31
30.8,15.33
29.34,14.68
30.44,17.5
28.88,20.8
30.35,19.48
31.74,16.54
29.14,15.89
30.52,17.79
30.31,19.89
33.41,19.54
33.85,20.36
32.42,18.7
30.65,19.76
26.79,18.9
24.11,12.73
25.64,13.41
27.69,14.98
21.95,20.34
26.62,14.99
26.37,12.12
28.34,14.15
29.91,19.14
25.23,17.58
29.97,18.02
28.35,15.58
30.24,17.48
29.02,13.8
25.66,12.65
28.57,14.15
24.06,12.3
25.43,14.55
30.43,16.18
34.6,18.43
32.92,19.16
33.03,19.88
33.21,15.91
27.83,13.32
30.86,15.51
32.23,17.27
29.29,14.97
30.39,15.38
30.97,16.01
30.71,17.98
31.24,16.22
31.31,17.64
27.98,9.67
26.11,10.25
29.68,13.27
26.0,9.75
32.55,12.5
32.49,18.49
33.15,18.21
34.15,16.87
33.9,17.79
33.77,17.51
32.06,10.69
22.24,8.23
27.11,8.88
22.77,12.35
20.06,5.52
22.93,6.15
23.44,7.28
27.31,11.7
22.13,1.22
13.8,0.57
20.6,1.78
20.54,2.69
23.83,4.74
10.67,1.57
15.56,1.06
17.76,1.63
22.33,3.93
24.1,9.76
21.93,9.91
16.67,2.55
19.03,2.66
19.66,7.44
14.92,9.0
18.54,10.1
18.39,3.59
19.48,4.5
15.96,9.24
13.37,9.57
10.16,-2.55
8.63,-2.77
11.2,-2.2
12.3,-1.58
15.9,2.63
11.17,-1.35
12.61,-0.66
6.63,-6.63
2.52,-6.76
8.86,-2.5
17.87,3.82
12.62,-9.66
-5.01,-12.94
0.05,-11.61
6.35,-5.51
6.44,-5.43
8.17,-4.06
8.67,-3.63
5.78,-0.76
7.26,-1.04
8.43,3.54
12.76,4.46
7.55,-1.41
3.98,-0.35
10.0,0.24
14.95,2.21
15.2,5.4
13.88,1.42
3.76,1.28
6.49,2.45
14.11,3.21
9.95,0.81
2.59,-0.52
4.39,-0.52
10.38,-2.15
11.69,-2.55
9.78,-3.96
7.7,-4.38
13.83,-1.33
13.9,-2.17
-1.21,-7.65
3.7,-7.33
7.28,-4.94
8.08,1.25
6.41,-1.1
1.8,-1.61
1.4,-0.9
2.52,-5.7
-0.78,-9.57
4.23,-8.47
7.94,-5.22
11.39,-3.43
12.64,-3.15
15.61,-1.8
16.17,-1.58
18.73,-0.8
17.48,8.51
15.31,6.61
16.09,7.11
16.54,4.95
5.61,1.24
2.81,-0.08
9.3,-0.52
10.7,6.26
10.84,3.62
4.09,-1.95
9.33,-2.42
8.82,-2.32
9.13,-1.75
5.34,-2.4
14.25,-2.01
17.55,10.31
18.47,2.22
5.59,1.16
7.88,1.74
10.73,-0.42
13.66,1.04
5.17,-5.0
3.4,-4.45
11.06,-7.97
-7.08,-10.01
-3.1,-8.74
0.2,-8.8
3.83,-8.07
8.79,0.26
7.84,1.36
1.95,-0.57
7.19,-2.64
3.61,-2.28
1.8,0.13
2.65,-0.18
4.35,0.05
3.79,0.18
6.08,0.08
17.69,1.32
20.62,4.65
14.4,0.28
3.18,-0.21
0.61,-2.78
1.5,-2.88
2.3,-4.47
10.61,-3.21
7.09,0.55
5.52,-1.4
2.69,-0.76
2.9,-12.11
-4.22,-12.72
7.56,-9.71
10.56,-1.61
12.25,0.17
10.62,-3.45
6.75,-3.71
1.68,-9.12
3.37,-9.03
9.78,-6.02
13.48,1.32
7.25,4.84
8.0,2.22
3.32,-3.56
2.55,-3.8
3.01,-6.37
4.04,-6.58
17.5,-2.43
12.6,8.61
14.64,0.7
16.29,-0.74
15.59,-0.23
2.93,-4.7
10.26,-4.67
18.4,0.07
17.81,9.37
13.82,5.6
11.27,3.68
16.67,3.91
11.52,2.24
6.07,1.07
7.42,1.24
8.92,3.6
12.47,3.54
15.92,5.12
20.31,12.06
21.71,0.37
3.57,-1.43
6.23,-1.05
12.07,2.79
11.79,3.26
17.15,3.79
21.05,6.83
24.8,12.87
26.11,16.42
18.95,7.72
16.64,5.28
8.56,4.18
12.18,0.26
16.81,2.11
21.36,6.61
21.23,7.28
15.73,7.24
21.75,8.71
26.3,13.91
27.45,7.12
13.01,0.19
11.18,0.76
17.17,5.55
16.72,8.53
9.6,0.57
8.85,-2.9
11.09,-3.9
10.26,-0.33
11.17,0.83
12.94,1.29
14.64,3.01
19.04,5.08
14.73,0.21
22.05,3.85
13.47,9.96
19.8,7.7
19.09,6.7
16.07,2.02
19.56,5.41
24.33,13.47
18.19,6.99
10.12,5.89
20.41,6.83
27.95,13.32
22.71,6.64
21.55,7.92
9.24,4.63
15.8,3.27
19.75,7.37
12.88,-2.05
13.63,0.47
18.43,3.12
10.8,1.97
15.96,4.77
13.79,8.65
27.66,13.57
24.21,16.09
27.09,17.36
25.37,15.88
19.96,14.19
19.15,11.98
14.63,11.55
18.42,12.49
25.26,14.05
28.46,17.07
30.24,17.63
30.84,17.85
29.89,19.18
25.75,18.46
27.42,17.53
24.72,13.03
23.22,10.97
22.57,7.96
25.25,12.67
31.03,18.23
31.52,20.34
29.34,17.92
30.55,18.55
32.83,16.17
29.42,16.1
30.69,18.85
28.9,22.91
31.28,15.07
27.4,13.13
29.68,12.84
27.03,13.02
24.22,11.05
25.39,13.0
27.47,13.98
28.62,14.58
28.93,16.27
31.53,17.54
32.62,18.32
28.79,19.08
30.23,19.63
26.4,16.55
27.4,14.47
29.13,16.83
31.23,21.25
26.0,20.08
27.54,21.06
30.81,20.33
29.46,20.3
31.62,20.14
31.96,18.67
32.53,19.76
33.84,20.18
33.78,20.78
32.88,20.56
33.34,21.13
32.64,20.64
33.44,21.28
30.11,18.81
31.81,17.17
28.4,16.23
28.46,15.86
30.74,16.88
31.86,20.32
27.15,18.04
30.78,19.88
32.83,22.77
33.49,21.51
31.88,21.14
32.29,20.49
29.43,21.12
29.73,18.75
30.54,17.8
31.25,19.14
33.13,21.79
32.11,20.77
30.37,18.22
31.33,20.17
23.56,19.8
25.71,19.61
26.98,17.19
26.78,17.15
27.28,16.81
24.99,12.32
24.43,13.5
26.02,14.18
26.93,13.23
28.67,15.49
30.61,18.34
29.63,19.33
29.06,19.61
28.6,20.1
30.0,20.48
27.68,18.99
30.23,18.71
28.29,16.21
29.72,17.3
24.93,13.9
25.65,12.99
26.77,13.78
27.77,16.75
27.69,18.16
29.09,18.78
31.05,19.86
32.22,20.21
31.15,21.41
28.5,22.4
28.65,20.72
29.38,14.09
26.36,15.88
26.42,17.87
27.37,19.87
27.38,20.06
28.81,15.48
26.01,9.58
27.07,11.13
27.03,15.35
29.51,17.12
30.51,16.4
30.65,16.77
29.9,18.15
22.97,17.4
28.43,17.7
27.38,14.16
25.99,11.55
22.96,8.95
25.92,9.34
27.15,10.82
19.99,6.07
20.39,4.76
22.92,5.67
23.82,6.78
23.92,8.4
22.48,9.88
24.44,10.7
26.1,11.69
24.62,13.77
26.19,13.93
18.74,6.6
17.82,6.67
24.82,5.18
20.27,2.26
17.29,3.59
18.59,6.61
16.47,-0.19
17.57,1.13
22.91,4.87
29.16,6.86
26.25,7.43
27.84,9.43
23.53,15.93
26.28,15.85
25.03,4.45
21.19,4.46
25.84,6.27
17.24,-0.46
14.84,-1.35
17.24,0.19
16.4,9.06
12.75,7.9
17.1,8.62
21.13,11.88
27.43,12.9
25.5,6.64
12.78,5.8
10.85,6.1
9.53,6.94
11.02,6.97
12.17,8.4
11.3,3.72
10.28,-1.09
14.93,0.27
11.02,-3.16
10.06,-2.56
18.38,0.6
22.06,5.44
19.78,4.18
21.44,3.66
23.4,3.97
26.62,9.59
26.05,11.07
25.31,11.43
13.18,-0.17
13.18,-0.28
13.44,-1.96
17.09,-0.13
13.94,1.68
13.57,1.3
7.02,-1.99
10.11,-1.96
18.63,6.13
17.58,8.65
10.63,6.46
9.93,1.39
9.73,1.67
11.23,4.34
15.11,7.87
10.69,7.26
12.78,-0.58
9.69,-2.53
11.74,-2.23
2.92,-2.27
1.37,-5.97
6.86,-5.83
6.95,-3.59
7.22,-2.21
7.41,-3.74
3.95,-3.49
1.39,-1.46
2.84,-0.76
13.84,-1.3
16.55,-1.18
18.08,4.78
16.22,3.78
5.82,1.89
2.34,-6.2
2.38,-5.88
1.55,-1.44
0.47,-5.45
3.58,-5.65
5.79,0.35
7.02,0.58
9.51,0.38
8.15,-0.92
13.51,-1.43
-1.3,-10.85
-7.83,-11.58
3.85,-9.84
12.14,-1.63
3.32,-3.15
5.94,-3.56
11.48,-2.11
0.67,-2.23
10.73,0.37
4.03,1.3
2.76,-2.58
8.05,-2.3
2.16,-0.2
3.09,-0.88
3.91,-0.59
0.74,-1.94
0.32,-6.71
0.32,-6.59
-1.32,-4.41
3.27,-4.14
8.45,-2.15
9.44,-0.16
6.17,-1.39
1.73,-1.29
1.43,-1.66
2.97,-1.8
7.32,-2.55
3.71,-2.99
10.7,-1.86
3.26,-9.42
2.07,-9.43
1.48,-1.18
4.09,-0.29
7.59,-0.71
0.91,-8.36
-0.58,-10.65
1.58,-10.49
3.9,-3.53
6.01,-2.12
-0.49,-5.7
1.09,-6.0
3.23,-5.17
4.29,-3.72
3.73,-5.36
2.71,-10.46
-4.24,-11.74
1.99,-8.37
-0.29,-5.47
-3.28,-7.07
-2.61,-7.19
-1.4,-6.37
-2.12,-9.31
-3.24,-9.88
-6.52,-11.6
-6.53,-16.45
-3.75,-15.22
-0.93,-11.66
-1.63,-14.11
0.97,-11.06
8.32,-8.15
5.05,1.12
13.36,0.61
17.22,-1.99
8.9,-1.96
7.66,-0.07
12.98,6.39
16.97,2.14
8.63,-4.57
7.55,-4.6
17.38,-1.9
11.98,-3.7
8.89,-4.41
9.51,-3.78
11.44,-3.36
18.53,-1.28
19.62,1.17
21.22,9.12
18.64,7.24
16.02,4.83
13.07,-0.3
10.4,1.19
5.69,1.13
15.48,3.07
17.44,5.51
16.75,-0.08
11.23,-2.06
16.36,-2.0
19.52,0.96
19.88,4.43
19.74,8.91
22.54,6.82
18.0,7.97
14.57,4.35
23.45,5.81
11.84,-1.42
15.38,-0.24
23.3,5.35
11.75,-1.75
5.43,-5.4
9.4,-4.13
18.22,0.25
23.99,5.51
25.09,7.41
25.9,9.38
27.28,12.31
21.4,10.77
27.06,11.28
18.63,8.99
11.67,7.99
20.42,8.02
19.26,9.02
17.08,2.92
14.05,0.6
17.07,2.36
14.39,1.75
17.92,2.88
20.15,2.67
17.78,-1.35
8.84,-1.42
13.01,0.19
16.19,3.35
11.97,6.44
17.72,3.28
24.28,6.56
27.9,16.58
26.27,17.08
20.91,9.52
22.21,2.27
23.03,4.76
24.98,13.72
22.88,15.53
21.38,8.78
17.2,3.41
17.91,3.89
18.09,2.07
15.65,4.73
16.96,2.35
16.75,4.36
16.43,4.1
17.58,3.21
19.8,4.16
21.63,5.0
22.7,10.12
21.56,12.86
22.28,14.48
25.78,15.17
27.25,15.81
28.96,15.23
28.82,13.51
29.79,14.89
30.4,15.92
31.17,16.2
31.2,18.1
25.64,17.4
27.58,17.78
22.76,7.96
14.53,4.57
19.93,6.49
23.52,10.67
23.91,14.45
18.91,16.01
22.42,14.0
29.46,14.81
29.5,16.8
27.91,19.3
27.75,20.23
25.11,20.7
25.54,20.67
27.56,20.19
30.61,19.27
33.22,19.87
31.67,15.1
31.39,13.71
27.58,13.38
27.34,13.45
29.83,15.68
32.65,18.83
28.42,18.16
30.88,21.68
27.72,12.57
22.44,10.72
25.4,13.0
28.09,18.65
27.64,22.05
30.15,21.62
31.64,21.03
32.53,21.12
34.09,21.26
28.97,20.54
25.96,14.59
24.76,13.25
26.11,14.79
30.09,18.35
31.51,19.66
31.96,19.33
30.9,20.95
28.29,16.96
24.56,16.53
26.4,18.0
26.0,20.22
28.12,20.98
27.45,18.91
29.19,19.98
31.13,20.64
28.71,20.55
27.29,19.2
27.67,17.26
28.34,17.46
29.07,17.71
27.74,17.26
27.98,16.83
29.2,17.65
30.46,19.16
30.95,21.32
31.89,17.5
31.3,18.24
31.09,19.86
31.33,20.38
27.96,17.14
22.81,14.31
27.35,12.64
26.32,13.58
27.43,13.72
28.14,14.91
29.39,16.24
28.85,18.07
30.61,18.8
31.19,19.79
26.49,21.55
32.81,23.19
32.77,24.02
34.0,21.1
30.78,20.7
28.57,19.09
24.48,18.59
27.96,19.6
29.33,19.46
31.02,20.57
30.18,19.34
31.27,19.33
31.51,19.24
32.91,19.94
33.4,20.51
33.83,21.43
31.23,20.26
33.93,20.5
33.53,20.46
33.22,21.29
32.77,21.39
26.56,20.06
26.31,18.7
26.66,13.39
26.25,13.32
26.17,14.41
26.27,17.79
26.51,12.95
28.83,13.59
29.03,16.82
27.48,12.43
25.51,11.91
26.21,12.5
27.81,15.56
29.51,18.06
30.18,18.42
30.61,19.63
25.07,15.0
28.33,15.79
30.89,17.4
31.84,18.37
29.8,19.0
23.26,18.67
24.54,13.93
15.41,9.58
19.6,7.04
23.25,8.1
21.49,7.56
24.21,8.5
28.96,14.44
29.33,15.33
29.53,15.06
28.1,13.22
27.05,13.42
24.79,15.55
24.42,16.32
23.27,15.07
25.97,16.04
24.92,16.98
24.78,16.01
26.38,14.42
28.72,14.55
28.95,18.16
27.76,17.82
20.63,11.64
24.89,12.48
28.24,18.81
24.9,9.78
17.24,4.93
20.36,4.7
21.94,5.17
21.99,6.12
23.05,7.38
21.26,9.93
12.95,7.3
16.24,7.36
24.02,12.6
16.72,8.48
14.47,1.81
15.56,1.91
12.66,8.61
16.58,10.61
13.67,9.28
17.4,2.86
12.69,2.13
9.8,-2.4
9.84,-2.47
10.88,-2.52
12.07,-2.35
14.69,-1.46
17.57,-0.74
21.18,2.04
17.79,3.55
21.06,6.33
17.08,2.99
10.68,1.6
4.66,0.48
5.75,-2.63
5.36,-2.17
16.87,-0.09
19.44,4.22
8.75,-3.73
6.06,-4.19
12.57,-1.27
8.29,-1.36
4.93,-6.36
5.97,-6.42
13.24,-0.55
9.05,-4.0
1.63,-4.44
9.92,-0.23
8.45,-5.5
7.5,-5.97
13.4,-0.27
11.89,3.46
18.84,2.03
17.87,1.74
13.26,0.84
17.42,2.39
7.15,-5.37
-1.43,-5.25
5.84,-5.17
15.2,-1.36
19.17,9.47
17.2,-2.44
9.41,-2.93
12.38,-1.81
14.51,-1.09
18.54,11.7
16.63,-0.49
8.72,-0.52
12.35,-1.73
1.86,-5.26
6.73,-5.26
7.52,-4.63
3.17,-5.34
11.72,-3.78
17.72,9.27
20.84,7.74
15.81,6.65
20.91,5.89
12.98,4.54
10.13,5.8
9.54,5.78
17.83,8.72
14.54,3.38
2.73,-4.93
1.38,-6.5
6.33,-6.11
6.59,-8.39
-6.53,-12.77
-6.6,-13.15
6.42,-10.82
6.52,-8.33
0.87,-10.12
1.85,-9.99
10.48,-0.91
8.43,-1.39
2.39,-2.56
0.75,-6.04
1.35,-6.13
-1.63,-4.54
6.58,-4.83
9.97,-6.79
-3.35,-8.5
-2.78,-12.93
0.52,-12.82
3.14,-7.26
5.71,-7.1
-1.2,-14.26
-4.17,-14.78
2.38,-9.51
-0.62,-16.01
-2.62,-16.14
5.51,-7.09
5.41,-6.28
16.39,-0.26
8.22,-1.2
-0.54,-6.81
-3.86,-11.38
-4.58,-12.31
3.72,-9.89
2.35,-8.99
9.2,-7.84
11.46,-1.2
7.07,-2.36
13.04,-1.92
-1.26,-7.81
-1.26,-9.07
1.04,-9.24
13.27,-7.09
17.36,8.22
13.37,-5.08
1.98,-5.83
1.11,-6.19
15.4,-4.35
18.19,4.07
16.73,-1.93
-1.06,-2.72
2.89,-1.67
0.27,-3.65
3.69,-5.25
9.94,-5.14
11.76,-3.66
19.42,2.16
21.09,2.13
9.07,-0.97
13.92,-1.01
23.8,7.12
21.56,11.28
15.65,0.46
4.96,0.36
10.36,-0.91
11.81,-0.83
8.55,-8.42
-1.82,-8.73
11.66,-3.47
18.41,2.8
20.14,2.96
22.0,2.96
22.69,4.88
17.82,8.15
9.16,2.15
17.84,1.72
21.81,3.55
19.61,9.45
19.99,6.51
11.8,4.69
7.69,2.76
6.02,-2.44
6.94,-5.43
7.1,-4.95
9.15,0.73
26.59,7.74
8.49,1.15
6.99,-2.85
13.24,-1.58
16.01,1.17
16.2,5.8
14.19,6.47
14.13,5.83
12.05,2.43
9.18,1.19
7.92,-1.72
18.56,-0.21
18.38,10.75
22.46,11.23
21.4,4.01
16.83,3.85
21.77,7.69
17.84,1.82
11.21,2.06
7.62,0.88
12.08,1.55
19.78,6.85
18.98,7.95
26.53,10.51
29.36,15.85
28.51,17.81
19.61,3.45
15.19,2.18
19.35,3.92
19.48,7.7
22.81,12.02
26.53,13.53
23.1,6.55
22.57,9.32
26.15,10.46
15.56,10.46
17.02,12.4
22.46,9.9
17.5,8.04
21.92,9.62
26.32,12.63
29.34,17.2
30.93,12.99
30.33,14.55
29.64,15.01
29.65,13.87
30.29,13.02
25.65,11.05
28.28,13.15
22.55,14.59
27.99,15.73
30.84,20.08
29.3,17.09
20.3,10.99
18.88,10.2
24.19,12.18
29.11,18.26
22.87,14.42
20.53,11.12
22.83,12.1
27.81,14.43
30.94,17.86
31.22,18.83
30.93,19.09
24.42,12.7
27.05,11.8
28.45,12.65
28.68,15.42
27.72,18.27
27.46,16.31
28.64,14.09
25.63,14.25
22.17,14.46
26.11,15.33
29.6,19.71
33.72,23.76
34.46,23.49
34.06,23.8
33.36,24.26
30.45,15.69
26.38,11.58
26.65,12.41
30.77,13.71
33.63,18.01
34.55,16.78
30.25,15.18
31.01,15.86
30.97,18.17
28.93,15.06
26.69,10.91
26.17,10.29
29.62,13.94
33.02,20.04
33.1,21.27
30.57,19.42
30.73,18.02
32.85,20.99
35.98,24.07
34.75,22.82
27.68,21.75
25.79,20.46
26.23,16.17
29.62,16.98
30.68,19.61
30.56,17.17
30.35,18.26
29.63,16.38
29.04,20.06
31.64,21.46
25.01,20.91
28.83,19.75
31.0,21.16
33.46,20.27
31.53,19.62
33.03,20.99
31.43,22.82
32.11,22.16
27.16,19.84
25.63,19.27
28.78,21.16
30.54,20.85
27.27,15.58
27.37,17.28
26.69,18.93
29.77,19.9
27.94,19.19
32.69,20.98
28.6,20.96
28.36,21.38
31.15,20.83
31.9,21.15
32.18,22.0
29.87,21.32
27.91,16.66
29.11,15.69
25.62,13.44
27.23,15.58
26.52,18.59
26.82,15.76
27.82,15.6
27.85,15.39
29.24,15.43
30.14,16.81
29.52,18.59
27.16,17.62
27.06,15.94
28.19,14.44
29.32,14.81
29.79,16.15
29.99,18.02
30.22,18.88
32.94,20.92
32.12,20.32
29.29,14.19
27.81,13.59
29.71,15.39
30.27,17.97
24.94,18.79
26.86,19.54
27.84,20.03
26.19,16.01
26.72,13.58
26.2,13.38
29.0,15.74
28.9,18.48
25.72,13.67
22.38,12.24
21.5,12.59
26.83,13.1
28.21,13.09
28.46,13.99
28.88,14.33
29.35,15.94
28.75,15.99
31.51,16.75
34.61,16.68
21.94,6.33
19.89,8.01
25.54,12.42
23.99,10.47
21.05,5.44
19.75,3.62
16.7,4.41
20.06,5.5
21.72,6.37
23.54,6.87
22.06,6.74
21.57,3.33
22.4,3.3
24.73,5.2
24.48,8.27
16.77,0.52
14.95,-0.11
18.29,1.54
23.21,5.51
24.16,7.75
24.06,6.28
18.3,1.5
20.12,2.44
17.92,3.13
22.17,4.37
10.03,1.04
7.03,-0.21
12.37,-2.07
15.17,-0.69
22.69,5.32
25.3,10.34
25.46,9.64
25.38,10.57
22.85,7.88
12.33,0.22
14.82,1.16
19.52,3.17
21.05,4.29
16.09,9.49
17.67,12.26
19.88,7.64
17.85,6.49
22.88,6.4
24.54,11.5
21.64,7.81
21.88,5.71
19.61,6.49
17.65,5.16
23.5,5.31
22.47,8.06
17.38,-0.43
0.29,-2.0
3.56,-1.95
6.72,-1.78
5.41,1.53
3.53,-1.87
0.4,-3.31
1.64,-7.85
2.36,-8.15
1.94,-8.08
9.6,-5.19
13.92,-3.96
15.35,-3.04
17.19,-1.59
12.9,-3.21
12.88,-3.38
12.81,5.39
8.05,4.76
16.27,0.65
3.58,-6.23
4.44,-6.79
13.81,1.73
12.12,-6.07
5.61,-6.49
7.59,-3.39
11.62,6.13
10.62,5.28
7.76,4.88
9.35,5.23
8.53,4.74
8.06,2.0
7.63,-0.43
8.59,-0.47
12.45,5.07
7.44,1.16
4.64,-0.78
1.13,-4.25
1.44,-7.39
1.24,-7.29
7.46,-5.6
6.8,-5.28
6.81,-21.78
-16.05,-22.18
-8.46,-16.64
-6.43,-14.1
-2.83,-8.94
-0.18,-4.99
10.08,-3.75
14.42,8.81
16.39,8.68
