20170101
8.43,-0.89
12.92,6.08
13.28,-3.84
-1.49,-6.72
-5.2,-13.39
-9.22,-15.73
-7.86,-16.36
-5.27,-15.15
5.13,-6.24
12.88,-1.01
18.16,0.2
18.83,-0.85
2.08,-0.66
3.29,0.82
4.05,0.76
14.94,4.11
15.26,3.3
5.55,1.67
11.1,3.02
14.78,7.81
18.43,6.26
15.72,6.78
8.98,3.31
7.74,2.11
15.25,1.62
2.82,-1.09
2.22,-4.04
2.51,-4.0
0.57,-6.67
7.21,-7.47
8.11,2.96
6.8,-2.12
2.45,-5.03
-0.38,-10.65
4.89,-10.89
11.3,-1.55
16.3,-0.52
16.05,2.96
6.39,-4.44
-1.72,-8.39
12.98,-4.31
18.55,8.98
16.31,-2.72
9.66,-2.62
11.84,1.8
7.65,-1.79
10.32,-0.31
19.79,4.44
17.31,6.51
16.0,2.41
20.46,3.49
18.62,9.79
20.81,12.16
20.65,13.53
24.89,2.21
2.41,-5.93
8.86,-5.14
11.26,5.08
18.62,8.54
15.86,0.61
7.98,-1.78
4.54,-2.47
11.93,-1.16
19.64,0.18
17.6,9.58
14.01,5.46
16.3,3.13
21.53,1.39
6.9,-3.22
3.19,-5.62
4.38,-5.02
3.49,-4.17
0.77,-6.79
2.18,-7.57
6.81,-5.9
9.57,1.72
6.78,-0.37
10.96,0.98
18.99,5.58
17.32,-0.11
7.12,-1.44
15.33,-0.84
24.27,13.22
25.08,13.5
19.03,6.89
20.37,7.81
16.11,9.15
17.33,8.91
24.83,10.98
13.12,4.62
10.51,2.47
19.5,4.6
21.66,12.09
20.46,8.67
23.96,5.09
9.57,1.49
14.2,-0.34
19.48,3.52
25.73,10.07
26.47,15.19
19.25,5.51
21.41,6.6
26.98,8.53
28.68,12.37
28.44,16.98
26.96,12.91
21.92,10.03
25.67,12.48
27.96,16.86
27.67,10.24
16.1,7.53
13.26,5.55
19.75,6.52
24.37,9.15
24.63,12.01
28.95,15.33
18.13,7.36
21.53,9.63
27.39,15.42
25.72,12.82
17.34,7.87
19.66,4.76
13.57,7.25
14.21,7.62
11.32,4.7
17.36,3.59
18.17,1.38
18.96,5.26
22.16,11.49
29.51,14.24
21.23,11.95
19.32,7.28
24.12,10.89
28.02,13.13
28.7,14.27
29.81,17.17
28.88,20.64
29.06,18.4
28.63,16.06
27.87,15.94
25.5,8.84
22.45,9.69
23.98,13.42
18.21,12.97
18.57,10.35
26.7,14.82
28.86,16.71
24.26,15.16
28.45,13.56
27.41,12.79
27.49,10.78
27.1,10.61
29.19,12.34
31.1,14.57
31.02,18.65
30.4,15.26
25.41,12.06
21.01,9.99
24.48,11.04
28.57,14.27
29.9,15.87
31.36,18.67
32.99,20.89
31.23,19.18
31.56,19.22
28.45,18.56
31.08,18.77
31.22,21.0
28.44,16.57
27.76,14.94
29.66,17.01
32.34,20.09
27.72,21.05
25.31,16.45
26.01,11.89
26.18,11.38
24.52,10.7
24.22,11.06
27.65,15.9
31.11,20.67
29.38,19.76
29.28,17.08
30.24,16.97
30.93,19.22
30.1,19.34
29.27,20.59
26.01,18.49
31.11,16.84
28.37,14.39
29.45,17.42
30.03,22.28
27.38,19.88
32.3,21.99
30.91,21.8
29.68,15.45
28.41,16.02
30.19,17.55
31.05,19.56
31.75,18.1
31.4,19.87
32.66,22.31
33.67,23.4
33.85,21.11
29.7,19.55
29.88,16.81
28.05,16.3
30.56,18.34
29.22,22.64
28.42,15.89
26.28,13.26
28.5,15.26
30.05,17.68
29.29,17.93
29.53,17.22
30.27,19.05
24.43,11.05
25.54,13.33
22.5,16.74
25.22,14.1
27.07,11.52
27.64,13.78
29.37,15.44
27.75,16.86
27.48,13.5
28.16,16.04
28.22,17.34
30.91,18.56
32.04,20.88
31.29,20.3
29.59,18.45
31.57,18.35
32.39,19.05
32.25,20.87
28.99,14.91
26.75,11.22
26.35,11.77
25.83,11.28
26.17,12.06
28.16,13.94
26.92,16.54
26.59,14.75
28.0,15.67
27.83,15.15
16.09,12.14
22.37,11.68
27.8,12.88
30.63,16.11
23.0,8.43
20.21,7.2
21.39,7.27
25.17,9.14
23.81,8.12
23.44,8.03
22.59,9.04
21.11,14.23
18.56,15.74
23.12,12.91
28.12,13.21
29.66,15.0
30.32,16.47
28.06,19.19
26.85,17.56
30.74,18.23
32.62,19.0
32.57,17.32
32.19,16.5
32.54,15.24
31.92,15.42
32.15,17.07
29.65,12.48
23.27,7.95
25.22,7.28
23.4,5.66
23.96,6.4
26.6,10.84
28.5,14.43
26.92,17.19
24.11,16.64
27.39,17.24
28.17,13.54
20.01,14.57
22.61,15.42
22.27,16.19
18.73,13.58
17.91,12.3
23.61,11.08
28.61,14.05
23.56,7.14
17.37,3.13
20.23,3.3
21.27,4.45
24.2,6.89
25.13,7.48
24.19,9.99
25.55,14.25
17.56,7.89
11.62,4.92
11.08,0.01
17.47,0.1
14.15,1.79
4.43,1.14
4.02,-1.4
8.76,-0.52
7.88,-0.61
15.69,2.14
20.26,13.04
16.69,7.22
19.72,9.4
23.78,9.53
12.49,6.76
9.3,4.57
11.6,-0.65
13.54,-1.88
3.48,-3.98
7.15,-3.63
9.24,2.14
8.01,1.01
11.58,0.66
9.95,0.81
5.3,-1.43
15.89,0.62
18.23,2.3
3.85,-3.85
9.9,-3.6
13.65,-2.75
5.56,-4.44
8.92,-2.78
14.29,-1.42
15.49,-1.88
12.62,-2.49
17.45,0.43
17.72,4.73
14.82,2.94
12.61,-2.24
12.36,-2.45
13.61,-1.55
15.3,-1.33
18.6,4.43
9.61,-2.34
7.49,-2.41
0.17,-8.26
0.23,-8.9
-0.05,-6.7
3.72,-6.42
9.55,-4.23
0.28,-7.82
7.97,-6.02
0.78,-5.98
1.3,-4.35
10.68,-0.97
7.45,2.98
7.95,5.12
10.24,2.19
10.0,-1.48
13.21,-1.59
12.47,2.99
3.67,-1.13
1.65,-6.2
-1.83,-7.67
-4.77,-16.14
-8.75,-16.48
-4.95,-12.47
-3.19,-7.35
-5.33,-14.87
-8.63,-18.52
-11.7,-20.95
-7.67,-20.96
-3.54,-16.44
-7.2,-17.51
-8.03,-18.85
-6.33,-19.11
3.6,-10.23
3.53,-0.04
6.07,-0.01
14.85,4.31
15.46,-1.8
-1.19,-10.28
-4.83,-16.13
-5.11,-16.31
-2.11,-16.01
-11.85,-17.57
-5.91,-14.35
0.59,-12.22
5.6,-7.02
9.91,0.77
13.02,7.08
13.73,2.37
3.84,-1.22
0.71,-5.5
8.78,-4.85
14.25,0.67
10.48,-2.19
11.67,-3.36
1.76,-5.46
1.32,-5.95
11.98,-0.79
6.77,-10.81
-3.91,-11.71
4.56,-6.43
3.87,-10.06
-1.79,-10.29
0.57,-3.96
-0.08,-8.48
0.7,-8.18
11.06,-1.22
5.76,-0.42
1.81,-6.33
4.76,-6.72
7.34,-4.45
15.31,5.69
20.26,8.72
8.06,-1.55
2.74,-1.73
12.98,-1.7
23.29,12.8
25.59,11.17
11.73,3.83
11.62,4.2
16.41,7.8
15.31,6.84
9.46,-0.72
13.4,-0.84
16.72,0.49
13.56,10.06
14.32,0.27
9.74,-2.38
10.88,-2.04
11.4,-0.86
9.66,0.36
14.11,-0.54
4.11,-2.22
1.17,-4.56
7.5,-3.92
10.51,-0.59
7.33,-1.69
5.52,-3.74
5.99,-5.41
5.67,-4.83
15.33,-2.1
9.46,-2.06
8.96,-1.31
14.85,0.1
16.77,0.09
2.49,-1.75
5.13,-4.38
8.56,-3.89
10.89,-1.47
2.46,-1.87
8.59,-1.42
15.26,3.49
14.02,10.12
14.67,10.35
14.79,5.37
10.3,0.46
16.12,1.43
9.82,-0.57
10.18,-0.12
23.49,1.11
3.48,-3.46
11.27,-1.97
15.48,-2.14
6.4,-4.53
6.59,-1.86
6.79,-1.39
7.3,-1.85
18.64,0.02
26.85,13.42
26.94,16.07
20.76,10.84
11.96,0.71
2.58,-0.49
11.45,0.5
23.23,1.64
12.82,-0.68
16.81,1.67
18.83,5.71
20.12,8.98
15.0,9.74
13.69,10.61
19.6,4.84
20.6,4.28
21.95,6.37
14.9,0.18
17.49,0.89
23.43,5.22
27.57,14.09
29.0,18.53
25.78,17.89
26.36,13.95
19.53,11.9
27.58,9.84
23.39,8.08
26.05,9.82
28.76,15.58
29.14,14.87
30.48,18.33
29.8,17.0
31.41,18.14
32.67,20.07
31.81,18.8
26.39,16.44
28.48,17.48
23.84,18.24
26.02,17.02
31.09,17.91
30.07,18.45
29.81,15.12
27.91,14.06
28.6,13.62
30.9,18.14
30.5,18.28
32.42,18.67
32.93,20.16
31.01,21.57
27.29,20.51
29.11,19.5
29.45,18.14
30.8,19.65
27.42,12.66
24.99,12.02
28.7,13.87
26.76,15.25
31.11,18.21
32.09,18.1
32.87,17.67
26.06,18.04
25.91,18.71
28.12,19.72
29.09,14.5
29.05,15.23
31.4,18.51
33.86,20.79
34.22,21.98
33.46,22.56
32.94,21.17
30.92,21.49
27.0,18.91
25.05,18.26
25.11,17.77
28.04,20.13
24.03,19.96
26.07,19.46
28.89,18.44
30.73,19.96
32.04,20.11
32.81,22.63
32.89,22.48
32.26,21.8
31.35,22.01
34.56,22.74
34.24,21.46
28.31,13.41
27.61,14.73
31.49,17.81
32.91,19.94
33.1,20.68
30.02,16.02
29.55,15.84
31.93,17.32
33.19,20.77
29.08,21.24
30.02,19.76
30.74,15.18
29.92,15.47
30.32,17.99
29.2,18.31
25.12,18.88
26.78,16.75
25.98,16.64
28.86,17.28
30.38,17.17
29.92,16.39
27.09,14.41
27.35,15.07
27.69,18.02
24.59,18.76
24.84,17.53
27.04,16.29
29.33,16.87
30.44,19.32
32.1,19.62
32.83,20.04
32.41,20.26
30.01,20.62
29.98,18.51
29.63,18.73
30.43,19.85
30.4,17.24
30.3,17.0
29.86,16.44
30.97,18.9
25.77,19.65
27.26,20.56
28.16,20.09
29.13,18.5
30.28,19.31
28.69,20.13
27.37,17.42
25.47,11.68
26.62,12.33
24.47,14.1
28.88,20.52
32.34,21.96
32.55,21.77
32.94,21.57
31.38,19.27
29.03,17.53
30.82,18.84
29.86,19.71
32.24,20.8
33.29,20.98
33.63,20.54
32.95,21.04
31.0,20.6
27.96,18.81
19.51,15.13
16.36,13.69
19.57,12.87
22.58,13.46
23.73,15.05
30.19,16.59
31.32,17.43
31.59,19.32
29.61,20.3
30.2,18.65
32.88,18.72
33.02,19.48
33.5,20.83
31.08,15.44
16.94,13.86
24.27,13.98
21.72,17.08
25.47,19.47
21.94,11.59
16.43,7.66
22.84,8.89
22.76,9.73
27.19,11.67
29.6,14.42
30.19,19.21
30.75,19.55
27.29,17.61
31.39,18.77
31.53,18.09
31.65,18.31
31.35,19.64
30.71,19.36
24.99,11.84
16.12,2.23
12.66,2.73
12.38,3.68
13.18,7.3
12.68,1.4
12.03,1.45
16.55,-0.11
14.67,-0.34
14.42,0.8
17.31,-2.06
12.29,-1.79
19.08,1.23
17.8,0.69
14.71,1.22
14.07,3.48
9.77,6.09
12.6,3.83
18.61,3.07
16.81,2.52
20.8,5.5
18.65,8.26
11.15,5.01
9.49,0.72
14.04,0.74
16.35,7.3
16.09,8.91
15.58,3.51
12.81,-1.01
6.44,-0.13
6.72,-6.25
3.22,-6.91
7.0,-5.66
7.04,-0.18
2.18,-6.14
0.81,-6.06
1.39,-1.47
4.55,-1.26
8.09,0.57
10.93,0.78
5.99,1.9
3.79,-2.76
9.06,-3.51
11.11,-2.89
11.89,-0.96
13.69,0.59
15.66,0.23
2.35,-5.58
-3.58,-7.17
1.13,-7.63
7.2,-0.51
11.87,5.77
14.89,8.05
16.91,3.98
4.64,0.41
1.69,-1.96
0.42,-3.3
4.9,-5.72
3.76,-6.65
-1.87,-5.92
4.9,-7.49
1.75,-8.98
7.5,-7.28
11.15,1.21
10.26,4.68
10.44,6.1
8.82,3.28
10.24,-0.7
10.08,-3.11
7.93,-3.44
12.69,-1.5
8.59,5.14
6.65,-0.26
4.95,-1.53
3.27,-2.91
7.55,-3.16
8.43,-3.89
9.34,-3.64
14.02,4.69
13.92,-0.13
2.3,-2.59
7.21,-2.76
17.2,4.84
5.72,3.24
4.93,0.4
5.02,-0.91
10.26,0.05
12.32,-0.15
12.5,0.01
14.55,7.93
16.19,-1.28
-0.4,-6.47
-0.91,-7.09
1.03,-7.06
1.6,-1.5
0.76,-3.28
0.58,-7.1
1.19,-4.1
2.54,0.58
5.18,1.14
2.93,0.45
4.05,-10.19
-6.7,-16.89
-6.39,-16.84
7.66,-8.12
10.45,-4.42
-0.13,-11.75
-2.8,-11.96
2.31,-3.55
-0.1,-5.7
8.9,-9.82
-5.66,-16.64
-15.13,-20.34
-6.97,-18.62
1.49,-7.27
10.34,-2.95
18.38,2.82
13.73,4.01
12.57,3.74
14.68,9.5
17.41,-6.89
-2.36,-9.97
-0.31,-9.75
2.75,-3.66
10.16,1.68
11.66,-3.85
3.63,-3.7
13.53,0.87
2.17,-3.93
3.11,-4.49
0.87,-2.01
0.47,-5.23
2.25,-5.35
8.48,-1.28
7.78,-1.69
6.3,0.9
14.81,4.41
7.58,-5.02
4.98,-5.44
11.1,-3.21
15.15,-1.49
1.6,-0.87
3.94,-0.67
5.13,-0.29
0.58,-11.27
-6.12,-13.39
-3.49,-12.44
-0.54,-10.45
2.02,-3.89
3.44,-0.46
15.59,1.53
10.16,0.28
11.11,-2.27
10.71,-2.28
20.95,6.48
22.02,6.52
7.17,-0.82
9.28,-2.68
11.85,-3.18
9.48,-3.33
10.79,-2.49
13.43,2.22
7.9,1.59
11.35,-2.92
13.97,-2.37
14.52,5.56
9.5,-1.86
9.52,-2.44
15.66,-1.33
21.88,5.21
17.13,11.25
15.82,-1.35
3.89,-4.47
8.48,-3.11
15.12,-0.28
16.94,3.1
21.88,8.91
15.51,9.1
20.48,9.81
20.59,12.35
23.06,9.95
21.47,5.96
21.75,7.96
27.25,10.18
19.42,5.04
19.42,6.18
22.2,1.95
12.29,2.12
24.9,7.08
24.77,13.12
22.91,6.11
8.21,2.84
6.81,2.15
20.88,4.22
25.14,10.0
25.16,9.83
20.92,10.23
20.62,8.83
18.31,5.27
16.65,5.7
12.78,5.47
25.21,7.69
26.7,13.01
26.94,14.02
23.22,15.68
22.05,14.67
16.49,10.31
21.89,7.86
24.88,9.65
26.21,12.05
28.35,14.14
23.65,11.83
14.5,6.82
18.56,7.32
11.52,8.0
14.23,5.09
20.62,6.94
21.5,9.06
25.79,12.47
29.86,15.99
30.56,19.14
24.21,13.67
22.02,9.05
20.44,10.05
25.63,17.74
29.36,18.38
31.34,18.78
30.42,20.32
29.75,16.75
29.06,18.88
30.35,21.85
26.63,17.38
24.82,16.91
26.05,14.4
27.45,16.63
26.36,8.7
24.24,11.43
27.0,15.72
30.03,17.76
28.48,18.92
25.67,18.87
24.32,19.2
25.89,19.47
23.67,9.61
24.25,10.83
24.76,13.39
20.22,7.72
24.05,12.1
25.14,17.33
26.54,18.47
27.01,19.08
26.71,18.98
28.2,19.59
23.28,15.04
25.74,16.28
24.51,16.93
28.84,18.51
25.11,16.86
28.59,17.57
31.44,19.25
30.99,18.77
31.95,19.83
32.43,21.32
32.83,18.75
31.63,20.13
32.99,20.37
30.34,19.83
31.42,20.48
32.57,21.54
30.65,21.24
31.56,20.2
29.89,18.19
31.94,19.49
33.05,21.54
31.54,17.63
29.69,14.79
31.92,17.28
32.38,20.72
31.21,22.09
30.67,22.1
30.97,21.51
33.08,23.35
33.1,22.64
33.56,22.84
32.92,21.68
25.92,14.81
26.66,13.67
26.6,13.21
27.81,14.68
29.34,15.74
30.64,17.9
31.17,19.03
30.91,19.58
29.8,18.11
28.77,16.33
30.22,17.61
30.01,16.27
30.36,15.32
31.11,16.25
32.04,17.3
30.63,18.51
29.84,17.27
31.26,18.25
30.7,15.21
29.23,14.54
30.39,17.53
28.82,20.77
30.34,19.34
31.66,16.39
29.11,15.77
30.48,17.73
30.31,19.85
33.37,19.51
33.77,20.34
32.34,18.6
30.59,19.72
26.75,18.79
24.0,12.6
25.59,13.37
27.67,15.0
21.81,20.24
26.55,14.88
26.33,11.98
28.29,14.14
29.86,19.14
25.21,17.57
29.92,17.99
28.29,15.53
30.23,17.55
28.98,13.76
25.59,12.56
28.51,14.15
23.99,12.19
25.42,14.5
30.39,16.2
34.55,18.46
32.88,19.07
32.99,19.83
33.19,15.94
27.74,13.24
30.86,15.55
32.21,17.25
29.28,14.89
30.4,15.39
30.92,16.1
30.62,17.92
31.2,16.12
31.27,17.65
27.95,9.56
26.05,10.18
29.67,13.22
25.97,9.7
32.5,12.59
32.51,18.52
33.15,18.16
34.1,16.99
33.89,17.76
33.74,17.47
32.25,10.85
22.23,8.27
27.13,9.01
22.98,12.36
19.75,5.48
22.76,6.14
23.21,7.49
27.2,11.84
22.23,1.28
13.78,0.5
20.49,1.73
20.53,2.71
23.76,4.84
10.55,1.5
15.47,1.03
17.7,1.62
22.3,4.04
24.1,9.85
22.02,10.06
16.66,2.48
18.92,2.63
19.88,7.35
14.98,9.07
18.47,10.21
18.37,3.55
19.89,4.56
16.17,9.35
13.46,9.72
10.18,-2.54
8.59,-2.76
11.11,-2.3
12.22,-1.65
15.83,2.59
11.08,-1.46
12.58,-0.74
6.51,-6.57
2.48,-6.67
8.77,-2.53
17.81,3.8
12.54,-9.43
-5.09,-12.92
-0.06,-11.56
6.2,-5.53
6.41,-5.45
8.1,-4.11
8.67,-3.69
5.68,-0.64
7.28,-1.07
8.48,3.51
12.65,4.53
7.46,-1.34
3.93,-0.28
9.93,0.26
14.83,2.16
15.07,5.27
13.78,1.48
3.66,1.32
6.43,2.47
14.03,3.19
9.8,0.8
2.54,-0.54
4.22,-0.52
10.34,-2.34
11.5,-2.76
9.66,-4.13
7.56,-4.45
13.68,-1.41
13.8,-2.01
-1.35,-7.74
3.44,-7.37
7.1,-4.99
8.1,1.37
6.38,-1.01
1.74,-1.5
1.25,-0.9
2.45,-5.65
-0.79,-9.72
4.16,-8.5
7.84,-5.45
11.32,-3.58
12.56,-3.26
15.49,-1.92
16.09,-1.75
18.7,-0.98
17.47,8.49
15.12,6.72
16.0,7.22
16.49,4.93
5.41,1.21
2.72,-0.11
9.22,-0.56
10.65,6.13
10.77,3.55
3.92,-2.06
9.21,-2.45
8.76,-2.4
9.1,-1.88
5.17,-2.5
14.19,-2.09
17.49,10.19
18.45,2.23
5.52,1.24
7.86,1.69
10.61,-0.34
13.55,1.05
5.03,-5.0
3.03,-4.59
11.0,-7.98
-7.18,-10.06
-3.1,-8.73
0.18,-8.88
3.86,-8.22
8.82,0.18
7.76,1.26
1.8,-0.56
7.16,-2.84
3.55,-2.43
1.75,0.07
2.54,-0.17
4.16,0.0
3.71,0.05
5.95,-0.08
17.62,1.27
20.44,4.54
14.28,0.13
3.03,-0.29
0.54,-2.86
1.39,-2.96
2.24,-4.56
10.41,-3.34
7.05,0.41
5.41,-1.51
2.6,-0.88
2.85,-12.22
-4.21,-12.9
7.45,-9.91
10.4,-1.68
12.07,0.1
10.52,-3.56
6.61,-3.81
1.5,-9.3
3.32,-9.19
9.68,-6.15
13.41,1.25
7.16,4.74
7.94,2.14
3.24,-3.66
2.41,-3.9
2.94,-6.6
3.95,-6.54
17.34,-2.55
12.56,8.66
14.63,0.52
16.31,-0.79
15.58,-0.27
2.82,-4.73
10.29,-4.66
18.36,-0.08
17.83,9.2
13.81,5.7
11.23,3.57
16.66,3.99
11.41,2.19
6.03,1.11
7.34,1.25
8.94,3.6
12.32,3.49
15.87,5.04
20.26,12.15
21.76,0.41
3.5,-1.43
6.2,-1.08
11.94,2.85
11.86,3.35
17.15,3.84
21.01,6.85
24.62,12.89
26.17,16.48
18.79,7.77
16.57,5.28
8.48,4.23
12.08,0.21
16.72,2.23
21.27,6.55
21.44,7.47
15.75,7.37
21.68,8.87
26.26,13.87
27.53,7.21
13.05,0.23
11.17,0.82
17.17,5.51
16.71,8.92
9.53,0.7
8.84,-2.92
11.14,-3.93
10.25,-0.31
11.19,0.89
12.87,1.36
14.58,3.06
19.01,5.14
14.72,0.15
22.01,3.94
13.38,9.99
19.71,7.69
19.11,6.79
15.94,2.01
19.51,5.6
24.32,13.63
18.23,7.06
10.05,5.85
20.33,6.72
27.91,13.33
22.78,6.52
21.55,7.86
9.16,4.55
15.73,3.12
19.74,7.43
12.77,-2.12
13.55,0.5
18.44,3.08
10.77,1.86
16.0,4.86
13.88,8.67
27.7,13.68
24.0,16.11
27.02,17.42
25.49,15.89
19.8,14.21
18.99,11.9
14.65,11.48
18.4,12.53
25.23,14.05
28.35,17.06
30.23,17.58
30.85,17.75
29.83,19.16
25.73,18.45
27.44,17.5
24.56,13.02
23.14,10.92
22.49,7.89
25.22,12.61
31.0,18.27
31.49,20.42
29.27,17.83
30.52,18.46
32.81,16.08
29.33,16.06
30.66,18.92
28.89,22.98
31.36,14.99
27.31,12.99
29.58,12.71
26.88,13.05
24.11,11.06
25.31,13.01
27.37,13.92
28.5,14.47
28.82,16.23
31.48,17.52
32.55,18.21
28.96,19.1
30.13,19.66
26.33,16.44
27.33,14.36
29.08,16.82
31.12,21.32
25.96,20.0
27.42,21.09
30.69,20.3
29.4,20.25
31.67,19.99
31.94,18.6
32.5,19.68
33.81,20.1
33.74,20.65
32.81,20.47
33.3,21.05
32.71,20.63
33.38,21.21
29.99,18.68
31.68,17.15
28.37,16.21
28.39,15.79
30.7,16.83
31.81,20.37
27.23,17.92
30.75,19.82
32.78,22.68
33.41,21.43
31.88,21.11
32.29,20.4
29.39,21.05
29.64,18.69
30.5,17.7
31.19,19.06
33.13,21.7
32.04,20.7
30.32,18.1
31.32,20.17
23.45,19.8
25.77,19.69
27.28,17.25
26.76,17.22
27.36,16.83
25.01,12.25
24.38,13.54
26.03,14.21
26.88,13.13
28.63,15.52
30.74,18.21
29.49,19.29
28.98,19.59
28.56,20.13
29.98,20.45
27.46,18.94
30.22,18.6
28.26,16.04
29.7,17.21
24.91,13.87
25.59,12.88
26.71,13.94
27.74,16.8
27.52,18.01
29.02,18.66
30.94,19.8
32.16,20.03
31.15,21.33
28.45,22.37
28.55,20.69
29.29,13.97
26.27,15.94
26.36,17.86
27.4,19.97
27.51,20.17
28.78,15.64
26.02,9.59
27.01,11.28
27.07,15.37
29.47,17.01
30.47,16.29
30.66,16.76
29.95,18.24
22.98,17.35
28.48,17.68
27.36,14.18
26.0,11.45
22.9,8.93
25.92,9.4
27.1,10.86
19.98,6.05
20.4,4.7
22.89,5.68
23.76,6.66
23.89,8.35
22.53,9.9
24.43,10.67
26.12,11.8
24.71,13.7
26.25,13.93
18.83,6.49
17.82,6.65
24.68,5.2
20.22,2.33
17.15,3.66
18.61,6.68
16.62,0.0
17.55,1.23
22.86,4.93
29.09,6.88
26.17,7.49
27.82,9.45
23.47,16.07
26.06,16.09
24.95,4.56
21.11,4.58
25.78,6.34
17.14,-0.3
14.76,-1.22
17.22,0.44
16.28,9.07
12.69,7.88
16.96,8.68
21.2,11.97
27.44,12.99
25.53,6.59
12.65,5.78
10.83,6.08
9.5,6.93
10.99,6.98
12.14,8.49
11.3,3.94
10.17,-0.92
14.92,0.33
11.02,-3.14
10.01,-2.46
18.34,0.59
22.03,5.48
19.72,4.02
21.42,3.56
23.41,3.91
26.68,9.4
26.12,10.99
25.38,11.69
13.1,-0.1
13.14,-0.2
13.51,-1.95
17.1,0.03
13.9,1.68
13.52,1.31
6.83,-2.04
10.08,-2.03
18.64,6.05
17.61,8.87
10.54,6.6
9.92,1.38
9.61,1.78
11.13,4.37
15.06,7.9
10.65,7.35
12.84,-0.5
9.69,-2.54
11.76,-2.32
2.91,-2.06
1.24,-6.07
6.83,-5.84
6.95,-3.65
7.16,-2.36
7.28,-3.8
3.82,-3.57
1.3,-1.46
2.71,-0.81
13.75,-1.49
16.46,-1.35
17.99,4.64
16.36,3.87
5.86,2.02
2.32,-6.26
2.26,-5.92
1.43,-1.42
0.42,-5.53
3.58,-5.72
5.64,0.3
7.01,0.51
9.47,0.46
7.9,-0.79
13.48,-1.26
-1.46,-10.81
-7.76,-11.55
3.76,-9.82
12.0,-1.57
3.14,-3.09
5.85,-3.55
11.43,-2.09
0.46,-2.27
10.59,0.39
3.91,1.3
2.68,-2.52
8.0,-2.23
2.03,-0.17
3.02,-0.89
3.84,-0.6
0.66,-1.95
0.32,-6.81
0.25,-6.68
-1.37,-4.43
3.21,-4.13
8.36,-2.13
9.3,-0.19
6.24,-1.39
1.66,-1.29
1.42,-1.6
2.78,-1.83
7.25,-2.56
3.55,-2.9
10.65,-1.85
3.18,-9.5
2.03,-9.5
1.42,-1.23
4.0,-0.28
7.47,-0.69
0.84,-8.42
-0.57,-10.74
1.56,-10.58
3.79,-3.49
5.89,-2.23
-0.63,-5.75
1.05,-6.09
3.12,-5.19
4.18,-3.69
3.56,-5.48
2.52,-10.63
-4.44,-11.84
1.82,-8.42
-0.4,-5.57
-3.54,-7.16
-2.73,-7.25
-1.4,-6.4
-2.15,-9.29
-3.31,-9.86
-6.57,-11.61
-6.53,-16.57
-3.82,-15.32
-0.97,-11.58
-1.71,-14.29
0.93,-11.12
8.23,-8.18
4.92,1.13
13.25,0.5
17.16,-2.06
8.8,-1.98
7.73,-0.14
13.03,6.37
16.96,2.21
8.47,-4.52
7.57,-4.53
17.37,-2.1
11.94,-3.75
8.82,-4.37
9.41,-3.8
11.39,-3.39
18.56,-1.37
19.62,1.06
21.2,9.19
18.57,7.16
16.0,4.86
13.0,-0.12
10.45,1.17
5.61,1.15
15.39,3.0
17.39,5.61
16.71,-0.03
11.18,-1.94
16.34,-1.85
19.51,1.17
19.9,4.31
19.77,9.06
22.6,6.74
17.98,8.03
14.45,4.24
23.43,5.96
11.63,-1.52
15.33,-0.14
23.27,5.41
11.71,-1.68
5.29,-5.32
9.39,-3.98
18.19,0.37
23.96,5.48
25.09,7.34
25.89,9.34
27.35,12.44
21.4,10.77
27.06,11.41
18.61,9.05
11.72,7.96
20.44,7.98
19.29,9.1
17.03,2.98
14.03,0.54
17.08,2.47
14.32,1.65
17.94,2.93
20.16,2.69
18.01,-1.21
8.77,-1.31
12.99,0.07
16.27,3.45
11.99,6.52
17.75,3.19
24.28,6.81
27.93,16.74
26.41,17.16
20.89,9.6
22.13,2.09
22.93,4.76
24.94,13.71
22.9,15.5
21.54,8.9
17.13,3.31
17.91,4.16
17.96,2.22
15.6,4.88
17.16,2.34
16.78,4.54
16.47,4.21
17.54,3.18
19.69,4.03
21.56,4.84
22.64,10.13
21.49,12.76
22.13,14.39
25.79,15.1
27.21,15.66
28.88,15.02
28.83,13.4
29.78,14.82
30.34,15.89
31.12,16.06
31.14,18.02
25.63,17.34
27.58,17.81
22.68,7.91
14.41,4.54
19.83,6.59
23.5,10.71
23.82,14.5
18.82,16.13
22.49,13.91
29.5,14.75
29.46,16.77
27.91,19.37
27.74,20.26
25.2,20.74
25.5,20.72
27.49,20.26
30.63,19.29
33.2,19.88
31.65,15.01
31.44,13.65
27.54,13.3
27.27,13.32
29.76,15.75
32.54,18.78
28.43,18.15
30.87,21.76
27.8,12.62
22.38,10.6
25.36,12.98
28.13,18.53
27.66,22.01
30.14,21.57
31.64,20.94
32.57,21.06
34.17,21.31
29.0,20.5
25.83,14.76
24.72,13.25
26.08,14.82
30.05,18.38
31.48,19.7
31.9,19.25
30.82,20.88
28.16,16.87
24.57,16.45
26.43,17.88
26.05,20.17
28.06,21.01
27.43,18.78
29.13,19.98
31.05,20.61
28.65,20.51
27.27,19.28
27.56,17.19
28.29,17.4
29.06,17.59
27.65,17.06
27.91,16.64
29.14,17.49
30.43,18.97
30.94,21.21
31.86,17.34
31.24,18.08
31.02,19.8
31.25,20.34
27.96,17.16
22.7,14.19
27.28,12.48
26.16,13.53
27.34,13.61
27.99,14.85
29.33,16.17
28.75,18.0
30.45,18.65
31.12,19.72
26.35,21.55
32.68,23.02
32.67,23.88
33.84,21.0
30.75,20.63
28.44,18.99
24.49,18.49
27.82,19.57
29.27,19.34
30.93,20.51
30.1,19.19
31.14,19.21
31.37,19.07
32.74,19.76
33.26,20.34
33.67,21.31
31.12,20.12
33.78,20.42
33.4,20.34
33.1,21.23
32.64,21.26
26.35,20.0
26.08,18.64
26.62,13.3
26.23,13.27
26.18,14.47
26.22,17.89
26.45,12.8
28.76,13.61
28.97,16.81
27.44,12.28
25.44,11.72
26.21,12.45
27.74,15.5
29.45,17.93
30.12,18.38
30.59,19.55
25.12,14.97
28.27,15.86
30.89,17.32
31.83,18.22
29.79,18.97
23.12,18.59
24.4,13.91
15.37,9.54
19.54,6.89
23.22,8.12
21.48,7.37
24.19,8.51
28.91,14.5
29.26,15.19
29.51,14.89
28.04,13.11
26.94,13.24
24.77,15.4
24.26,16.34
23.18,14.97
25.9,15.88
24.82,16.88
24.72,15.97
26.25,14.39
28.58,14.51
28.83,18.08
27.65,17.82
20.71,11.67
24.86,12.43
28.11,18.74
24.73,9.76
17.1,4.83
20.28,4.6
21.85,5.14
21.9,6.09
22.96,7.36
21.23,9.73
12.89,7.15
16.15,7.25
23.87,12.56
16.75,8.41
14.42,1.79
15.51,1.87
12.59,8.51
16.39,10.54
13.62,9.24
17.36,2.78
12.67,2.16
9.77,-2.45
9.83,-2.48
10.85,-2.57
12.06,-2.36
14.68,-1.47
17.58,-0.72
21.14,2.06
17.76,3.39
21.02,6.37
17.08,3.01
10.68,1.57
4.63,0.49
5.67,-2.63
5.34,-2.14
16.8,-0.11
19.4,4.28
8.67,-3.7
5.86,-4.19
12.48,-1.24
8.2,-1.31
4.86,-6.4
5.94,-6.45
13.15,-0.64
9.03,-3.95
1.67,-4.37
9.84,-0.23
8.37,-5.56
7.43,-6.03
13.25,-0.37
11.73,3.37
18.67,1.89
17.68,1.74
13.17,0.73
17.25,2.23
6.91,-5.51
-1.51,-5.32
5.72,-5.2
15.01,-1.35
19.07,9.46
17.13,-2.5
9.34,-2.96
12.29,-1.86
14.42,-1.18
18.39,11.76
16.58,-0.63
8.63,-0.67
12.15,-1.76
1.89,-5.32
6.7,-5.31
7.42,-4.74
3.06,-5.4
11.62,-3.77
17.63,9.23
20.69,7.55
15.66,6.43
20.78,5.76
12.63,4.48
9.97,5.74
9.43,5.78
17.74,8.67
14.43,3.35
2.54,-5.14
1.29,-6.58
6.25,-6.12
6.5,-8.53
-6.64,-12.82
-6.67,-13.19
6.34,-10.86
6.49,-8.41
0.68,-10.28
1.8,-10.11
10.41,-1.04
8.36,-1.51
2.25,-2.74
0.6,-6.18
1.34,-6.29
-1.76,-4.53
6.5,-4.85
9.87,-6.86
-3.43,-8.55
-2.8,-13.02
0.51,-12.91
3.02,-7.47
5.48,-7.18
-1.34,-14.45
-4.21,-14.96
2.25,-9.48
-0.74,-16.33
-2.75,-16.45
5.43,-7.28
5.46,-6.26
16.3,-0.27
8.1,-1.2
-0.67,-6.82
-4.02,-11.45
-4.64,-12.34
3.63,-9.95
2.36,-9.27
8.98,-7.92
11.39,-1.26
6.99,-2.36
12.94,-1.85
-1.31,-7.83
-1.44,-9.14
0.93,-9.21
13.0,-7.09
17.21,8.17
13.22,-5.03
1.96,-5.78
0.94,-6.22
15.28,-4.27
18.07,4.12
16.66,-1.98
-1.17,-2.72
2.78,-1.65
0.16,-3.68
3.54,-5.39
9.9,-5.26
11.7,-3.64
19.36,2.04
21.0,2.07
8.97,-0.98
13.79,-0.97
23.78,7.16
21.42,11.49
15.44,0.46
4.94,0.36
10.24,-1.03
11.8,-0.89
8.39,-8.39
-1.91,-8.68
11.6,-3.5
18.31,2.77
20.08,2.8
21.98,2.95
22.64,4.9
17.76,8.1
9.08,2.15
17.75,1.76
21.76,3.54
19.51,9.41
19.94,6.48
11.76,4.67
7.61,2.72
5.79,-2.42
6.82,-5.6
6.99,-4.91
9.16,0.63
26.55,7.8
8.51,1.12
7.01,-2.88
13.11,-1.43
16.03,1.32
16.15,5.69
14.07,6.43
14.07,5.82
12.09,2.36
9.2,1.17
7.83,-1.78
18.5,-0.09
18.26,10.69
22.43,11.25
21.44,4.03
16.84,3.89
21.77,7.7
17.92,1.72
11.06,2.01
7.6,0.88
12.04,1.59
19.8,6.86
18.93,7.74
26.57,10.67
29.34,16.0
28.5,17.92
19.9,3.38
15.22,2.08
19.28,4.03
19.48,7.66
22.84,11.97
26.41,13.55
23.08,6.46
22.51,9.53
26.1,10.42
15.53,10.44
17.01,12.34
22.42,9.9
17.32,7.95
21.8,9.68
26.25,12.73
29.21,17.22
30.75,12.77
30.17,14.6
29.48,15.01
29.58,13.82
30.23,13.06
25.55,10.91
28.17,13.16
22.62,14.64
27.89,15.77
30.76,20.19
29.26,17.12
20.25,10.97
18.73,10.1
24.06,12.09
29.01,18.24
22.74,14.32
20.43,11.07
22.8,12.08
27.72,14.56
30.86,17.79
31.13,18.62
30.94,19.09
24.35,12.61
26.99,11.68
28.37,12.64
28.56,15.42
27.61,18.26
27.38,16.27
28.59,14.11
25.55,14.25
22.17,14.5
26.0,15.39
29.5,19.75
33.65,23.81
34.42,23.35
34.02,23.68
33.37,24.26
30.36,15.59
26.3,11.41
26.54,12.21
30.71,13.59
33.59,17.97
34.49,16.58
30.15,14.98
30.94,15.69
30.91,18.12
28.94,14.92
26.61,10.87
26.07,10.14
29.55,13.83
32.95,20.0
33.01,21.16
30.51,19.4
30.64,17.77
32.75,21.01
35.88,23.92
34.7,22.69
27.62,21.67
25.68,20.4
26.15,16.08
29.56,16.87
30.6,19.62
30.5,17.04
30.26,18.13
29.52,16.2
28.98,19.93
31.58,21.38
24.89,20.91
28.73,19.57
30.89,21.11
33.36,20.18
31.45,19.48
32.94,20.84
31.35,22.73
32.06,22.11
27.15,19.83
25.61,19.13
28.71,21.06
30.46,20.81
27.19,15.35
27.31,17.25
26.57,18.81
29.66,19.82
27.89,19.09
32.57,21.0
28.57,20.97
28.3,21.41
30.96,20.72
31.78,21.12
32.04,21.94
29.75,21.3
27.78,16.43
28.95,15.53
25.51,13.32
27.16,15.53
26.42,18.43
26.69,15.6
27.67,15.47
27.68,15.24
29.05,15.22
29.99,16.71
29.34,18.45
27.03,17.5
26.85,15.78
28.01,14.22
29.14,14.68
29.63,16.15
29.8,17.9
30.08,18.85
32.76,20.88
31.97,20.24
29.11,14.02
27.69,13.5
29.6,15.33
30.16,17.93
25.1,18.71
26.9,19.47
27.81,20.02
26.08,15.97
26.64,13.49
26.14,13.32
29.0,15.74
28.76,18.44
25.8,13.71
22.24,12.21
21.38,12.57
26.76,13.04
28.13,13.01
28.42,13.88
28.82,14.22
29.27,15.85
28.68,15.8
31.41,16.65
34.52,16.6
21.9,6.24
19.93,7.92
25.44,12.37
23.92,10.35
20.99,5.42
19.67,3.53
16.59,4.36
20.02,5.44
21.72,6.44
23.46,6.92
22.02,6.78
21.53,3.29
22.33,3.29
24.63,5.17
24.38,8.35
16.72,0.44
14.95,-0.18
18.22,1.46
23.1,5.34
24.06,7.48
24.2,6.38
18.24,1.39
20.04,2.36
17.79,3.02
22.13,4.43
10.03,1.1
6.92,-0.14
12.34,-2.17
15.08,-0.72
22.56,5.11
25.23,10.26
25.39,9.43
25.34,10.29
22.97,7.88
12.22,0.2
14.83,1.21
19.53,3.23
20.99,4.3
16.12,9.48
17.66,12.38
19.89,7.57
17.83,6.38
22.84,6.26
24.5,11.4
21.74,7.77
21.87,5.59
19.59,6.48
17.56,5.07
23.49,5.15
22.44,7.81
17.21,-0.27
0.2,-1.86
3.49,-1.95
6.69,-1.8
5.43,1.56
3.41,-1.8
0.33,-3.33
1.59,-7.85
2.32,-8.09
1.88,-7.99
9.5,-5.39
13.88,-4.18
15.38,-3.22
17.19,-1.66
12.8,-3.31
12.84,-3.45
12.77,5.41
7.96,4.77
16.19,0.87
3.53,-6.31
4.42,-6.71
13.73,1.71
12.15,-6.25
5.58,-6.59
7.71,-3.61
11.46,6.11
10.5,5.23
7.64,4.87
9.25,5.09
8.36,4.67
8.03,1.99
7.55,-0.53
8.4,-0.5
12.47,5.13
7.33,1.15
4.7,-0.75
1.05,-4.22
1.33,-7.54
1.08,-7.38
7.45,-5.69
6.73,-5.37
6.8,-21.93
-16.23,-22.29
-8.55,-16.64
-6.51,-14.12
-2.87,-8.91
-0.17,-4.83
9.86,-3.61
14.26,8.75
16.31,8.8
