20170101
7.95,-1.0
12.8,6.18
13.15,-3.58
-1.47,-6.78
-5.5,-13.63
-9.46,-15.67
-8.38,-16.35
-5.31,-15.07
4.85,-6.43
12.85,-1.2
18.0,0.37
18.68,-0.88
1.85,-0.77
3.08,0.63
3.9,0.67
14.94,3.83
15.28,3.15
5.0,1.78
10.87,2.83
15.06,7.66
18.42,6.22
15.89,6.75
9.13,3.5
7.48,2.02
15.1,1.75
2.64,-0.91
2.05,-3.89
1.81,-3.68
0.12,-6.55
7.14,-7.52
8.22,3.12
6.69,-2.07
2.22,-5.16
-0.47,-10.76
4.75,-10.91
11.11,-1.77
16.18,-0.81
16.05,2.94
5.65,-4.38
-2.21,-8.61
12.41,-4.59
18.48,9.08
16.03,-2.62
9.58,-2.66
11.68,1.76
7.3,-1.77
9.6,-0.22
19.89,4.2
17.25,6.16
15.82,2.05
20.17,3.44
18.69,9.55
20.6,12.16
20.58,13.48
24.86,2.33
2.24,-5.95
8.69,-5.12
11.03,4.98
18.34,8.54
15.56,0.77
7.54,-1.72
4.29,-2.56
10.97,-1.15
19.5,0.08
17.37,9.53
13.93,5.2
16.2,2.57
21.42,1.35
6.84,-3.38
2.98,-5.62
4.07,-4.95
3.22,-4.05
0.57,-6.76
1.97,-7.59
6.59,-6.14
9.34,1.43
6.61,-0.84
10.71,0.64
18.09,5.08
17.2,-0.17
6.94,-1.49
15.49,-0.81
24.27,13.2
25.17,13.46
19.08,6.95
20.41,7.95
15.99,9.16
17.1,8.66
24.8,11.05
13.3,4.86
10.13,2.62
19.11,4.82
21.42,12.4
20.29,8.7
24.39,5.43
9.14,1.63
13.67,-0.22
18.88,3.65
25.64,9.89
26.44,15.21
19.38,5.9
21.38,7.05
26.63,8.91
28.57,12.54
28.23,16.87
26.86,13.19
21.86,10.4
25.63,13.28
27.8,16.71
27.61,10.45
16.18,7.59
13.0,5.68
19.18,6.72
24.19,9.57
24.5,12.38
28.86,15.37
18.37,7.49
21.76,9.98
27.34,15.95
26.11,13.03
17.54,7.93
19.54,4.64
13.73,7.38
14.62,7.52
10.66,4.5
17.08,3.65
17.96,1.02
18.91,5.39
21.34,11.36
29.24,14.09
21.23,11.86
19.07,7.09
23.85,10.76
27.98,13.07
28.6,14.22
29.66,17.3
28.78,20.6
28.9,18.15
28.54,16.0
28.08,15.92
25.34,8.83
22.23,9.56
23.99,13.54
18.23,13.05
18.35,10.35
26.55,14.97
28.7,16.76
23.95,15.19
28.21,13.48
27.23,12.55
27.36,10.58
27.04,10.32
29.16,12.29
31.07,14.47
30.95,18.88
30.09,15.08
25.35,11.77
20.54,10.24
24.43,10.84
28.34,14.19
29.68,16.2
31.21,18.71
32.96,21.11
30.68,19.05
30.75,19.1
28.21,18.51
30.93,18.64
31.21,21.01
28.43,16.59
27.52,14.9
29.44,17.24
32.16,20.28
27.74,20.97
25.29,16.54
25.86,11.62
25.99,11.3
24.24,10.53
24.04,10.99
27.54,16.1
31.07,20.71
29.35,19.94
29.12,16.92
30.18,16.78
30.97,19.27
29.88,19.22
29.15,20.63
26.08,18.35
30.98,16.75
28.08,14.11
29.13,17.66
29.96,22.12
27.13,19.85
32.21,22.15
30.89,21.83
29.65,15.31
28.33,16.03
30.07,17.48
31.0,19.7
31.76,18.05
31.34,19.94
32.62,22.26
33.72,23.17
33.49,21.14
29.69,19.52
29.72,16.63
27.81,16.11
30.44,18.42
29.22,22.57
28.3,15.79
26.14,13.08
28.42,15.36
30.02,17.89
29.06,17.84
29.37,17.12
30.05,19.23
24.24,11.07
25.34,13.55
22.3,16.95
24.94,14.3
26.86,11.46
27.6,13.87
29.03,15.7
27.6,17.14
27.32,13.59
28.11,16.14
27.82,17.59
30.73,18.52
31.94,20.96
31.06,20.57
29.29,18.37
31.38,18.37
32.11,19.18
32.04,20.98
28.9,15.05
26.56,11.22
26.16,11.8
25.63,11.26
26.01,12.08
27.98,14.15
26.56,16.54
26.4,14.68
27.88,15.67
27.66,14.97
15.86,12.1
20.98,11.86
27.49,13.12
30.42,15.71
22.91,8.55
19.97,7.52
21.04,7.57
24.91,9.35
23.42,8.24
23.09,8.22
22.48,9.11
20.99,14.23
18.33,15.68
22.78,12.67
27.54,13.01
29.08,14.89
30.03,16.63
28.03,19.14
26.7,17.54
30.37,18.18
32.36,18.96
32.33,17.37
32.15,16.5
32.46,15.03
31.77,15.26
32.02,17.0
29.73,12.31
23.23,7.89
25.23,7.4
23.04,5.99
23.77,7.18
26.48,11.14
28.6,14.17
26.77,16.88
23.92,16.43
27.16,17.33
28.17,13.92
20.18,14.91
22.63,15.67
22.39,16.47
19.09,13.89
17.98,11.97
23.26,11.23
28.41,13.89
23.33,7.48
17.22,3.38
20.14,3.69
21.22,4.96
23.89,7.07
25.23,7.66
24.24,10.12
25.5,13.9
17.57,8.03
11.64,5.6
11.08,0.39
17.32,0.36
14.53,2.17
4.32,1.37
3.88,-1.29
8.75,-0.34
7.83,-0.35
15.59,2.46
20.13,13.21
16.37,7.28
19.25,9.19
23.74,9.71
12.5,6.83
9.09,4.64
11.61,-0.5
13.52,-1.66
3.26,-4.05
6.87,-3.4
9.22,2.31
7.51,1.6
11.51,1.02
10.04,0.92
4.51,-0.85
15.64,0.8
18.09,2.61
3.78,-3.69
9.75,-3.51
13.59,-2.33
5.14,-4.35
8.31,-2.75
14.1,-1.36
15.32,-1.75
12.4,-2.26
17.51,0.57
17.67,4.57
14.8,2.98
12.44,-2.2
12.21,-2.41
13.38,-1.59
15.13,-1.24
18.37,4.03
9.41,-2.32
7.24,-2.32
-0.06,-8.05
0.16,-8.76
-0.22,-6.61
3.39,-6.41
9.11,-4.41
0.04,-7.83
7.73,-6.09
0.34,-6.34
1.18,-4.65
10.57,-0.75
7.24,2.99
7.88,4.97
10.03,2.33
9.75,-1.42
12.99,-1.52
12.33,3.11
3.5,-0.85
1.45,-6.14
-2.01,-7.68
-5.0,-16.08
-8.92,-16.44
-5.11,-12.42
-3.43,-7.06
-5.68,-14.78
-8.85,-18.73
-11.94,-21.44
-7.82,-21.44
-3.68,-16.92
-7.24,-17.8
-8.25,-19.63
-6.55,-19.85
3.27,-10.16
3.33,-0.08
5.55,-0.26
14.74,4.23
15.04,-1.32
-0.86,-10.15
-5.02,-15.99
-5.38,-16.12
-2.14,-15.89
-11.88,-17.56
-5.99,-14.15
0.49,-12.13
5.0,-6.87
9.6,0.55
12.85,6.48
13.55,2.62
3.73,-0.89
0.37,-5.76
8.23,-5.19
14.15,0.33
10.21,-2.13
11.52,-2.94
1.68,-5.13
1.03,-5.7
11.84,-0.79
6.66,-10.76
-4.01,-11.68
4.49,-6.39
3.74,-9.85
-1.9,-10.08
0.41,-3.58
-0.31,-8.36
0.48,-8.09
10.85,-1.28
5.62,-0.37
1.72,-6.18
4.63,-6.58
7.22,-4.39
15.21,5.67
20.13,9.03
7.82,-1.6
2.71,-1.53
12.74,-1.56
23.21,12.56
25.52,11.68
11.76,3.79
11.44,4.1
16.34,8.05
15.27,7.01
9.31,-0.68
13.3,-0.83
16.61,0.48
13.42,10.05
14.34,0.49
9.51,-2.52
10.63,-1.98
11.38,-0.83
9.6,0.33
14.03,-0.46
3.97,-2.05
0.47,-4.5
7.06,-3.85
10.47,-0.63
7.32,-1.64
5.53,-3.75
5.41,-5.29
5.46,-4.61
14.99,-2.28
8.88,-1.86
8.09,-1.29
14.83,0.04
16.84,0.19
2.66,-1.67
4.57,-4.47
8.32,-3.93
10.74,-1.54
2.34,-1.97
8.51,-1.34
15.15,3.79
13.9,10.29
14.61,10.57
14.84,5.57
9.78,0.3
16.12,1.56
9.8,-0.31
10.04,0.12
23.6,1.23
3.48,-3.36
11.17,-1.75
15.36,-2.19
6.32,-4.38
6.55,-1.67
6.67,-1.12
7.32,-1.6
18.5,0.32
26.74,13.67
26.85,16.39
20.57,11.32
12.09,0.85
2.49,-0.46
11.35,0.67
23.15,1.86
12.71,-0.42
16.71,1.95
18.78,6.04
20.0,9.11
15.04,9.79
13.64,10.64
19.55,5.04
20.57,4.47
21.83,6.55
14.69,0.38
17.39,1.31
23.31,5.13
27.6,14.16
28.93,18.71
25.87,17.83
26.53,14.04
19.44,11.77
27.27,9.96
23.3,7.84
25.98,9.71
28.67,15.7
28.86,14.66
30.35,18.01
29.6,16.94
31.19,17.94
32.49,20.18
31.66,18.86
26.02,16.38
28.3,17.47
23.87,18.24
25.82,16.92
30.85,17.89
29.95,18.48
29.62,14.92
27.68,13.83
28.47,13.38
30.76,18.26
30.16,18.34
32.3,18.87
32.81,20.1
31.0,21.49
27.26,20.49
28.89,19.5
29.14,17.99
30.6,19.69
27.19,12.54
24.95,11.75
28.58,13.75
26.32,14.88
30.94,18.09
31.95,18.0
32.71,17.64
26.23,18.08
25.85,18.68
27.86,19.77
29.01,14.24
29.02,15.0
31.27,18.22
33.81,20.71
34.25,21.68
33.44,22.36
32.88,21.1
30.9,21.62
26.67,18.89
24.85,18.26
25.06,17.86
28.13,20.03
23.91,19.89
25.93,19.48
28.73,18.46
30.78,19.83
32.1,19.9
32.88,22.48
32.71,22.42
32.18,21.75
31.04,21.92
34.47,22.65
34.12,21.51
28.31,13.49
27.67,14.85
31.39,17.65
32.69,19.71
32.88,20.68
29.89,15.7
29.6,15.65
31.9,17.36
33.17,20.56
29.02,21.26
29.87,20.03
30.63,14.92
29.88,15.39
30.25,18.18
28.44,18.19
24.93,19.04
26.86,16.73
25.95,16.65
28.46,16.99
30.23,17.1
29.73,16.55
26.87,14.21
27.18,15.0
27.62,17.97
24.89,18.82
24.94,17.76
26.81,16.51
29.07,16.86
30.36,19.36
31.88,19.53
32.62,20.2
32.16,20.29
29.95,20.79
29.71,18.39
29.49,18.57
30.36,19.93
30.13,17.08
29.97,16.99
29.62,16.42
30.65,18.76
25.69,19.59
27.01,20.64
27.8,20.08
28.91,18.42
29.97,19.29
28.5,20.07
27.12,17.33
25.11,11.49
26.32,12.48
24.53,14.09
28.29,20.47
32.16,21.86
32.22,21.7
32.53,21.48
31.13,19.43
28.78,17.47
30.75,18.77
29.6,19.53
32.04,20.86
33.12,21.15
33.49,20.62
32.7,21.1
30.79,20.47
28.02,18.82
19.48,14.96
16.25,13.64
19.27,13.2
22.18,13.93
23.76,15.2
30.04,16.7
31.28,17.71
31.47,19.58
29.32,20.46
29.74,18.63
32.67,18.64
32.87,19.42
33.28,20.74
31.07,15.47
16.91,13.83
23.92,13.99
21.51,17.28
25.37,19.8
21.82,11.64
16.17,7.38
22.72,8.91
22.64,9.95
27.16,11.94
29.49,15.0
30.07,19.46
30.66,19.89
27.25,18.05
31.22,18.79
31.38,18.21
31.6,18.65
31.29,19.8
30.72,19.42
24.98,12.15
16.36,2.45
12.54,3.01
12.23,3.97
13.25,7.54
12.74,1.78
11.99,1.72
16.5,0.0
14.61,-0.07
14.53,1.22
17.13,-1.66
12.14,-1.3
19.1,1.58
17.71,1.05
14.51,1.5
13.86,3.94
9.56,6.45
11.9,4.03
18.47,3.35
16.62,2.77
20.75,5.31
18.58,8.8
11.15,5.1
8.58,0.7
13.7,0.77
16.29,7.01
16.02,9.46
15.6,3.55
12.6,-0.91
6.35,-0.2
6.74,-6.03
2.71,-6.87
6.91,-5.63
6.92,0.07
2.3,-5.77
0.72,-5.8
1.35,-1.3
4.0,-1.03
7.59,0.86
10.96,0.97
5.74,2.12
3.62,-2.51
8.41,-3.22
10.21,-2.71
11.46,-1.08
13.15,0.76
15.12,0.5
2.29,-5.19
-3.64,-7.08
0.67,-7.57
6.39,-0.58
11.13,5.49
14.7,7.74
17.12,3.99
4.66,0.37
1.55,-2.02
-0.16,-3.53
5.09,-6.11
3.38,-6.83
-2.09,-5.92
4.6,-7.58
1.29,-9.1
7.48,-7.56
10.84,1.02
9.96,4.23
10.46,5.95
8.45,3.46
9.79,-0.52
9.57,-3.22
7.79,-3.56
12.38,-1.67
8.57,5.09
6.53,-0.31
4.86,-1.55
3.07,-2.84
7.18,-3.08
8.28,-4.0
9.28,-3.68
13.8,4.61
13.99,-0.11
2.21,-2.58
6.66,-2.7
17.04,4.74
5.67,3.17
4.92,0.4
4.7,-1.03
10.14,0.08
12.15,-0.25
12.12,-0.16
14.39,7.43
16.16,-1.43
-0.64,-6.34
-1.36,-6.94
0.9,-6.78
1.31,-1.67
0.49,-3.12
0.24,-7.54
1.05,-4.4
2.24,0.4
4.87,1.09
2.58,0.71
3.81,-10.39
-7.21,-17.22
-6.67,-17.23
7.39,-8.28
10.45,-4.27
-0.26,-11.83
-2.99,-12.02
2.13,-3.64
-0.39,-5.93
8.82,-9.75
-5.87,-16.78
-15.29,-20.73
-7.15,-18.97
1.09,-7.46
10.06,-2.89
18.23,2.65
13.67,4.02
12.34,3.92
14.62,9.61
17.32,-6.78
-2.46,-9.93
-0.34,-9.77
2.57,-3.74
9.81,1.83
11.6,-3.68
3.46,-3.65
13.37,1.16
2.16,-3.93
2.89,-4.53
0.67,-1.96
0.32,-5.51
2.18,-5.55
8.38,-1.19
7.66,-1.54
6.17,0.96
14.78,4.39
7.43,-5.0
4.74,-5.41
10.85,-2.96
14.81,-1.38
1.67,-0.71
3.88,-0.53
5.18,-0.11
0.37,-10.8
-6.12,-13.24
-3.67,-12.34
-0.63,-10.22
2.05,-3.98
3.42,-0.38
15.45,1.52
9.73,0.32
10.8,-2.3
10.61,-2.25
20.98,6.43
21.84,6.51
7.1,-0.77
8.95,-2.79
11.58,-3.29
9.24,-3.39
10.68,-2.35
13.47,1.96
7.95,1.79
10.89,-2.9
13.93,-2.2
14.96,5.5
9.36,-1.91
9.51,-2.46
15.55,-1.14
21.99,4.98
16.89,11.28
15.74,-1.28
3.71,-4.43
8.4,-2.89
14.96,-0.05
16.84,3.39
21.82,8.95
15.42,9.3
20.46,10.08
20.53,12.72
22.85,10.08
21.4,5.84
21.67,8.1
27.13,10.38
19.4,5.14
19.52,6.33
22.69,2.03
12.11,2.15
24.82,7.2
24.53,13.31
23.09,6.36
8.36,2.67
6.59,2.24
20.63,4.36
24.94,10.18
25.15,9.98
21.24,10.39
20.72,9.36
18.17,5.2
16.7,6.02
12.63,5.54
25.26,7.85
26.65,13.08
26.88,14.05
23.41,15.72
22.15,14.81
16.68,10.57
21.7,7.86
24.79,9.73
26.08,12.14
28.34,14.23
23.6,12.12
14.76,6.91
18.74,7.44
11.57,8.24
13.84,5.09
20.39,7.0
21.27,8.8
25.57,12.61
29.7,15.83
30.36,19.32
24.09,13.92
22.06,8.99
20.82,10.07
25.47,17.9
29.15,18.38
31.17,18.49
30.28,20.03
29.67,16.69
28.88,19.1
30.23,21.88
26.38,17.43
24.49,16.88
25.9,14.13
27.31,16.55
26.36,8.45
24.06,11.38
26.95,15.88
29.84,17.61
28.32,18.89
25.4,18.86
24.11,19.18
25.88,19.46
23.65,9.39
24.01,10.78
24.57,13.53
19.93,7.49
23.96,12.2
25.21,17.31
26.51,18.42
27.04,18.93
26.6,18.76
28.28,19.44
23.14,15.21
25.72,16.43
24.46,16.62
28.82,18.44
24.94,16.86
28.5,17.5
31.38,19.18
30.93,18.59
31.91,19.74
32.31,21.23
32.65,18.61
31.56,20.14
32.87,20.26
30.15,19.91
31.27,20.5
32.43,21.4
30.49,20.96
31.5,20.07
29.85,18.05
31.82,19.51
32.88,21.46
31.32,17.59
29.61,14.51
31.77,17.32
32.19,20.65
31.17,22.04
30.64,22.07
30.78,21.28
32.89,23.22
32.94,22.38
33.42,22.57
32.72,21.62
25.91,14.76
26.43,13.42
26.44,13.07
27.64,14.52
29.17,15.64
30.5,17.75
31.03,18.84
30.81,19.44
29.7,18.02
28.64,16.35
30.15,17.76
29.86,16.31
30.22,15.24
30.93,16.14
31.81,17.28
30.46,18.49
29.66,17.15
31.07,18.33
30.43,15.11
28.98,14.4
30.28,17.76
28.69,20.77
30.24,19.16
31.42,16.27
28.97,15.63
30.38,17.69
30.39,19.91
33.22,19.58
33.57,20.46
32.14,18.48
30.52,19.71
26.66,18.75
23.75,12.5
25.51,13.38
27.65,15.25
21.7,20.12
26.36,14.78
26.08,11.8
28.09,14.23
29.76,19.16
25.21,17.61
29.88,17.99
28.22,15.51
30.04,17.77
28.99,13.74
25.56,12.39
28.44,14.16
23.92,12.05
25.44,14.45
30.32,16.31
34.49,18.64
32.83,18.92
32.95,19.75
33.17,16.02
27.54,13.18
30.85,15.76
32.28,17.29
29.24,14.85
30.48,15.45
30.84,16.21
30.44,17.86
31.1,16.0
31.18,17.84
27.93,9.35
26.03,10.23
29.66,13.15
25.95,9.8
32.36,13.04
32.58,18.66
33.12,18.1
33.99,17.47
33.79,17.89
33.74,17.49
32.27,11.37
22.21,8.48
27.03,9.34
23.03,12.47
19.56,5.69
22.65,6.29
23.2,8.15
27.07,12.23
22.35,1.44
13.68,0.44
20.35,1.68
20.38,2.94
23.66,5.18
10.37,1.52
15.4,1.09
17.68,1.74
22.28,4.45
24.12,10.29
22.0,10.43
16.53,2.45
18.8,2.85
20.06,7.14
15.03,9.27
18.33,10.47
18.33,3.72
20.15,4.81
16.17,9.45
13.48,10.12
10.55,-2.55
8.49,-2.82
11.01,-2.42
12.12,-1.75
15.8,2.6
10.95,-1.58
12.69,-0.82
6.41,-6.52
2.4,-6.64
8.64,-2.58
17.78,3.7
12.81,-8.98
-5.1,-12.89
-0.16,-11.52
6.05,-5.52
6.37,-5.49
8.0,-4.15
8.81,-3.69
5.64,-0.52
7.53,-1.0
8.59,3.48
12.59,4.64
7.31,-1.25
3.94,-0.12
9.85,0.3
14.69,2.09
14.86,5.15
13.61,1.51
3.54,1.37
6.32,2.48
13.82,3.12
9.55,0.74
2.49,-0.58
3.95,-0.59
10.24,-2.54
11.2,-2.99
9.51,-4.35
7.42,-4.51
13.43,-1.3
13.63,-1.69
-1.6,-7.89
3.09,-7.47
6.78,-5.01
8.08,1.71
6.3,-0.94
1.66,-1.39
1.1,-0.79
2.32,-5.61
-0.93,-9.87
4.02,-8.52
7.7,-5.59
11.28,-3.62
12.4,-3.21
15.25,-1.95
15.91,-1.77
18.66,-0.94
17.47,8.38
14.82,6.97
15.85,7.38
16.36,4.97
5.36,1.27
2.74,0.0
9.13,-0.58
10.58,5.88
10.79,3.67
3.75,-2.11
8.99,-2.45
8.65,-2.51
9.02,-1.92
4.87,-2.49
14.07,-2.0
17.38,10.0
18.41,2.31
5.52,1.32
7.93,1.75
10.25,-0.13
13.35,1.07
4.83,-5.05
2.69,-4.76
10.81,-7.99
-7.31,-10.14
-3.02,-8.71
0.11,-9.05
3.84,-8.43
8.76,0.04
7.72,1.17
1.63,-0.55
7.07,-2.95
3.44,-2.58
1.76,0.01
2.32,-0.28
3.94,-0.19
3.62,0.02
5.8,-0.05
17.62,1.15
20.05,4.53
14.13,0.06
2.9,-0.15
0.76,-2.89
1.27,-2.99
2.18,-4.77
10.22,-3.53
7.33,0.43
5.33,-1.62
2.55,-0.96
2.87,-11.96
-4.27,-12.73
7.28,-9.72
10.29,-1.92
11.97,-0.22
10.46,-3.72
6.52,-3.9
1.24,-9.61
3.28,-9.43
9.65,-6.66
13.35,1.12
7.03,4.39
7.84,2.15
3.22,-3.79
2.14,-4.01
2.77,-6.94
3.77,-6.6
17.11,-2.83
12.48,8.73
14.57,0.35
16.28,-0.74
15.52,-0.16
2.69,-4.75
10.31,-4.63
18.28,-0.08
17.84,8.98
13.66,5.9
11.14,3.61
16.62,4.26
11.29,2.16
5.93,1.12
7.2,1.23
8.84,3.53
12.11,3.34
15.75,4.92
20.14,12.3
21.78,0.51
3.38,-1.52
6.11,-1.19
11.75,2.87
11.87,3.4
17.09,3.88
20.87,7.02
24.43,12.93
26.11,16.49
18.63,7.84
16.47,5.23
8.37,4.41
11.91,0.32
16.63,2.44
21.06,6.49
21.83,7.76
15.82,7.66
21.53,9.15
26.2,13.86
27.56,7.56
13.15,0.35
11.12,0.99
17.11,5.31
16.79,9.61
9.63,1.0
8.8,-2.99
11.23,-3.92
10.29,-0.37
11.28,1.1
12.73,1.57
14.51,3.09
18.9,5.3
14.73,0.13
21.9,4.06
13.21,10.09
19.5,7.84
19.2,7.08
15.64,2.12
19.37,5.92
24.24,13.73
18.38,7.24
9.92,5.92
20.21,6.85
27.78,12.97
22.82,6.4
21.56,7.74
9.13,4.52
15.55,2.79
19.58,7.22
12.55,-2.26
13.33,0.67
18.31,3.06
10.59,1.69
15.9,5.09
13.97,8.5
27.6,13.81
23.73,16.23
26.81,17.45
25.67,16.15
19.68,14.2
18.67,11.71
14.69,11.36
18.37,12.59
25.17,14.22
28.15,17.0
30.13,17.4
30.7,17.64
29.76,19.03
25.65,18.51
27.38,17.47
24.47,12.98
23.1,10.58
22.34,7.56
25.18,12.54
30.91,18.32
31.38,20.49
29.19,17.79
30.5,18.32
32.82,16.08
29.25,15.94
30.61,18.9
28.93,22.95
31.45,14.85
27.22,12.72
29.45,12.53
26.76,13.06
23.97,11.09
25.25,13.03
27.22,13.79
28.38,14.3
28.65,16.33
31.41,17.27
32.4,18.07
29.3,19.2
29.96,19.74
26.21,15.98
27.2,14.1
28.95,16.84
30.9,21.3
25.91,19.9
27.34,21.11
30.63,20.19
29.33,20.16
31.73,19.71
31.96,18.42
32.48,19.58
33.72,19.9
33.68,20.37
32.73,20.2
33.03,20.81
32.93,20.55
33.28,21.14
29.72,18.45
31.35,17.19
28.2,16.11
28.35,15.63
30.67,16.76
31.76,20.49
27.41,17.72
30.74,19.83
32.66,22.48
33.28,21.26
31.9,21.08
32.31,20.34
29.21,21.02
29.44,18.65
30.46,17.55
31.09,19.0
33.06,21.58
31.92,20.6
30.22,17.81
31.3,20.18
23.37,19.8
25.76,19.83
27.44,17.35
26.64,17.34
27.29,16.82
24.94,12.24
24.24,13.76
26.02,14.39
26.81,13.15
28.54,15.62
30.76,18.17
29.22,19.23
28.86,19.54
28.46,20.2
29.99,20.55
27.13,19.0
30.07,18.54
28.16,15.86
29.51,17.2
24.81,13.93
25.47,12.76
26.64,14.44
27.67,17.02
27.21,17.82
28.87,18.44
30.7,19.64
31.94,19.89
31.04,21.28
28.33,22.38
28.31,20.7
29.12,13.91
26.16,16.11
26.4,17.83
27.57,20.14
27.61,20.39
28.77,16.04
26.0,9.81
26.98,11.64
27.13,15.36
29.42,16.89
30.41,16.21
30.65,16.79
30.06,18.33
22.98,17.21
28.61,17.61
27.34,14.2
26.06,11.31
22.78,8.94
25.98,9.48
27.05,11.04
20.02,6.06
20.42,4.72
22.86,5.85
23.61,6.61
23.86,8.27
22.5,10.05
24.45,10.77
26.11,11.91
24.81,13.65
26.3,13.9
19.08,6.36
17.8,6.64
24.36,5.45
20.07,2.63
16.99,3.91
18.59,6.95
17.0,0.47
17.59,1.64
22.77,4.91
28.89,7.16
26.01,7.77
27.67,9.58
23.35,16.4
25.77,16.39
24.75,4.87
21.03,4.88
25.63,6.49
17.02,0.12
14.55,-0.92
17.13,0.93
16.07,9.44
12.78,8.31
16.81,9.12
21.28,12.19
27.35,13.17
25.39,6.81
12.6,5.98
10.89,6.31
9.58,7.16
11.1,7.28
12.18,8.81
11.33,4.59
10.04,-0.76
14.87,0.51
11.0,-3.1
9.93,-2.36
18.34,0.73
21.99,5.59
19.6,3.93
21.44,3.62
23.42,4.01
26.75,9.39
26.2,11.13
25.42,11.99
13.01,0.0
13.08,-0.07
13.56,-1.83
16.99,0.33
13.77,1.72
13.38,1.26
6.61,-2.02
10.0,-2.03
18.57,5.95
17.63,9.03
10.47,6.83
10.05,1.42
9.42,1.97
10.94,4.32
14.89,7.87
10.58,7.41
12.81,-0.36
9.67,-2.47
11.76,-2.32
2.88,-1.92
1.02,-6.18
6.74,-5.84
6.91,-3.64
7.11,-2.37
7.11,-3.84
3.65,-3.64
1.11,-1.57
2.54,-0.94
13.6,-1.46
16.34,-1.35
17.88,4.75
16.38,3.85
5.82,2.17
2.26,-6.32
2.05,-5.8
1.29,-1.39
0.32,-5.46
3.58,-5.67
5.47,0.19
6.92,0.43
9.31,0.45
7.71,-0.62
13.38,-1.06
-1.56,-10.78
-7.72,-11.6
3.61,-9.87
11.77,-1.38
2.86,-2.99
5.63,-3.56
11.36,-2.01
0.32,-2.3
10.38,0.37
3.74,1.28
2.52,-2.36
7.91,-2.02
1.8,-0.15
2.9,-0.92
3.76,-0.65
0.51,-1.97
0.29,-7.03
0.17,-6.99
-1.44,-4.46
3.12,-4.11
8.22,-2.09
9.1,-0.2
6.18,-1.4
1.49,-1.27
1.34,-1.58
2.39,-1.92
7.11,-2.51
3.26,-2.74
10.6,-1.89
3.09,-9.66
2.01,-9.62
1.29,-1.31
3.84,-0.24
7.26,-0.68
0.73,-8.5
-0.52,-10.9
1.56,-10.7
3.57,-3.48
5.76,-2.36
-0.87,-5.9
1.01,-6.33
2.87,-5.23
4.0,-3.64
3.33,-5.57
2.32,-10.81
-4.74,-11.91
1.74,-8.5
-0.55,-5.74
-3.89,-7.24
-2.86,-7.35
-1.31,-6.44
-2.12,-9.15
-3.24,-9.63
-6.58,-11.57
-6.45,-16.69
-3.81,-15.38
-0.96,-11.15
-1.69,-14.51
0.88,-11.28
8.15,-8.1
4.66,1.12
13.1,0.34
17.07,-2.19
8.71,-1.99
7.86,-0.22
13.18,6.35
16.82,2.44
8.33,-4.52
7.48,-4.52
17.27,-2.59
11.87,-3.87
8.79,-4.25
9.24,-3.85
11.23,-3.41
18.54,-1.31
19.58,0.94
21.15,9.05
18.43,7.42
15.95,4.87
12.76,-0.17
10.6,1.17
5.56,1.21
15.25,3.01
17.25,5.68
16.64,0.05
11.05,-1.83
16.34,-1.74
19.49,1.41
19.92,4.38
19.86,9.28
22.61,6.76
17.93,8.1
14.27,4.22
23.33,6.36
11.39,-1.6
15.25,0.1
23.21,5.57
11.57,-1.65
5.0,-5.29
9.32,-3.8
18.03,0.67
23.79,5.48
24.95,7.4
25.76,9.39
27.3,12.91
21.3,10.9
26.98,11.72
18.44,9.07
11.61,7.9
20.43,7.91
19.2,9.2
16.86,3.08
13.82,0.38
17.03,2.6
14.09,1.49
17.84,3.05
20.04,2.67
18.22,-1.04
8.53,-1.25
12.91,-0.12
16.26,3.45
12.03,6.7
17.71,3.29
24.28,7.31
27.83,16.86
26.55,17.25
20.78,9.64
22.05,1.81
22.81,4.77
24.89,13.61
22.91,15.5
21.91,9.06
17.0,3.17
17.92,4.41
17.77,2.19
15.7,4.97
17.28,2.19
16.79,4.65
16.53,4.27
17.46,3.07
19.56,4.02
21.49,4.79
22.59,10.42
21.38,12.76
22.02,14.05
25.84,14.91
27.22,15.44
28.88,14.83
28.77,13.34
29.75,14.82
30.22,15.83
31.04,15.93
31.07,18.09
25.72,17.28
27.53,17.83
22.43,8.0
14.18,4.48
19.62,6.83
23.46,10.78
23.71,14.62
18.65,16.24
22.53,13.76
29.45,14.69
29.44,16.76
27.85,19.43
27.65,20.2
25.32,20.73
25.4,20.74
27.35,20.37
30.57,19.27
33.13,19.88
31.58,15.0
31.35,13.55
27.41,13.16
27.15,13.11
29.68,15.93
32.4,18.63
28.35,18.05
30.79,21.9
27.86,12.61
22.22,10.41
25.24,13.02
28.14,18.56
27.61,21.85
30.05,21.39
31.6,20.82
32.58,21.01
34.15,21.35
29.04,20.55
25.5,15.16
24.71,13.26
26.02,14.91
29.98,18.58
31.44,19.81
31.82,19.18
30.73,20.83
27.99,16.95
24.63,16.34
26.49,17.86
26.18,20.17
27.94,21.06
27.32,18.75
29.05,19.99
30.93,20.61
28.53,20.45
27.23,19.4
27.39,17.1
28.2,17.29
28.96,17.38
27.53,16.66
27.82,16.15
29.05,17.21
30.37,18.81
30.91,21.1
31.84,17.21
31.14,17.82
30.88,19.79
31.08,20.22
28.07,17.25
22.7,14.18
27.18,12.31
26.04,13.48
27.29,13.51
27.82,14.94
29.24,16.12
28.62,17.92
30.22,18.35
31.02,19.75
26.12,21.54
32.41,22.71
32.5,23.58
33.57,20.98
30.75,20.64
28.24,18.92
24.48,18.42
27.54,19.54
29.19,19.19
30.75,20.44
29.86,18.93
30.9,18.98
31.17,18.88
32.44,19.45
33.04,20.22
33.4,21.2
30.98,19.94
33.46,20.38
33.11,20.13
32.87,21.2
32.38,21.19
25.99,20.09
25.71,18.58
26.57,13.13
26.2,13.17
26.15,14.62
26.3,17.87
26.36,12.55
28.57,13.72
28.78,16.8
27.34,12.01
25.35,11.48
26.18,12.4
27.56,15.42
29.28,17.84
30.01,18.38
30.45,19.37
25.18,15.04
28.18,16.08
30.86,17.36
31.73,18.08
29.71,19.05
22.85,18.5
24.22,13.87
15.39,9.52
19.37,6.69
23.13,8.27
21.4,7.19
24.13,8.64
28.71,14.42
29.16,14.8
29.41,14.7
27.6,12.62
26.69,12.75
24.8,15.01
23.62,16.42
23.06,14.88
25.82,15.7
24.64,16.84
24.84,15.95
26.02,14.49
28.16,14.68
28.66,17.93
27.52,17.95
21.13,11.71
24.91,12.52
27.89,18.76
24.33,10.01
16.93,4.65
20.04,4.43
21.64,4.99
21.82,6.11
22.82,7.26
21.48,9.54
12.76,7.23
15.95,7.38
23.51,12.56
16.64,8.49
14.51,1.62
15.37,1.69
12.58,8.51
16.27,10.61
13.26,9.31
17.25,2.56
12.61,2.2
9.75,-2.61
9.81,-2.58
10.86,-2.63
12.08,-2.41
14.54,-1.49
17.63,-0.67
21.09,2.05
17.7,3.21
20.95,6.37
17.08,3.03
10.67,1.46
4.5,0.48
5.47,-2.69
5.24,-2.22
16.65,-0.21
19.28,4.25
8.55,-3.81
5.76,-4.32
12.29,-1.17
7.97,-1.42
4.75,-6.53
5.89,-6.66
12.99,-0.77
8.87,-3.89
1.69,-4.31
9.74,-0.25
8.16,-5.74
7.23,-6.21
13.01,-0.63
11.53,3.29
18.49,1.67
17.43,1.84
13.02,0.54
16.98,2.16
6.5,-5.71
-1.64,-5.41
5.5,-5.14
14.69,-1.36
18.9,9.52
17.03,-2.53
9.22,-3.0
12.16,-1.8
14.3,-1.12
18.18,11.75
16.48,-0.76
8.69,-0.7
12.04,-1.71
1.87,-5.43
6.65,-5.42
7.34,-4.9
2.9,-5.46
11.51,-3.82
17.52,9.32
20.58,7.41
15.44,6.34
20.7,5.65
12.2,4.38
9.77,5.73
9.32,5.79
17.58,8.63
14.31,3.13
2.22,-5.43
1.14,-6.8
6.12,-6.26
6.41,-8.75
-6.78,-12.84
-6.89,-13.23
6.18,-11.07
6.47,-8.55
0.3,-10.65
1.67,-10.4
10.32,-1.13
8.25,-1.72
2.0,-2.96
0.43,-6.33
1.17,-6.44
-2.01,-4.43
6.31,-4.82
9.77,-6.86
-3.49,-8.53
-2.8,-13.27
0.49,-13.2
2.83,-8.0
5.2,-7.1
-1.53,-14.77
-4.23,-15.34
2.05,-9.5
-0.9,-16.93
-2.94,-17.03
5.37,-7.56
5.42,-6.19
16.11,-0.19
7.99,-1.05
-0.77,-6.82
-4.24,-11.45
-4.62,-12.38
3.6,-9.84
2.45,-9.51
8.68,-8.0
11.29,-1.19
6.86,-2.41
12.79,-1.83
-1.26,-7.85
-1.68,-9.39
0.72,-9.28
12.61,-6.96
16.96,8.11
13.04,-4.98
1.85,-5.78
0.66,-6.33
15.05,-4.22
17.9,4.38
16.52,-1.98
-1.11,-2.58
2.64,-1.72
-0.04,-3.75
3.24,-5.55
9.78,-5.39
11.62,-3.61
19.28,1.91
20.77,2.11
8.76,-0.99
13.63,-0.92
23.79,7.48
21.13,12.04
15.1,0.47
4.97,0.42
10.04,-1.2
11.73,-0.95
8.18,-8.31
-2.05,-8.6
11.5,-3.59
18.16,2.85
20.03,2.66
21.96,2.96
22.6,5.09
17.7,8.34
8.92,2.12
17.63,1.87
21.67,3.68
19.43,9.49
19.89,6.53
11.78,4.61
7.47,2.68
5.35,-2.31
6.46,-5.75
6.83,-4.85
9.1,0.5
26.49,7.9
8.6,1.14
6.97,-2.88
12.69,-1.01
15.9,1.75
16.01,5.49
13.75,6.37
13.88,5.82
11.9,2.21
9.02,1.14
7.51,-1.82
18.28,0.33
17.93,10.65
22.27,11.42
21.16,4.15
16.69,4.09
21.65,7.83
17.91,1.63
10.86,2.0
7.29,0.94
11.87,1.76
19.7,6.91
18.69,7.44
26.49,11.1
29.22,16.21
28.33,18.16
20.23,3.29
15.11,1.92
19.03,4.41
19.35,7.65
22.78,11.95
26.28,13.45
23.1,6.27
22.48,9.87
26.09,10.24
15.4,10.33
17.03,12.21
22.37,9.82
16.97,7.83
21.66,9.86
26.14,12.72
29.01,17.18
30.49,12.26
29.98,14.78
29.26,15.07
29.47,13.75
30.21,13.06
25.43,10.6
28.04,13.15
22.82,14.79
27.74,15.87
30.67,20.37
29.25,17.24
20.14,10.83
18.42,9.86
23.82,11.99
28.95,18.24
22.54,14.2
20.21,11.01
22.78,12.03
27.62,14.88
30.84,17.82
31.01,18.3
30.96,19.08
24.23,12.55
26.89,11.47
28.23,12.66
28.4,15.53
27.43,18.29
27.24,16.34
28.58,14.06
25.38,14.17
22.17,14.5
25.83,15.32
29.45,19.72
33.52,23.92
34.32,23.07
33.96,23.46
33.34,24.08
30.16,15.44
26.12,11.07
26.46,12.0
30.63,13.19
33.49,17.99
34.36,16.23
30.05,14.64
30.86,15.42
30.83,17.94
28.96,14.61
26.47,10.76
25.91,9.92
29.44,13.87
32.82,20.17
32.85,21.02
30.43,19.37
30.48,17.41
32.6,21.27
35.68,23.7
34.58,22.46
27.6,21.53
25.41,20.34
25.98,16.0
29.51,16.83
30.49,19.82
30.42,16.82
30.12,18.03
29.31,15.94
28.94,19.87
31.51,21.31
24.69,20.92
28.65,19.26
30.75,21.06
33.2,20.09
31.34,19.13
32.82,20.56
31.29,22.63
31.99,22.11
27.17,19.96
25.68,19.14
28.61,20.99
30.35,20.79
27.04,15.03
27.19,17.33
26.39,18.6
29.49,19.75
27.85,18.9
32.41,21.15
28.63,21.11
28.26,21.53
30.67,20.46
31.62,21.06
31.78,21.85
29.73,21.32
27.63,16.22
28.74,15.38
25.39,13.21
27.11,15.69
26.31,18.21
26.54,15.37
27.5,15.33
27.51,15.06
28.84,14.96
29.73,16.7
29.09,18.33
26.77,17.37
26.48,15.54
27.76,13.92
28.88,14.56
29.4,16.39
29.52,17.75
29.9,18.79
32.54,20.9
31.71,20.17
28.82,13.68
27.57,13.53
29.53,15.04
30.08,17.95
25.45,18.74
26.95,19.49
27.87,20.03
26.06,16.13
26.58,13.27
26.13,13.38
29.06,15.96
28.58,18.38
25.87,13.84
22.11,12.21
21.33,12.68
26.71,12.99
28.03,12.87
28.39,13.58
28.75,13.94
29.14,15.96
28.57,15.77
31.22,16.56
34.42,16.82
21.84,6.36
19.99,7.77
25.3,12.38
23.85,10.38
20.87,5.2
19.63,3.66
16.42,4.52
20.04,5.5
21.78,6.54
23.34,7.02
22.0,6.83
21.53,3.27
22.27,3.33
24.51,5.32
24.24,8.29
16.63,0.38
14.94,-0.19
18.08,1.51
22.95,5.18
23.9,7.43
24.45,6.63
18.16,1.31
19.97,2.28
17.71,3.0
22.04,4.71
10.02,1.12
6.74,0.05
12.3,-2.24
14.9,-0.68
22.35,5.09
25.03,10.3
25.29,9.19
25.28,10.17
23.29,7.85
11.95,0.23
14.87,1.36
19.62,3.49
20.95,4.57
16.22,9.74
17.57,12.45
19.95,7.45
17.8,6.3
22.75,6.21
24.44,11.28
21.81,7.83
21.89,5.59
19.61,6.36
17.48,4.92
23.54,5.05
22.39,7.8
17.16,-0.16
0.16,-1.72
3.37,-1.83
6.71,-1.74
5.53,1.56
3.21,-1.76
0.2,-3.39
1.5,-7.88
2.24,-8.1
1.72,-7.94
9.33,-5.59
13.81,-4.36
15.39,-3.36
17.24,-1.58
12.64,-3.42
12.8,-3.51
12.58,5.37
7.87,4.83
16.02,1.14
3.4,-6.42
4.37,-6.76
13.68,1.67
11.87,-6.38
5.57,-6.67
7.81,-3.75
11.31,6.36
10.35,5.31
7.51,4.92
9.24,4.97
8.19,4.6
7.94,1.98
7.41,-0.63
8.21,-0.55
12.49,5.12
7.19,1.12
4.7,-0.67
0.83,-4.22
1.17,-7.62
0.9,-7.44
7.47,-5.87
6.61,-5.53
6.74,-22.11
-16.49,-22.46
-8.68,-16.71
-6.65,-14.07
-2.98,-8.89
-0.21,-4.64
9.67,-3.51
14.12,8.61
16.23,8.96
