20170101
7.84,-0.92
12.78,6.2
13.15,-3.32
-1.39,-6.71
-5.54,-13.68
-9.42,-15.51
-8.47,-16.23
-5.28,-14.92
4.65,-6.31
12.82,-1.18
17.94,0.54
18.65,-0.73
1.85,-0.65
2.99,0.59
3.86,0.64
14.93,3.75
15.41,3.13
5.0,1.85
10.78,2.81
15.24,7.55
18.28,6.08
15.95,6.86
9.24,3.68
7.39,1.87
15.03,1.75
2.62,-0.86
1.96,-3.77
1.68,-3.61
0.07,-6.45
7.14,-7.43
8.2,3.18
6.61,-2.01
2.25,-5.18
-0.6,-10.89
4.73,-10.97
11.13,-1.96
16.06,-0.78
16.01,2.92
5.73,-4.22
-2.27,-8.78
12.31,-4.56
18.43,8.96
16.2,-2.55
9.45,-2.56
11.59,1.77
7.21,-1.81
9.32,-0.2
19.83,4.05
17.13,6.14
15.72,1.81
20.04,3.37
18.78,9.37
20.42,12.17
20.55,13.47
24.94,2.61
2.25,-5.96
8.59,-5.17
10.9,4.96
18.21,8.5
15.71,0.81
7.41,-1.66
4.09,-2.61
10.52,-1.27
19.42,0.05
17.25,9.48
13.73,5.13
16.17,2.31
21.45,1.25
6.71,-3.58
2.86,-5.74
4.01,-4.92
3.43,-4.15
0.48,-6.77
1.8,-7.69
6.51,-6.07
9.23,1.2
6.57,-1.13
10.5,0.42
17.55,4.95
17.04,-0.35
6.75,-1.61
15.6,-0.8
24.19,13.19
25.21,13.43
19.07,6.8
20.53,7.96
15.93,8.93
16.9,8.46
24.82,11.14
13.33,4.88
9.88,2.57
18.99,4.86
21.23,12.48
20.22,8.65
24.64,5.62
8.88,1.65
13.54,-0.3
18.65,3.93
25.56,9.96
26.45,15.13
19.39,5.95
21.2,7.32
26.46,9.05
28.46,12.7
28.13,16.81
26.88,13.4
21.83,10.54
25.5,13.65
27.7,16.73
27.63,10.61
16.22,7.66
12.9,5.69
18.88,6.85
24.01,9.91
24.34,12.52
28.73,15.5
18.54,7.47
21.96,10.09
27.31,16.06
26.4,13.08
17.77,7.98
19.48,4.61
13.85,7.65
14.92,7.6
10.1,4.5
16.92,3.66
17.81,0.75
18.82,5.71
20.5,11.35
29.15,14.02
21.25,11.88
18.88,6.98
23.7,10.79
27.97,12.97
28.48,14.17
29.6,17.51
28.72,20.72
28.75,18.16
28.44,16.08
28.09,16.07
25.26,8.82
22.05,9.57
24.0,13.66
18.4,13.19
18.16,10.34
26.44,15.1
28.64,16.85
23.7,15.26
28.07,13.48
27.11,12.47
27.28,10.54
26.97,10.2
29.03,12.24
31.02,14.29
30.87,19.03
29.92,15.23
25.24,11.78
20.19,10.28
24.35,10.69
28.21,14.38
29.59,16.2
31.12,18.69
32.84,21.28
30.36,19.1
30.31,19.1
28.14,18.59
30.88,18.56
31.19,21.14
28.46,16.68
27.43,14.94
29.3,17.47
32.05,20.53
27.77,20.93
25.4,16.58
25.83,11.52
25.96,11.26
24.1,10.45
23.93,10.96
27.45,16.43
31.05,20.85
29.33,20.01
29.07,16.9
30.15,16.71
31.0,19.39
29.79,19.24
29.11,20.72
26.04,18.33
30.95,16.73
27.98,14.01
29.04,17.85
29.92,22.11
27.07,19.81
32.2,22.2
30.93,21.82
29.6,15.31
28.29,16.07
29.99,17.53
30.99,19.8
31.75,18.02
31.31,19.93
32.63,22.29
33.71,23.13
33.38,21.16
29.64,19.57
29.69,16.66
27.76,16.1
30.41,18.58
29.23,22.58
28.28,15.81
26.1,13.04
28.36,15.48
30.01,18.0
28.93,17.68
29.29,17.0
29.95,19.36
24.35,10.95
25.27,13.84
22.28,16.93
24.76,14.34
26.82,11.24
27.57,14.0
28.95,15.7
27.54,17.33
27.27,13.59
28.08,16.16
27.63,17.58
30.68,18.43
31.93,21.12
31.01,20.78
29.21,18.24
31.3,18.34
32.0,19.18
31.93,21.15
28.95,15.03
26.53,11.09
26.08,11.77
25.51,11.14
25.93,12.01
28.0,14.21
26.37,16.54
26.33,14.49
27.77,15.7
27.59,14.82
15.76,12.05
20.44,11.98
27.28,13.03
30.23,15.6
22.98,8.56
19.75,7.58
20.83,7.69
24.72,9.42
23.34,8.21
23.01,8.2
22.42,8.93
20.9,14.2
18.13,15.63
22.6,12.43
27.34,12.85
28.86,14.77
29.8,16.47
27.98,18.98
26.49,17.45
30.15,18.08
32.16,18.81
32.2,17.34
32.05,16.39
32.4,14.93
31.62,15.09
31.87,16.78
29.81,12.07
23.19,7.83
25.12,7.38
22.87,5.89
23.6,7.16
26.38,11.05
28.53,13.97
26.81,16.83
23.75,16.45
27.02,17.36
28.14,13.98
20.31,14.91
22.64,15.64
22.54,16.5
19.47,13.98
17.99,11.85
23.15,11.19
28.27,13.85
23.53,7.37
17.13,3.29
20.07,3.66
21.17,4.81
23.75,7.08
25.14,7.54
24.19,10.12
25.39,13.71
17.53,7.93
11.71,5.53
11.12,0.29
17.13,0.38
14.86,2.13
4.35,1.38
3.79,-1.14
8.73,-0.3
7.8,-0.2
15.55,2.61
20.06,13.34
16.19,7.17
19.03,9.09
23.77,9.67
12.48,6.72
9.01,4.63
11.55,-0.45
13.43,-1.62
3.14,-3.98
6.69,-3.38
9.33,2.3
7.4,1.79
11.4,1.21
10.04,0.94
4.28,-0.64
15.47,0.94
18.05,2.71
3.77,-3.66
9.62,-3.38
13.52,-2.23
5.13,-4.32
8.24,-2.75
13.93,-1.46
15.28,-1.85
12.22,-2.31
17.36,0.47
17.56,4.47
14.83,2.91
12.33,-2.31
12.13,-2.39
13.24,-1.67
15.03,-1.29
18.25,3.95
9.59,-2.31
7.2,-2.27
-0.05,-7.95
0.13,-8.66
-0.32,-6.5
3.2,-6.5
8.87,-4.48
-0.03,-7.85
7.64,-5.98
0.14,-6.51
1.17,-4.85
10.51,-0.63
7.15,2.84
7.91,4.85
10.01,2.11
9.65,-1.56
12.91,-1.56
12.32,3.11
3.57,-0.81
1.46,-6.04
-1.97,-7.6
-4.91,-16.07
-8.82,-16.4
-5.15,-12.39
-3.34,-6.93
-5.71,-14.75
-8.93,-18.75
-12.04,-21.62
-7.9,-21.6
-3.75,-16.97
-7.3,-17.98
-8.32,-19.78
-6.61,-19.99
3.22,-10.28
3.3,-0.04
5.5,-0.27
14.73,4.19
15.0,-1.27
-0.83,-10.17
-5.09,-15.84
-5.43,-15.99
-2.15,-15.76
-11.89,-17.46
-6.0,-14.04
0.48,-12.19
4.92,-6.97
9.53,0.5
12.82,6.38
13.54,2.64
3.72,-0.86
0.31,-5.89
8.17,-5.35
14.15,0.14
10.19,-2.16
11.51,-2.91
1.62,-4.97
0.99,-5.55
11.87,-0.74
6.82,-10.73
-4.05,-11.63
4.5,-6.4
3.67,-9.68
-1.9,-9.89
0.5,-3.46
-0.48,-8.35
0.27,-8.0
10.72,-1.32
5.86,-0.35
1.88,-6.05
4.64,-6.45
7.22,-4.43
15.22,5.74
20.19,9.25
7.93,-1.6
2.68,-1.38
12.65,-1.47
23.25,12.59
25.52,12.1
12.27,3.73
11.27,4.03
16.46,8.12
15.3,7.14
9.13,-0.68
13.21,-0.79
16.5,0.57
13.28,10.01
14.35,0.36
9.42,-2.69
10.47,-2.06
11.27,-0.82
9.54,0.22
14.01,-0.44
3.84,-1.99
0.31,-4.5
6.91,-3.77
10.48,-0.73
7.38,-1.71
5.57,-3.81
5.12,-5.25
5.33,-4.52
14.8,-2.57
8.68,-1.88
7.82,-1.33
14.84,-0.09
16.86,0.15
2.72,-1.77
4.23,-4.55
8.14,-3.93
10.71,-1.54
2.29,-2.04
8.5,-1.37
15.16,3.82
13.75,10.45
14.64,10.72
15.03,5.62
9.4,0.2
16.15,1.69
9.75,-0.23
9.97,0.23
23.71,1.29
3.37,-3.38
11.02,-1.55
15.26,-2.2
6.23,-4.38
6.49,-1.64
6.48,-1.08
7.33,-1.65
18.37,0.59
26.68,13.76
26.85,16.36
20.46,11.55
12.27,0.9
2.42,-0.4
11.16,0.79
23.05,2.01
12.6,-0.44
16.58,1.89
18.66,6.19
19.85,9.14
14.98,9.86
13.56,10.76
19.47,4.96
20.52,4.49
21.84,6.83
14.47,0.3
17.18,1.29
23.1,5.08
27.52,13.83
28.81,18.72
25.98,17.84
26.53,14.15
19.12,11.79
27.09,10.28
23.21,7.8
25.86,9.7
28.57,15.78
28.72,14.54
30.33,17.99
29.54,17.03
31.11,17.88
32.39,20.37
31.68,18.89
25.93,16.38
28.15,17.57
23.96,18.21
25.74,16.96
30.79,17.99
29.92,18.56
29.52,14.95
27.52,13.76
28.39,13.23
30.66,18.19
29.99,18.37
32.16,18.91
32.69,20.21
30.97,21.52
27.27,20.49
28.77,19.51
28.95,17.91
30.55,19.71
27.1,12.45
24.89,11.59
28.45,13.88
26.12,14.71
30.75,18.15
31.81,17.83
32.6,17.63
26.31,18.11
25.78,18.66
27.67,19.78
28.96,14.22
29.0,15.06
31.21,18.19
33.78,20.63
34.25,21.62
33.42,22.33
32.88,21.13
30.88,21.7
26.5,18.94
24.76,18.28
25.15,17.88
28.14,20.09
23.76,19.86
25.91,19.53
28.65,18.45
30.77,19.76
32.1,19.81
32.89,22.4
32.62,22.33
32.17,21.69
30.84,21.89
34.42,22.6
34.07,21.54
28.26,13.52
27.68,14.96
31.36,17.77
32.64,19.6
32.85,20.76
29.84,15.56
29.58,15.55
31.89,17.32
33.15,20.49
28.92,21.18
29.8,20.09
30.56,14.84
29.91,15.36
30.22,18.26
27.98,18.12
24.91,19.07
26.85,16.77
25.92,16.59
28.21,16.87
30.17,17.08
29.7,16.61
26.85,14.08
27.15,14.87
27.63,18.02
25.15,18.92
25.08,17.77
26.73,16.53
29.02,16.84
30.33,19.42
31.79,19.41
32.54,20.12
32.06,20.21
29.95,20.78
29.65,18.3
29.46,18.48
30.29,19.88
30.12,17.03
29.87,16.93
29.58,16.33
30.56,18.66
25.78,19.56
26.96,20.69
27.7,20.05
28.96,18.34
29.92,19.31
28.42,20.08
27.08,17.27
24.97,11.34
26.21,12.45
24.7,14.14
28.1,20.51
32.11,21.83
32.12,21.71
32.41,21.43
31.04,19.48
28.73,17.42
30.71,18.86
29.51,19.44
31.97,20.84
33.05,21.07
33.4,20.51
32.57,21.06
30.71,20.43
28.11,18.89
19.56,14.84
16.23,13.69
19.15,13.32
22.01,14.15
23.85,15.23
30.07,16.8
31.32,17.81
31.47,19.66
29.21,20.51
29.6,18.49
32.65,18.55
32.86,19.38
33.26,20.81
31.11,15.48
16.96,13.9
23.76,14.08
21.45,17.34
25.37,19.95
21.81,11.66
15.98,7.31
22.67,9.01
22.67,10.1
27.14,11.94
29.46,15.05
29.99,19.47
30.63,19.95
27.3,18.07
31.22,18.68
31.39,18.09
31.59,18.68
31.26,19.79
30.8,19.3
25.09,12.24
16.47,2.29
12.59,3.07
12.23,4.09
13.32,7.51
12.79,1.7
12.0,1.71
16.58,-0.18
14.62,-0.13
14.65,1.15
17.08,-1.71
12.03,-1.25
19.05,1.69
17.68,0.98
14.43,1.53
13.7,3.85
9.6,6.44
11.73,4.02
18.42,3.31
16.54,2.65
20.63,5.14
18.6,9.03
11.15,5.14
8.32,0.53
13.76,0.64
16.32,6.89
16.05,9.84
15.67,3.54
12.58,-0.94
6.24,-0.25
6.72,-5.88
2.69,-6.83
6.99,-5.72
6.95,0.07
2.39,-5.64
0.65,-5.69
1.31,-1.33
3.92,-0.92
7.55,1.02
11.18,1.01
5.73,2.26
3.59,-2.44
8.32,-3.12
10.02,-2.67
11.24,-1.17
12.93,0.75
15.0,0.51
2.24,-4.95
-3.8,-7.0
0.35,-7.56
6.03,-0.7
10.69,5.32
14.55,7.66
17.38,4.08
4.66,0.38
1.45,-1.99
-0.25,-3.6
5.2,-6.24
3.31,-6.96
-2.25,-5.89
4.49,-7.71
1.44,-9.3
7.4,-7.73
10.68,0.89
9.86,3.85
10.63,5.81
8.48,3.47
9.38,-0.48
9.41,-3.31
7.68,-3.69
12.2,-1.76
8.56,5.08
6.51,-0.32
4.65,-1.58
2.98,-2.88
7.02,-3.12
8.16,-4.18
9.19,-3.8
13.69,4.39
14.15,-0.03
2.21,-2.56
6.6,-2.73
16.99,4.72
5.67,3.14
5.01,0.49
4.56,-1.12
10.11,0.13
12.08,-0.33
11.97,-0.25
14.39,7.21
16.24,-1.46
-0.74,-6.25
-1.48,-6.84
0.87,-6.53
1.19,-1.68
0.36,-3.04
0.03,-7.87
1.01,-4.72
2.15,0.3
4.75,1.03
2.38,0.72
3.66,-10.43
-7.36,-17.38
-6.75,-17.36
7.21,-8.4
10.44,-4.06
-0.29,-11.82
-3.03,-12.02
2.15,-3.6
-0.45,-6.02
8.85,-9.64
-5.92,-16.77
-15.3,-20.85
-7.18,-19.32
1.0,-7.57
9.98,-2.8
18.18,2.61
13.68,4.13
12.42,4.04
14.75,9.94
17.31,-6.6
-2.42,-9.94
-0.34,-9.81
2.53,-3.77
9.81,1.8
11.74,-3.58
3.36,-3.63
13.33,1.38
2.31,-3.97
2.85,-4.52
0.56,-1.95
0.34,-5.66
2.19,-5.64
8.48,-1.17
7.72,-1.47
6.14,0.94
14.75,4.36
7.64,-4.93
4.67,-5.4
10.78,-2.9
15.0,-1.33
1.71,-0.71
3.85,-0.58
5.2,-0.09
0.34,-10.58
-6.05,-13.26
-3.65,-12.37
-0.66,-10.24
2.07,-3.98
3.22,-0.42
15.33,1.46
9.74,0.25
10.72,-2.35
10.45,-2.22
20.95,6.45
21.69,6.5
7.09,-0.74
8.81,-2.85
11.44,-3.35
9.08,-3.39
10.6,-2.22
13.49,1.9
7.79,1.73
10.71,-2.95
13.87,-2.09
15.32,5.59
9.23,-1.93
9.37,-2.42
15.51,-0.96
21.94,5.0
16.76,11.24
15.84,-1.34
3.58,-4.5
8.33,-2.86
14.92,-0.04
16.75,3.43
21.75,8.91
15.32,9.36
20.47,10.12
20.58,12.8
22.83,10.13
21.36,5.74
21.57,8.09
27.09,10.39
19.34,5.17
19.54,6.38
22.83,2.04
12.04,2.17
24.79,7.15
24.46,13.34
23.13,6.43
8.36,2.62
6.53,2.27
20.55,4.39
24.87,10.13
25.09,9.99
21.23,10.4
20.65,9.47
18.14,5.13
16.75,6.14
12.59,5.55
25.23,7.84
26.58,13.03
26.85,14.0
23.38,15.7
22.16,14.8
16.63,10.61
21.62,7.8
24.76,9.74
26.02,12.16
28.27,14.29
23.6,12.16
14.85,6.91
18.75,7.43
11.48,8.27
13.67,5.05
20.32,7.07
21.21,8.74
25.46,12.68
29.62,15.77
30.29,19.39
24.03,13.98
22.0,8.93
20.8,10.02
25.39,17.94
29.03,18.35
31.1,18.33
30.24,20.02
29.68,16.59
28.77,19.14
30.16,21.89
26.31,17.41
24.4,16.83
25.89,14.02
27.26,16.55
26.28,8.32
23.97,11.35
26.89,16.12
29.77,17.5
28.32,18.88
25.3,18.85
23.91,19.13
25.86,19.43
23.57,9.28
23.96,10.71
24.5,13.61
19.82,7.47
23.89,12.33
25.11,17.34
26.41,18.34
27.0,18.85
26.52,18.63
28.22,19.4
23.04,15.22
25.65,16.42
24.32,16.5
28.73,18.42
24.85,16.85
28.42,17.48
31.32,19.14
30.89,18.51
31.85,19.69
32.25,21.22
32.59,18.57
31.55,20.08
32.83,20.25
30.05,19.95
31.22,20.51
32.4,21.36
30.44,20.88
31.46,20.06
29.81,18.04
31.75,19.49
32.82,21.43
31.23,17.59
29.54,14.41
31.71,17.25
32.14,20.62
31.18,22.04
30.6,22.08
30.67,21.21
32.8,23.17
32.85,22.31
33.36,22.51
32.65,21.58
25.88,14.78
26.3,13.37
26.35,13.03
27.56,14.48
29.1,15.63
30.44,17.7
30.98,18.8
30.73,19.38
29.71,17.96
28.58,16.31
30.15,17.76
29.8,16.22
30.19,15.07
30.89,16.02
31.76,17.18
30.41,18.44
29.62,17.03
31.02,18.29
30.29,15.0
28.84,14.26
30.24,17.7
28.61,20.73
30.23,19.0
31.34,16.13
28.94,15.55
30.34,17.63
30.4,19.86
33.18,19.59
33.53,20.45
32.04,18.46
30.46,19.66
26.6,18.66
23.66,12.42
25.46,13.36
27.66,15.27
21.64,20.06
26.27,14.68
26.0,11.68
28.01,14.19
29.69,19.16
25.11,17.57
29.85,17.99
28.13,15.43
29.98,17.81
28.9,13.68
25.48,12.28
28.34,14.14
23.89,11.92
25.42,14.4
30.28,16.31
34.47,18.66
32.8,18.84
32.98,19.72
33.17,15.94
27.53,13.1
30.89,15.82
32.26,17.27
29.23,14.77
30.53,15.46
30.77,16.27
30.35,17.81
31.08,15.89
31.14,17.9
27.91,9.22
25.99,10.23
29.63,13.12
25.93,9.73
32.3,13.19
32.61,18.7
33.17,18.05
33.98,17.5
33.75,17.84
33.76,17.47
32.3,11.38
22.17,8.43
27.0,9.31
23.1,12.46
19.5,5.54
22.62,6.16
23.25,8.22
27.05,12.22
22.4,1.37
13.65,0.29
20.3,1.59
20.35,2.86
23.63,5.14
10.32,1.4
15.35,0.96
17.64,1.64
22.27,4.35
24.14,10.19
22.01,10.45
16.51,2.4
18.79,2.85
20.17,7.11
15.06,9.25
18.28,10.45
18.31,3.65
20.23,4.74
16.18,9.48
13.45,10.19
10.57,-2.58
8.48,-2.92
10.97,-2.47
12.07,-1.81
15.8,2.54
10.9,-1.68
12.68,-0.91
6.38,-6.59
2.4,-6.78
8.57,-2.62
17.77,3.68
12.94,-8.94
-5.13,-13.01
-0.19,-11.57
5.92,-5.6
6.34,-5.6
7.99,-4.21
8.86,-3.67
5.55,-0.6
7.57,-1.07
8.67,3.38
12.54,4.57
7.22,-1.32
3.89,-0.06
9.81,0.23
14.63,2.01
14.82,5.0
13.55,1.41
3.5,1.32
6.35,2.4
13.82,3.06
9.54,0.69
2.48,-0.6
3.8,-0.65
10.15,-2.63
11.08,-3.1
9.42,-4.49
7.34,-4.56
13.35,-1.47
13.55,-1.67
-1.65,-8.03
2.96,-7.53
6.67,-5.06
8.07,1.63
6.27,-0.99
1.66,-1.41
1.03,-0.79
2.19,-5.68
-1.03,-9.94
3.96,-8.6
7.75,-5.57
11.42,-3.63
12.5,-3.2
15.2,-2.0
15.81,-1.79
18.67,-0.98
17.4,8.26
14.79,6.98
15.78,7.3
16.28,5.01
5.28,1.27
2.68,0.11
9.1,-0.56
10.55,5.82
10.84,3.72
3.71,-2.14
8.91,-2.45
8.62,-2.52
8.96,-1.91
4.83,-2.46
14.05,-2.0
17.25,9.85
18.41,2.31
5.51,1.36
7.97,1.8
10.19,-0.07
13.31,1.07
4.78,-5.08
2.51,-4.83
10.8,-7.99
-7.38,-10.16
-3.02,-8.68
0.12,-9.09
3.84,-8.44
8.76,0.0
7.76,1.17
1.6,-0.56
7.06,-2.99
3.47,-2.65
1.76,0.0
2.28,-0.28
3.87,-0.21
3.61,-0.03
5.74,-0.03
17.6,1.14
19.95,4.66
14.09,-0.02
2.85,-0.14
0.8,-2.94
1.2,-3.03
2.19,-4.87
10.2,-3.61
7.56,0.43
5.29,-1.68
2.53,-1.0
2.87,-11.96
-4.26,-12.76
7.22,-9.78
10.27,-1.86
11.97,-0.16
10.49,-3.82
6.51,-3.93
1.22,-9.76
3.27,-9.56
9.66,-6.7
13.36,1.14
7.02,4.35
7.97,2.07
3.27,-3.87
2.03,-4.04
2.77,-7.05
3.65,-6.75
16.96,-2.88
12.39,8.71
14.53,0.18
16.23,-0.79
15.45,-0.23
2.58,-4.77
10.31,-4.64
18.21,-0.13
17.81,8.88
13.61,5.9
11.08,3.56
16.63,4.33
11.23,2.01
5.88,1.04
7.13,1.15
8.75,3.44
11.98,3.22
15.78,4.88
20.09,12.24
21.79,0.46
3.32,-1.62
6.1,-1.25
11.74,2.78
11.85,3.34
17.11,3.83
20.82,6.98
24.4,12.83
26.15,16.45
18.56,7.84
16.45,5.12
8.33,4.4
11.83,0.32
16.55,2.5
21.0,6.44
21.87,7.81
15.65,7.72
21.45,9.2
26.19,13.99
27.5,7.57
13.14,0.32
11.06,0.96
17.08,5.31
16.81,9.78
9.56,0.99
8.79,-2.98
11.18,-3.92
10.26,-0.3
11.2,1.12
12.65,1.58
14.44,3.1
18.83,5.48
14.65,0.09
21.75,4.26
13.08,10.1
19.45,7.78
19.27,7.07
15.52,2.11
19.32,6.0
24.23,13.73
18.36,7.22
9.87,5.91
20.11,6.89
27.73,13.05
22.78,6.3
21.48,7.71
9.02,4.47
15.47,2.65
19.51,7.39
12.41,-2.32
13.26,0.86
18.22,3.0
10.48,1.59
15.82,5.24
13.94,8.57
27.59,13.93
23.6,16.2
26.73,17.53
25.78,16.14
19.67,14.22
18.47,11.64
14.61,11.32
18.35,12.62
25.09,14.19
28.06,17.02
30.11,17.36
30.65,17.55
29.73,19.02
25.63,18.49
27.36,17.43
24.36,13.0
23.02,10.58
22.28,7.51
25.13,12.53
30.88,18.38
31.35,20.59
29.16,17.71
30.44,18.28
32.76,16.03
29.17,15.95
30.51,19.04
28.91,23.06
31.44,14.78
27.14,12.63
29.34,12.44
26.6,13.06
23.87,11.13
25.17,13.03
27.13,13.74
28.29,14.21
28.55,16.28
31.39,17.18
32.32,18.0
29.4,19.23
29.84,19.79
26.13,15.84
27.1,13.99
28.86,16.86
30.77,21.37
25.91,19.86
27.25,21.13
30.55,20.16
29.31,20.17
31.77,19.71
31.93,18.31
32.43,19.5
33.7,19.85
33.64,20.31
32.6,20.11
32.99,20.76
32.96,20.53
33.19,21.16
29.6,18.36
31.2,17.19
28.13,16.05
28.33,15.58
30.65,16.72
31.74,20.81
27.6,17.6
30.76,19.93
32.69,22.43
33.28,21.19
31.93,21.11
32.31,20.32
29.1,20.96
29.36,18.69
30.4,17.45
31.07,19.02
33.04,21.6
31.87,20.66
30.13,17.69
31.29,20.26
23.3,19.82
25.74,19.79
27.52,17.3
26.59,17.26
27.27,16.77
24.9,12.16
24.17,13.73
25.94,14.37
26.75,13.13
28.48,15.6
30.78,18.02
29.09,19.18
28.78,19.47
28.43,20.14
29.95,20.55
26.96,18.93
30.02,18.45
28.1,15.75
29.42,17.13
24.56,13.86
25.4,12.65
26.6,14.58
27.66,17.0
27.11,17.73
28.8,18.31
30.61,19.51
31.88,19.75
30.98,21.19
28.23,22.34
28.2,20.64
29.05,13.83
26.1,16.06
26.26,17.74
27.54,20.17
27.65,20.49
28.74,16.1
25.95,9.86
26.89,11.74
27.11,15.32
29.34,16.82
30.32,16.16
30.58,16.76
30.18,18.34
22.84,17.12
28.64,17.56
27.29,14.19
25.98,11.23
22.65,8.86
25.91,9.41
26.92,11.02
19.96,6.04
20.31,4.69
22.75,5.92
23.43,6.54
23.79,8.21
22.46,10.0
24.37,10.69
26.06,11.89
24.73,13.63
26.2,13.81
19.23,6.29
17.68,6.6
24.24,5.28
20.04,2.52
16.93,4.03
18.63,6.98
17.17,0.37
17.54,1.68
22.72,5.03
28.85,6.92
25.92,7.65
27.66,9.52
23.28,16.45
25.59,16.6
24.68,4.8
20.99,4.89
25.55,6.52
16.99,0.1
14.52,-0.91
17.11,0.9
15.99,9.36
13.04,8.31
16.72,9.07
21.3,12.15
27.36,13.14
25.4,6.76
12.47,5.88
10.86,6.21
9.51,7.16
11.03,7.24
12.19,8.82
11.32,4.7
9.85,-0.77
14.78,0.47
11.0,-3.15
9.9,-2.41
18.27,0.78
21.92,5.55
19.51,3.92
21.43,3.58
23.42,3.99
26.73,9.35
26.23,11.06
25.45,12.01
12.97,0.0
13.03,-0.06
13.6,-1.87
16.98,0.29
13.75,1.66
13.31,1.19
6.55,-2.08
9.95,-2.04
18.5,5.88
17.61,9.07
10.42,6.84
10.26,1.39
9.35,2.04
10.86,4.24
14.82,7.73
10.55,7.37
12.82,-0.4
9.68,-2.48
11.77,-2.37
2.8,-1.93
0.85,-6.28
6.64,-5.87
6.88,-3.68
7.03,-2.38
7.07,-3.8
3.59,-3.67
0.98,-1.69
2.42,-1.04
13.48,-1.5
16.27,-1.41
17.81,4.72
16.4,3.81
5.75,2.19
2.23,-6.38
2.06,-5.76
1.23,-1.46
0.24,-5.38
3.6,-5.63
5.39,0.1
6.88,0.35
9.17,0.37
7.65,-0.63
13.34,-1.0
-1.47,-10.78
-7.73,-11.65
3.51,-9.93
11.71,-1.48
2.72,-2.97
5.66,-3.57
11.35,-1.99
0.27,-2.33
10.33,0.34
3.64,1.24
2.47,-2.31
7.84,-1.96
1.73,-0.19
2.79,-0.98
3.72,-0.7
0.41,-1.99
0.27,-7.17
0.18,-7.22
-1.39,-4.52
2.97,-4.14
8.12,-2.19
9.03,-0.24
6.16,-1.4
1.42,-1.27
1.3,-1.57
2.19,-1.91
7.03,-2.51
3.13,-2.72
10.55,-1.93
3.04,-9.76
1.98,-9.68
1.23,-1.39
3.68,-0.32
7.19,-0.7
0.66,-8.61
-0.6,-11.07
1.49,-10.88
3.44,-3.62
5.67,-2.44
-0.98,-6.04
0.92,-6.5
2.69,-5.33
3.9,-3.65
3.21,-5.7
2.25,-10.89
-4.87,-11.92
1.81,-8.6
-0.63,-5.83
-4.08,-7.33
-2.95,-7.39
-1.25,-6.47
-2.13,-9.03
-3.22,-9.48
-6.56,-11.58
-6.43,-16.8
-3.88,-15.45
-0.96,-10.97
-1.71,-14.66
0.8,-11.28
8.09,-8.16
4.48,1.07
12.96,0.2
17.03,-2.25
8.64,-1.98
7.95,-0.28
13.23,6.37
16.7,2.43
8.17,-4.57
7.43,-4.56
17.2,-2.59
11.76,-3.94
8.71,-4.22
9.15,-3.9
11.16,-3.43
18.52,-1.35
19.53,0.85
21.09,8.9
18.32,7.47
15.93,4.82
12.62,-0.22
10.69,1.07
5.4,1.14
14.98,2.98
17.2,5.64
16.5,0.01
10.96,-1.79
16.3,-1.71
19.47,1.61
19.91,4.35
19.86,9.3
22.59,6.77
17.86,8.08
14.1,4.16
23.3,6.44
11.27,-1.66
15.24,0.08
23.16,5.56
11.43,-1.68
4.81,-5.33
9.28,-3.78
17.93,0.7
23.69,5.45
24.88,7.36
25.68,9.29
27.32,12.97
21.21,10.85
26.94,11.76
18.32,9.02
11.51,7.87
20.4,7.87
19.17,9.23
16.82,3.04
13.66,0.24
16.95,2.64
13.94,1.35
17.8,3.04
19.96,2.65
18.26,-1.0
8.34,-1.24
12.82,-0.26
16.23,3.44
11.93,6.68
17.64,3.25
24.19,7.4
27.76,16.86
26.6,17.3
20.65,9.59
21.95,1.71
22.65,4.48
24.89,13.55
22.86,15.53
21.94,9.01
16.85,3.11
17.84,4.34
17.63,2.06
15.67,4.71
17.34,2.07
16.7,4.53
16.45,4.17
17.34,3.03
19.47,3.97
21.42,4.81
22.49,10.57
21.29,12.72
21.8,13.91
25.82,14.77
27.17,15.34
28.84,14.82
28.7,13.31
29.67,14.8
30.08,15.8
30.97,15.94
30.97,18.04
25.68,17.29
27.44,17.77
22.27,8.0
14.15,4.41
19.39,6.72
23.41,10.72
23.65,14.57
18.56,16.18
22.52,13.68
29.43,14.62
29.42,16.7
27.8,19.39
27.6,20.14
25.33,20.68
25.32,20.71
27.26,20.36
30.53,19.2
33.1,19.8
31.49,14.87
31.25,13.44
27.33,13.06
27.07,12.93
29.6,15.78
32.35,18.55
28.24,17.85
30.72,22.01
27.82,12.51
22.1,10.2
25.14,12.93
28.09,18.56
27.55,21.78
29.96,21.32
31.55,20.73
32.55,20.93
34.11,21.24
29.03,20.5
25.4,15.31
24.62,13.23
25.92,14.8
29.89,18.63
31.37,19.82
31.73,19.16
30.71,20.76
27.79,16.84
24.57,16.21
26.43,17.74
26.2,20.12
27.85,21.02
27.19,18.62
28.96,19.91
30.84,20.54
28.43,20.35
27.16,19.3
27.3,17.07
28.12,17.24
28.84,17.27
27.41,16.58
27.74,16.05
28.96,17.07
30.29,18.67
30.85,21.04
31.75,17.15
31.01,17.67
30.78,19.68
30.95,20.16
28.0,17.29
22.68,14.07
27.04,12.18
25.96,13.42
27.17,13.44
27.67,14.87
29.14,16.1
28.49,17.86
30.06,18.3
30.9,19.74
26.01,21.5
32.21,22.51
32.37,23.41
33.42,20.89
30.68,20.59
28.15,18.76
24.46,18.21
27.39,19.46
29.13,19.1
30.62,20.36
29.7,18.81
30.77,18.89
31.04,18.74
32.28,19.3
32.89,20.12
33.26,21.08
30.83,19.84
33.28,20.35
32.97,20.07
32.71,21.18
32.22,21.08
25.74,20.05
25.53,18.44
26.46,12.94
26.13,13.1
26.07,14.6
26.35,17.82
26.25,12.41
28.45,13.58
28.66,16.7
27.22,11.76
25.23,11.25
26.16,12.17
27.46,15.28
29.15,17.74
29.91,18.25
30.36,19.25
25.03,14.94
28.1,16.02
30.84,17.27
31.73,17.93
29.7,18.91
22.73,18.4
24.05,13.77
15.34,9.47
19.23,6.56
23.11,8.22
21.32,7.03
24.1,8.54
28.66,14.33
29.01,14.73
29.3,14.49
27.43,12.52
26.53,12.6
24.79,14.89
23.4,16.45
22.98,14.83
25.76,15.63
24.58,16.81
24.79,15.91
25.88,14.52
27.98,14.74
28.54,17.91
27.42,18.0
21.25,11.72
24.88,12.52
27.77,18.76
24.11,10.03
16.85,4.66
19.91,4.4
21.52,4.98
21.75,6.15
22.73,7.23
21.5,9.53
12.7,7.25
15.85,7.47
23.37,12.53
16.66,8.45
14.48,1.58
15.28,1.7
12.56,8.51
16.12,10.58
13.17,9.3
17.15,2.42
12.57,2.15
9.68,-2.75
9.78,-2.69
10.78,-2.7
12.03,-2.51
14.52,-1.63
17.59,-0.71
20.99,1.98
17.66,3.05
20.9,6.3
17.14,3.03
10.61,1.34
4.39,0.45
5.3,-2.74
5.15,-2.27
16.52,-0.3
19.2,4.18
8.45,-3.9
5.72,-4.39
12.16,-1.15
7.83,-1.53
4.65,-6.69
5.81,-6.83
12.89,-0.76
8.73,-3.88
1.65,-4.25
9.58,-0.25
8.05,-5.86
7.12,-6.35
12.91,-0.85
11.46,3.23
18.46,1.4
17.32,1.88
12.93,0.42
16.86,2.14
6.43,-5.84
-1.66,-5.45
5.39,-5.08
14.54,-1.34
18.8,9.47
16.98,-2.55
9.08,-3.05
12.09,-1.84
14.26,-1.12
18.08,11.72
16.39,-0.89
8.8,-0.74
12.09,-1.61
1.8,-5.52
6.61,-5.54
7.28,-5.05
2.8,-5.53
11.47,-3.88
17.47,9.36
20.6,7.35
15.41,6.33
20.69,5.56
12.13,4.33
9.75,5.75
9.24,5.75
17.51,8.67
14.26,3.06
2.11,-5.57
1.08,-6.95
6.09,-6.4
6.42,-8.78
-6.85,-12.82
-7.01,-13.22
6.11,-11.24
6.48,-8.58
0.15,-10.79
1.58,-10.49
10.25,-1.23
8.22,-1.81
1.87,-2.94
0.38,-6.33
1.02,-6.47
-2.13,-4.39
6.13,-4.81
9.74,-6.79
-3.54,-8.5
-2.85,-13.5
0.45,-13.43
2.72,-8.34
5.02,-7.06
-1.64,-14.9
-4.21,-15.46
1.96,-9.69
-1.0,-17.25
-3.01,-17.37
5.32,-7.63
5.35,-6.23
15.99,-0.23
7.94,-1.06
-0.84,-6.91
-4.35,-11.55
-4.61,-12.46
3.58,-9.87
2.47,-9.67
8.51,-8.15
11.18,-1.17
6.74,-2.54
12.7,-1.81
-1.27,-7.92
-1.8,-9.58
0.61,-9.32
12.42,-6.93
16.86,8.06
12.9,-4.99
1.74,-5.8
0.51,-6.49
14.91,-4.3
17.78,4.37
16.42,-2.08
-1.12,-2.63
2.56,-1.78
-0.14,-3.77
3.1,-5.71
9.66,-5.53
11.5,-3.65
19.2,1.77
20.69,2.11
8.66,-1.04
13.49,-0.93
23.73,7.49
20.96,12.29
15.02,0.41
4.9,0.44
9.83,-1.31
11.61,-1.03
8.13,-8.3
-2.17,-8.56
11.37,-3.62
18.02,2.87
19.95,2.52
21.92,2.91
22.55,5.03
17.6,8.31
8.76,2.02
17.49,1.81
21.58,3.57
19.35,9.48
19.8,6.49
11.8,4.6
7.34,2.59
5.16,-2.39
6.29,-5.94
6.73,-4.87
9.18,0.36
26.47,7.98
8.48,1.1
6.79,-2.94
12.48,-0.89
15.78,1.94
15.98,5.29
13.62,6.36
13.8,5.79
11.75,2.01
8.94,1.12
7.32,-1.9
18.14,0.36
17.72,10.65
22.16,11.41
20.99,4.16
16.59,4.16
21.55,7.86
17.76,1.51
10.79,1.95
7.05,0.91
11.74,1.79
19.59,6.83
18.47,7.17
26.43,11.11
29.16,16.25
28.28,18.27
20.3,3.18
15.01,1.84
18.81,4.5
19.18,7.55
22.71,11.84
26.15,13.41
23.09,6.19
22.41,10.08
26.06,10.16
15.27,10.28
17.0,12.13
22.32,9.75
16.8,7.78
21.53,9.94
26.04,12.7
28.92,17.17
30.36,12.05
29.85,14.88
29.14,15.06
29.47,13.68
30.22,13.03
25.31,10.44
27.94,13.1
22.9,14.86
27.63,15.86
30.58,20.5
29.19,17.33
20.04,10.79
18.25,9.77
23.73,11.87
28.83,18.19
22.43,14.11
20.03,11.02
22.77,11.98
27.53,15.06
30.84,17.81
30.9,18.1
30.93,19.07
24.15,12.44
26.83,11.31
28.17,12.59
28.31,15.49
27.29,18.18
27.16,16.23
28.51,13.93
25.22,13.99
22.18,14.41
25.71,15.16
29.37,19.58
33.43,23.79
34.25,22.92
33.87,23.32
33.29,24.0
30.02,15.28
25.98,10.86
26.38,11.88
30.57,13.06
33.39,17.82
34.24,15.95
29.94,14.41
30.75,15.25
30.7,17.74
28.92,14.44
26.33,10.56
25.78,9.77
29.32,13.86
32.71,20.15
32.72,20.81
30.33,19.32
30.4,17.21
32.45,21.27
35.5,23.5
34.44,22.34
27.59,21.41
25.24,20.24
25.87,15.92
29.42,16.71
30.37,19.77
30.33,16.7
29.98,17.91
29.16,15.77
28.88,19.81
31.37,21.27
24.54,20.91
28.59,19.14
30.63,21.05
33.07,19.99
31.22,19.03
32.71,20.42
31.19,22.52
31.93,22.08
27.12,19.93
25.66,19.05
28.5,20.9
30.26,20.74
26.95,14.83
27.11,17.3
26.29,18.47
29.38,19.67
27.82,18.78
32.32,21.21
28.66,21.12
28.18,21.53
30.55,20.38
31.52,21.04
31.61,21.8
29.72,21.31
27.46,16.01
28.59,15.23
25.28,13.12
27.07,15.64
26.25,18.07
26.48,15.22
27.35,15.23
27.4,14.93
28.77,14.77
29.57,16.64
28.91,18.22
26.62,17.26
26.31,15.36
27.59,13.69
28.76,14.42
29.28,16.41
29.4,17.61
29.8,18.71
32.45,20.87
31.57,20.1
28.62,13.5
27.43,13.44
29.48,15.14
29.98,18.04
25.39,18.71
26.97,19.48
27.86,20.12
25.99,16.05
26.45,13.12
26.09,13.32
29.02,16.11
28.47,18.47
25.92,13.97
22.06,12.27
21.26,12.69
26.66,12.89
27.9,12.78
28.34,13.56
28.64,13.91
29.03,16.03
28.44,15.53
31.11,16.42
34.33,16.69
21.65,6.22
19.96,7.89
25.2,12.38
23.71,10.19
20.76,5.17
19.48,3.56
16.24,4.51
19.96,5.47
21.74,6.55
23.27,6.99
21.94,6.79
21.43,3.17
22.23,3.27
24.47,5.27
24.15,8.2
16.53,0.3
14.87,-0.25
18.02,1.51
22.88,5.18
23.84,7.37
24.48,6.51
18.11,1.24
19.9,2.29
17.61,2.93
22.04,4.77
9.96,1.12
6.66,-0.01
12.23,-2.26
14.83,-0.64
22.29,5.23
24.95,10.37
25.25,9.13
25.19,10.22
23.31,7.82
11.86,0.15
14.87,1.42
19.64,3.6
20.89,4.68
16.25,9.77
17.56,12.46
19.96,7.3
17.72,6.2
22.69,6.19
24.38,11.22
21.85,7.77
21.88,5.5
19.6,6.3
17.39,4.8
23.5,4.99
22.32,7.77
17.06,-0.26
0.11,-1.75
3.35,-1.74
6.69,-1.68
5.54,1.53
3.09,-1.8
0.09,-3.4
1.45,-7.96
2.19,-8.13
1.62,-7.99
9.19,-5.58
13.74,-4.5
15.38,-3.44
17.31,-1.59
12.55,-3.49
12.77,-3.53
12.46,5.28
7.8,4.79
15.9,1.18
3.34,-6.54
4.37,-6.9
13.61,1.68
11.91,-6.51
5.61,-6.77
7.82,-3.89
11.29,6.36
10.26,5.29
7.45,4.87
9.25,4.92
8.11,4.48
7.86,2.01
7.31,-0.68
8.14,-0.66
12.47,5.02
7.18,1.09
4.72,-0.66
0.71,-4.29
1.05,-7.71
0.85,-7.55
7.48,-6.06
6.58,-5.65
6.74,-22.22
-16.57,-22.55
-8.75,-16.78
-6.72,-14.09
-3.0,-8.93
-0.24,-4.56
9.62,-3.55
14.11,8.59
16.27,8.95
