20170101
7.76,-0.94
12.72,6.19
13.08,-3.31
-1.46,-6.74
-5.59,-13.77
-9.45,-15.54
-8.52,-16.28
-5.29,-14.95
4.59,-6.28
12.85,-1.24
17.84,0.7
18.55,-0.79
1.78,-0.74
2.92,0.52
3.8,0.56
14.91,3.64
15.3,3.05
4.95,1.85
10.69,2.74
15.23,7.61
18.21,6.12
15.98,6.88
9.22,3.72
7.3,1.87
14.96,1.74
2.51,-0.86
1.9,-3.74
1.56,-3.6
-0.04,-6.49
7.13,-7.55
8.1,3.13
6.48,-2.04
2.15,-5.28
-0.71,-11.01
4.63,-11.05
11.03,-2.04
16.0,-0.8
15.98,2.8
5.71,-4.27
-2.39,-8.93
12.25,-4.61
18.39,8.92
16.11,-2.61
9.43,-2.62
11.52,1.73
7.12,-1.91
9.2,-0.25
19.77,4.06
17.15,6.19
15.76,1.69
19.96,3.38
18.7,9.27
20.36,12.18
20.5,13.46
24.89,2.6
2.12,-6.06
8.52,-5.23
10.82,4.96
18.13,8.41
15.66,0.82
7.31,-1.71
3.98,-2.71
10.34,-1.29
19.35,0.06
17.2,9.41
13.62,5.14
16.09,2.08
21.35,1.13
6.55,-3.68
2.75,-5.87
3.93,-4.96
3.39,-4.24
0.39,-6.84
1.69,-7.82
6.45,-6.11
9.15,1.06
6.42,-1.34
10.44,0.34
17.35,4.8
16.95,-0.46
6.65,-1.68
15.53,-0.83
24.15,13.22
25.16,13.4
18.95,6.79
20.49,7.99
15.78,8.86
16.81,8.34
24.77,11.16
13.22,4.88
9.77,2.57
18.87,4.89
20.99,12.58
20.07,8.65
24.64,5.67
8.64,1.64
13.39,-0.32
18.46,4.06
25.42,10.05
26.31,15.08
19.3,5.94
21.03,7.52
26.23,9.18
28.27,12.87
27.9,16.86
26.72,13.51
21.67,10.74
25.27,13.97
27.54,16.77
27.48,10.66
16.12,7.68
12.79,5.71
18.58,6.93
23.83,10.06
24.22,12.61
28.58,15.55
18.41,7.47
21.91,10.13
27.15,16.16
26.38,13.13
17.73,7.96
19.3,4.49
13.71,7.79
14.92,7.57
9.78,4.43
16.67,3.65
17.63,0.56
18.66,5.93
20.18,11.34
28.99,13.96
21.18,11.88
18.73,6.85
23.53,10.7
27.84,12.92
28.35,14.1
29.43,17.68
28.57,20.82
28.56,18.06
28.31,16.1
27.99,16.15
25.12,8.76
21.9,9.49
23.87,13.71
18.36,13.23
17.95,10.3
26.33,15.16
28.47,16.84
23.51,15.23
27.85,13.37
26.9,12.34
27.16,10.46
26.86,10.08
28.89,12.2
30.93,14.14
30.76,19.08
29.74,15.28
25.09,11.62
20.0,10.23
24.23,10.52
28.09,14.34
29.49,16.17
31.0,18.58
32.69,21.3
30.1,19.07
30.13,19.07
28.01,18.5
30.79,18.48
31.09,21.15
28.39,16.68
27.29,14.88
29.13,17.52
31.91,20.64
27.72,20.9
25.32,16.58
25.7,11.41
25.86,11.14
23.93,10.34
23.82,10.87
27.34,16.57
30.96,20.9
29.25,20.01
28.96,16.75
30.04,16.54
31.01,19.44
29.65,19.15
29.04,20.76
25.94,18.23
30.83,16.64
27.79,13.84
28.89,17.94
29.8,22.1
26.9,19.77
32.13,22.23
30.92,21.74
29.48,15.16
28.22,15.98
29.85,17.53
30.97,19.83
31.69,17.85
31.23,19.91
32.56,22.33
33.62,23.09
33.17,21.12
29.53,19.5
29.61,16.54
27.69,16.0
30.34,18.65
29.18,22.58
28.18,15.7
26.02,12.82
28.25,15.43
29.92,18.01
28.8,17.53
29.23,16.83
29.82,19.41
24.28,10.78
25.17,13.98
22.23,16.9
24.65,14.26
26.75,11.02
27.51,13.98
28.82,15.61
27.43,17.37
27.15,13.5
28.04,16.09
27.51,17.51
30.57,18.32
31.84,21.18
30.86,20.86
29.1,18.1
31.17,18.26
31.89,19.11
31.78,21.2
28.86,14.96
26.45,10.89
26.0,11.66
25.41,11.02
25.84,11.9
27.9,14.23
26.21,16.49
26.33,14.26
27.7,15.65
27.53,14.7
15.71,12.01
20.14,12.01
27.22,12.97
30.16,15.43
22.96,8.54
19.67,7.58
20.73,7.69
24.62,9.4
23.18,8.13
22.97,8.12
22.35,8.82
20.89,14.14
18.0,15.6
22.5,12.33
27.19,12.73
28.72,14.7
29.66,16.44
27.9,18.89
26.4,17.42
30.0,18.01
32.06,18.74
32.12,17.3
31.97,16.32
32.32,14.83
31.52,14.99
31.76,16.74
29.78,11.91
23.09,7.76
24.97,7.32
22.7,5.92
23.44,7.27
26.22,11.06
28.36,13.89
26.65,16.78
23.65,16.4
26.86,17.33
28.01,14.13
20.25,15.02
22.59,15.76
22.5,16.54
19.42,14.04
17.98,11.69
23.05,11.13
28.1,13.7
23.39,7.32
17.0,3.26
19.93,3.69
21.02,4.73
23.58,7.02
25.0,7.53
24.13,10.19
25.24,13.6
17.36,7.92
11.51,5.58
10.93,0.31
17.02,0.43
14.82,2.16
4.3,1.4
3.69,-1.14
8.65,-0.26
7.71,-0.19
15.52,2.63
20.0,13.4
16.09,7.2
18.98,9.1
23.74,9.67
12.48,6.72
8.98,4.63
11.52,-0.44
13.36,-1.59
3.03,-3.92
6.63,-3.37
9.27,2.31
7.29,1.83
11.35,1.27
10.0,0.92
4.19,-0.61
15.39,0.96
18.02,2.72
3.71,-3.61
9.57,-3.36
13.45,-2.22
5.07,-4.26
8.21,-2.7
13.89,-1.46
15.22,-1.86
12.19,-2.33
17.29,0.42
17.5,4.45
14.77,2.89
12.3,-2.34
12.08,-2.41
13.17,-1.68
14.98,-1.29
18.18,3.97
9.48,-2.32
7.12,-2.29
-0.14,-7.93
0.1,-8.64
-0.38,-6.49
3.11,-6.55
8.74,-4.51
-0.12,-7.86
7.57,-5.97
0.0,-6.56
1.13,-4.91
10.48,-0.59
7.08,2.8
7.89,4.79
9.94,2.07
9.58,-1.56
12.84,-1.53
12.27,3.08
3.51,-0.81
1.38,-6.05
-2.04,-7.58
-4.96,-16.09
-8.89,-16.41
-5.2,-12.38
-3.43,-6.88
-5.83,-14.73
-9.07,-18.9
-12.22,-21.83
-8.03,-21.82
-3.87,-17.09
-7.4,-18.19
-8.4,-20.01
-6.7,-20.15
3.14,-10.31
3.24,-0.1
5.42,-0.37
14.69,4.11
14.91,-1.34
-0.78,-10.25
-5.15,-15.95
-5.52,-16.08
-2.21,-15.94
-11.96,-17.59
-6.03,-14.1
0.44,-12.27
4.8,-7.09
9.42,0.43
12.72,6.23
13.46,2.54
3.67,-0.91
0.2,-5.98
8.07,-5.43
14.13,0.06
10.09,-2.31
11.48,-2.96
1.53,-5.03
0.92,-5.63
11.8,-0.72
6.75,-10.84
-4.12,-11.7
4.45,-6.43
3.63,-9.66
-1.99,-9.85
0.45,-3.37
-0.65,-8.41
0.14,-8.03
10.63,-1.41
5.9,-0.37
1.82,-5.99
4.57,-6.41
7.2,-4.47
15.16,5.84
20.13,9.22
7.76,-1.68
2.63,-1.35
12.63,-1.51
23.2,12.72
25.47,12.24
12.28,3.68
11.2,4.0
16.42,8.18
15.23,7.23
8.98,-0.77
13.17,-0.8
16.42,0.63
13.23,10.03
14.28,0.22
9.38,-2.85
10.42,-2.16
11.18,-0.81
9.39,0.08
13.96,-0.48
3.78,-1.94
0.09,-4.57
6.79,-3.77
10.52,-0.76
7.29,-1.77
5.51,-3.92
4.98,-5.34
5.25,-4.56
14.69,-2.74
8.61,-1.89
7.57,-1.42
14.83,-0.12
16.88,0.11
2.63,-1.86
4.21,-4.6
8.06,-3.94
10.67,-1.54
2.14,-2.1
8.42,-1.39
15.12,3.85
13.57,10.53
14.59,10.84
14.99,5.63
9.24,0.03
15.97,1.81
9.61,-0.13
9.92,0.31
23.62,1.29
3.21,-3.47
10.88,-1.43
15.1,-2.23
6.14,-4.44
6.42,-1.54
6.31,-1.1
7.24,-1.77
18.2,0.76
26.57,13.89
26.67,16.41
20.33,11.68
12.0,0.91
2.27,-0.37
11.07,0.87
22.93,2.11
12.51,-0.49
16.49,1.94
18.55,6.38
19.69,9.22
14.85,9.88
13.47,10.85
19.34,4.95
20.39,4.47
21.65,6.98
14.22,0.27
17.05,1.27
22.92,5.1
27.39,13.88
28.64,18.8
25.92,17.92
26.38,14.31
18.87,11.74
26.87,10.41
23.06,7.7
25.76,9.65
28.47,15.89
28.58,14.38
30.18,18.02
29.41,17.07
30.92,17.74
32.26,20.42
31.52,18.97
25.78,16.37
27.95,17.65
23.85,18.27
25.6,16.83
30.65,18.0
29.77,18.57
29.44,14.88
27.36,13.59
28.26,13.0
30.5,18.21
29.78,18.33
32.02,18.92
32.48,20.21
30.81,21.49
27.15,20.47
28.61,19.46
28.85,17.81
30.52,19.64
26.99,12.3
24.81,11.36
28.32,13.96
26.07,14.57
30.63,18.14
31.69,17.72
32.47,17.52
26.32,18.08
25.75,18.62
27.63,19.75
28.84,14.25
28.94,15.15
31.14,18.15
33.74,20.48
34.21,21.5
33.34,22.23
32.78,21.09
30.86,21.76
26.53,18.91
24.67,18.27
25.17,17.85
28.14,20.2
23.6,19.88
25.92,19.55
28.58,18.42
30.77,19.71
32.08,19.69
32.83,22.25
32.49,22.19
32.11,21.61
30.66,21.83
34.43,22.55
34.03,21.48
28.18,13.58
27.6,15.09
31.31,17.87
32.54,19.46
32.72,20.77
29.74,15.36
29.49,15.38
31.82,17.26
33.08,20.36
28.68,21.06
29.67,20.16
30.41,14.68
29.8,15.25
30.18,18.35
27.76,18.05
24.78,19.1
26.8,16.75
25.83,16.46
28.09,16.68
30.07,16.96
29.61,16.64
26.77,13.91
27.09,14.71
27.59,18.07
25.19,18.98
25.08,17.69
26.64,16.47
28.95,16.76
30.27,19.4
31.69,19.31
32.44,20.04
31.94,20.1
29.9,20.73
29.57,18.14
29.43,18.37
30.22,19.83
30.03,16.9
29.77,16.84
29.49,16.23
30.45,18.48
25.71,19.5
26.88,20.71
27.61,19.98
28.97,18.18
29.83,19.25
28.32,20.06
27.02,17.17
24.9,11.19
26.12,12.42
24.74,14.1
27.95,20.49
32.03,21.79
32.02,21.7
32.29,21.33
30.93,19.45
28.66,17.31
30.63,18.88
29.45,19.36
31.9,20.87
32.95,21.01
33.3,20.41
32.45,21.02
30.63,20.35
28.14,18.99
19.56,14.76
16.24,13.66
19.08,13.38
21.93,14.24
23.9,15.18
30.05,16.74
31.27,17.77
31.44,19.65
29.11,20.51
29.48,18.36
32.58,18.46
32.81,19.34
33.2,20.8
31.09,15.39
16.96,13.85
23.64,14.08
21.36,17.32
25.34,20.02
21.8,11.59
15.79,7.2
22.64,9.03
22.63,10.12
27.02,11.98
29.25,15.18
29.81,19.5
30.43,20.03
27.13,18.15
31.03,18.69
31.22,18.06
31.41,18.71
31.09,19.8
30.66,19.24
25.0,12.28
16.42,2.24
12.52,3.1
12.25,4.13
13.31,7.51
12.74,1.68
11.99,1.7
16.58,-0.22
14.59,-0.11
14.6,1.15
16.87,-1.72
11.9,-1.2
18.93,1.73
17.54,0.99
14.38,1.55
13.52,3.88
9.53,6.46
11.52,4.02
18.23,3.3
16.4,2.66
20.49,5.1
18.58,9.09
10.95,5.12
8.11,0.43
13.74,0.58
16.3,6.89
16.01,10.03
15.64,3.43
12.5,-0.98
6.1,-0.33
6.63,-5.86
2.67,-6.87
6.96,-5.8
6.98,0.03
2.37,-5.65
0.59,-5.73
1.21,-1.37
3.82,-0.93
7.47,1.11
11.2,1.0
5.6,2.27
3.48,-2.46
8.18,-3.06
9.84,-2.61
11.17,-1.09
12.81,0.68
14.94,0.47
2.18,-4.93
-3.87,-7.02
0.27,-7.64
5.86,-0.77
10.47,5.28
14.48,7.63
17.41,4.09
4.59,0.32
1.34,-2.04
-0.32,-3.64
5.14,-6.34
3.24,-7.1
-2.33,-5.91
4.43,-7.76
1.52,-9.45
7.35,-7.81
10.56,0.88
9.72,3.74
10.66,5.75
8.42,3.43
9.14,-0.44
9.25,-3.43
7.65,-3.82
12.07,-1.78
8.51,5.02
6.45,-0.38
4.56,-1.59
2.89,-2.88
6.89,-3.17
8.16,-4.28
9.09,-3.84
13.66,4.33
14.17,-0.04
2.15,-2.59
6.54,-2.78
16.93,4.74
5.59,3.06
4.96,0.51
4.47,-1.26
10.13,0.15
11.99,-0.44
11.9,-0.38
14.32,7.09
16.17,-1.52
-0.91,-6.3
-1.6,-6.89
0.82,-6.5
1.11,-1.75
0.26,-3.05
-0.1,-8.05
0.93,-4.87
2.09,0.2
4.7,0.98
2.27,0.66
3.52,-10.52
-7.46,-17.64
-6.8,-17.65
7.14,-8.43
10.41,-4.03
-0.37,-11.93
-3.11,-12.12
2.1,-3.63
-0.55,-6.13
8.77,-9.63
-6.0,-16.9
-15.38,-21.14
-7.31,-19.67
0.99,-7.61
9.93,-2.73
18.09,2.65
13.63,4.46
12.43,4.18
14.7,10.17
17.31,-6.54
-2.57,-10.0
-0.41,-9.92
2.42,-3.78
9.92,1.81
11.78,-3.55
3.24,-3.67
13.27,1.53
2.23,-4.04
2.79,-4.47
0.41,-1.89
0.26,-5.82
2.15,-5.76
8.47,-1.23
7.75,-1.45
6.09,0.96
14.76,4.4
7.49,-4.89
4.6,-5.41
10.75,-2.83
14.99,-1.23
1.66,-0.76
3.78,-0.63
5.14,-0.06
0.25,-10.57
-6.18,-13.29
-3.75,-12.43
-0.77,-10.3
2.02,-3.95
3.04,-0.48
15.24,1.35
9.56,0.16
10.61,-2.52
10.35,-2.25
20.86,6.4
21.49,6.5
7.04,-0.73
8.7,-3.0
11.27,-3.49
8.95,-3.45
10.52,-2.08
13.4,1.71
7.7,1.65
10.53,-3.04
13.84,-2.04
15.53,5.64
9.09,-1.94
9.25,-2.41
15.45,-0.81
21.9,5.04
16.65,11.2
15.72,-1.38
3.4,-4.57
8.22,-2.67
14.75,0.01
16.55,3.63
21.6,8.9
15.22,9.47
20.42,10.31
20.55,13.0
22.73,10.17
21.18,5.48
21.41,8.11
26.92,10.5
19.24,5.11
19.46,6.57
23.07,2.05
11.93,2.2
24.67,7.24
24.24,13.52
23.12,6.48
8.34,2.55
6.34,2.37
20.38,4.44
24.7,10.28
24.93,9.99
21.24,10.42
20.51,9.65
18.0,4.99
16.7,6.33
12.44,5.61
25.12,7.88
26.39,12.99
26.75,13.87
23.29,15.67
22.09,14.8
16.61,10.65
21.46,7.68
24.62,9.71
25.86,12.15
28.12,14.26
23.54,12.19
14.9,6.88
18.73,7.41
11.36,8.25
13.41,4.89
20.21,7.0
21.08,8.55
25.26,12.89
29.47,15.6
30.1,19.52
23.85,14.11
21.94,8.84
20.82,9.98
25.16,18.06
28.87,18.26
30.99,18.13
30.14,20.03
29.57,16.42
28.6,19.23
30.04,21.91
26.14,17.37
24.22,16.8
25.82,13.86
27.19,16.58
26.17,8.12
23.84,11.31
26.81,16.18
29.7,17.36
28.26,18.86
25.19,18.84
23.71,19.1
25.81,19.4
23.4,9.09
23.84,10.65
24.39,13.72
19.66,7.36
23.79,12.66
25.0,17.41
26.28,18.28
27.02,18.76
26.45,18.45
28.14,19.36
22.87,15.24
25.6,16.46
24.13,16.47
28.66,18.41
24.73,16.85
28.32,17.44
31.22,19.11
30.81,18.39
31.78,19.63
32.19,21.19
32.44,18.5
31.52,20.08
32.76,20.25
29.84,20.06
31.13,20.54
32.35,21.28
30.31,20.74
31.35,20.03
29.74,17.98
31.58,19.52
32.68,21.42
31.08,17.56
29.4,14.18
31.61,17.19
32.03,20.56
31.25,22.05
30.57,22.07
30.51,21.03
32.7,23.11
32.72,22.17
33.26,22.41
32.51,21.54
25.98,14.78
26.08,13.24
26.18,12.94
27.41,14.36
28.96,15.64
30.43,17.65
30.96,18.78
30.67,19.36
29.7,17.97
28.51,16.2
30.2,17.81
29.68,16.06
30.12,14.81
30.81,15.88
31.68,17.06
30.34,18.37
29.56,16.84
30.95,18.24
30.13,14.79
28.67,14.01
30.18,17.8
28.49,20.72
30.18,18.79
31.19,15.88
28.92,15.36
30.3,17.58
30.46,19.85
33.13,19.58
33.44,20.49
31.93,18.44
30.35,19.62
26.58,18.47
23.5,12.31
25.41,13.35
27.64,15.48
21.54,19.95
26.14,14.48
25.89,11.47
27.89,14.34
29.59,19.2
25.02,17.49
29.85,17.98
28.06,15.3
29.92,17.93
28.82,13.55
25.36,12.11
28.24,14.2
23.83,11.7
25.4,14.36
30.25,16.32
34.47,18.73
32.78,18.65
33.01,19.6
33.17,15.8
27.47,12.93
30.95,15.93
32.24,17.21
29.23,14.62
30.62,15.39
30.7,16.18
30.21,17.67
31.06,15.68
31.11,18.07
27.92,8.95
25.89,10.17
29.67,13.03
25.91,9.51
32.26,13.39
32.71,18.71
33.32,17.91
33.88,17.57
33.57,17.82
33.61,17.42
32.12,11.5
22.02,8.48
26.8,9.48
22.99,12.45
19.42,5.42
22.5,6.1
23.29,8.43
26.87,12.28
22.35,1.4
13.55,0.2
20.17,1.51
20.22,2.82
23.48,5.22
10.25,1.34
15.25,0.85
17.59,1.7
22.18,4.42
24.08,10.24
21.86,10.65
16.35,2.36
18.7,2.96
20.1,7.11
15.01,9.33
18.17,10.54
18.25,3.62
20.23,4.76
16.14,9.51
13.36,10.37
10.57,-2.56
8.43,-2.92
10.88,-2.56
11.98,-1.85
15.76,2.58
10.83,-1.83
12.57,-0.98
6.26,-6.59
2.41,-6.78
8.46,-2.59
17.73,3.7
13.03,-8.8
-5.18,-13.03
-0.26,-11.5
5.71,-5.73
6.35,-5.7
7.97,-4.28
8.95,-3.63
5.47,-0.63
7.66,-1.12
8.7,3.26
12.43,4.55
7.16,-1.37
3.75,0.05
9.71,0.23
14.49,2.0
14.71,4.87
13.39,1.39
3.4,1.33
6.3,2.39
13.79,3.02
9.51,0.68
2.53,-0.6
3.63,-0.67
10.08,-2.76
10.94,-3.26
9.33,-4.64
7.23,-4.56
13.25,-1.67
13.47,-1.6
-1.76,-8.14
2.81,-7.55
6.51,-5.21
8.08,1.61
6.23,-0.99
1.71,-1.37
0.92,-0.83
2.07,-5.7
-1.08,-10.02
3.88,-8.6
7.75,-5.64
11.51,-3.72
12.51,-3.25
15.12,-2.14
15.66,-1.92
18.64,-1.09
17.35,8.22
14.79,7.09
15.67,7.33
16.21,5.15
5.16,1.25
2.61,0.11
9.0,-0.44
10.48,5.68
10.81,3.8
3.59,-2.19
8.78,-2.43
8.55,-2.54
8.85,-1.97
4.61,-2.58
14.0,-2.14
17.17,9.76
18.39,2.28
5.43,1.41
7.96,1.81
9.98,-0.04
13.15,0.99
4.6,-5.17
2.21,-4.96
10.71,-8.09
-7.52,-10.24
-3.02,-8.68
0.06,-9.17
3.82,-8.47
8.67,-0.06
7.68,1.15
1.55,-0.6
6.98,-3.13
3.32,-2.84
1.62,-0.1
2.12,-0.29
3.73,-0.24
3.54,-0.14
5.63,-0.02
17.55,1.1
19.85,4.68
13.97,-0.13
2.77,-0.16
0.77,-3.01
1.13,-3.09
2.08,-4.95
10.1,-3.74
7.65,0.35
5.25,-1.75
2.47,-1.05
2.84,-12.02
-4.3,-12.84
7.16,-9.78
10.31,-1.91
11.91,-0.15
10.49,-3.89
6.46,-3.95
1.11,-9.95
3.29,-9.7
9.63,-6.83
13.44,0.99
6.88,4.31
7.88,1.96
3.24,-3.97
1.89,-4.14
2.74,-7.22
3.49,-6.83
16.69,-2.97
12.33,8.66
14.53,-0.09
16.19,-0.87
15.37,-0.24
2.41,-4.89
10.32,-4.67
18.09,-0.14
17.76,8.78
13.53,5.92
10.98,3.44
16.67,4.41
11.16,1.79
5.86,0.99
7.04,1.07
8.64,3.39
11.81,3.12
15.74,4.84
20.04,12.18
21.83,0.37
3.26,-1.69
6.07,-1.25
11.65,2.66
11.85,3.29
17.07,3.83
20.73,7.07
24.42,12.74
26.27,16.41
18.45,7.84
16.37,5.0
8.22,4.4
11.63,0.23
16.37,2.58
20.79,6.38
21.86,7.86
15.29,7.77
21.26,9.23
26.02,13.99
27.3,7.6
13.0,0.33
10.96,1.01
16.96,5.34
16.78,10.02
9.44,0.99
8.68,-3.07
11.01,-3.98
10.16,-0.15
11.09,1.18
12.55,1.67
14.28,3.1
18.62,5.57
14.43,-0.02
21.56,4.48
12.89,10.12
19.31,7.65
19.28,7.07
15.29,2.02
19.16,6.23
24.12,13.82
18.22,7.23
9.75,5.91
19.95,6.88
27.64,13.06
22.57,6.08
21.31,7.58
8.91,4.38
15.28,2.39
19.41,7.46
12.18,-2.42
13.1,0.92
18.0,2.91
10.3,1.39
15.73,5.24
13.94,8.45
27.5,14.0
23.35,16.07
26.56,17.47
25.8,16.1
19.52,14.25
18.18,11.54
14.52,11.23
18.2,12.64
24.91,14.14
27.85,16.97
30.01,17.25
30.58,17.39
29.6,18.93
25.56,18.48
27.23,17.35
24.13,12.99
22.87,10.4
22.13,7.27
25.03,12.44
30.81,18.32
31.26,20.62
29.08,17.63
30.37,18.13
32.67,15.96
28.98,15.86
30.38,19.03
28.86,23.11
31.39,14.7
27.01,12.43
29.18,12.23
26.3,12.99
23.69,11.13
25.06,13.01
26.99,13.63
28.13,14.09
28.36,16.15
31.29,17.1
32.22,17.8
29.47,19.23
29.66,19.79
26.02,15.62
26.98,13.81
28.73,16.78
30.58,21.39
25.82,19.8
27.11,21.14
30.42,20.1
29.16,20.07
31.72,19.56
31.85,18.11
32.31,19.28
33.62,19.68
33.53,20.12
32.44,19.97
32.88,20.63
32.88,20.38
33.05,21.05
29.42,18.1
30.98,17.05
28.01,15.94
28.24,15.41
30.56,16.54
31.64,20.87
27.67,17.38
30.65,19.86
32.56,22.3
33.17,21.08
31.88,21.13
32.23,20.23
28.99,20.88
29.22,18.6
30.29,17.26
30.96,18.92
32.94,21.51
31.75,20.68
29.99,17.47
31.2,20.23
23.18,19.8
25.73,19.8
27.72,17.27
26.52,17.21
27.22,16.7
24.82,12.0
24.07,13.67
25.8,14.32
26.6,13.01
28.36,15.54
30.77,17.88
28.82,19.15
28.63,19.38
28.38,20.08
29.91,20.48
26.66,18.85
29.89,18.28
27.95,15.59
29.26,17.06
24.25,13.72
25.28,12.45
26.52,14.68
27.54,16.93
26.86,17.62
28.66,18.2
30.43,19.37
31.74,19.57
30.88,21.12
28.16,22.35
28.03,20.55
28.94,13.68
26.0,16.12
26.2,17.65
27.53,20.2
27.68,20.6
28.75,16.06
25.91,9.84
26.82,11.87
27.09,15.37
29.27,16.73
30.24,16.08
30.58,16.67
30.24,18.34
22.81,16.99
28.66,17.48
27.25,14.13
25.93,11.08
22.54,8.68
25.88,9.26
26.85,10.98
19.9,6.01
20.26,4.58
22.67,5.89
23.3,6.39
23.77,8.11
22.46,9.94
24.3,10.5
26.0,11.84
24.68,13.57
26.15,13.67
19.29,6.12
17.61,6.55
23.94,5.24
19.74,2.46
16.68,4.12
18.5,7.0
17.22,0.31
17.42,1.71
22.53,5.09
28.7,6.9
25.68,7.67
27.41,9.54
23.08,16.52
25.21,16.7
24.4,4.75
20.89,4.89
25.34,6.59
16.82,0.08
14.24,-0.95
16.98,0.85
15.8,9.39
12.96,8.29
16.61,9.15
21.17,12.11
27.19,13.15
25.19,6.81
12.32,5.88
10.85,6.17
9.47,7.19
11.02,7.27
12.16,8.88
11.17,4.73
9.7,-0.82
14.66,0.52
10.99,-3.15
9.88,-2.39
18.2,0.89
21.84,5.51
19.38,3.79
21.39,3.5
23.42,3.95
26.69,9.18
26.27,10.91
25.55,12.08
12.88,0.06
12.97,0.03
13.7,-1.93
16.98,0.31
13.76,1.63
13.19,1.15
6.42,-2.15
9.88,-2.0
18.45,5.84
17.62,9.16
10.3,6.87
10.4,1.36
9.29,2.13
10.7,4.16
14.76,7.65
10.54,7.37
12.82,-0.35
9.68,-2.49
11.79,-2.47
2.77,-1.88
0.7,-6.4
6.57,-5.83
6.87,-3.7
6.95,-2.41
7.03,-3.88
3.52,-3.73
0.86,-1.81
2.3,-1.13
13.34,-1.61
16.2,-1.52
17.71,4.69
16.48,3.83
5.72,2.31
2.22,-6.46
1.94,-5.72
1.13,-1.49
0.17,-5.3
3.62,-5.53
5.26,-0.02
6.85,0.3
9.06,0.33
7.57,-0.58
13.3,-0.86
-1.46,-10.75
-7.64,-11.7
3.42,-9.94
11.62,-1.61
2.56,-2.88
5.55,-3.56
11.36,-2.02
0.2,-2.44
10.28,0.34
3.5,1.18
2.42,-2.14
7.72,-1.73
1.63,-0.23
2.68,-1.0
3.67,-0.72
0.24,-2.02
0.18,-7.52
0.2,-7.6
-1.37,-4.59
2.7,-4.17
7.97,-2.22
8.91,-0.23
6.19,-1.42
1.35,-1.23
1.27,-1.54
1.93,-1.89
6.95,-2.49
3.0,-2.55
10.51,-1.93
2.98,-9.92
1.92,-9.77
1.16,-1.51
3.54,-0.36
7.14,-0.71
0.6,-8.74
-0.75,-11.29
1.43,-11.08
3.3,-3.71
5.66,-2.54
-1.13,-6.2
0.87,-6.71
2.51,-5.41
3.82,-3.59
3.11,-5.82
2.29,-10.92
-4.95,-11.84
1.98,-8.67
-0.62,-5.96
-4.32,-7.41
-3.03,-7.44
-1.1,-6.47
-2.11,-8.73
-3.14,-9.17
-6.49,-11.52
-6.41,-16.83
-3.96,-15.47
-0.97,-10.7
-1.64,-14.73
0.71,-11.32
8.04,-8.19
4.25,1.07
12.81,0.04
17.06,-2.25
8.54,-1.86
8.09,-0.31
13.45,6.46
16.59,2.36
7.97,-4.61
7.4,-4.53
17.13,-2.63
11.64,-3.98
8.62,-4.14
9.07,-3.92
11.11,-3.41
18.53,-1.28
19.46,0.68
21.03,8.76
18.18,7.5
15.92,4.77
12.5,-0.33
10.82,1.08
5.19,1.04
14.69,2.92
17.16,5.71
16.3,-0.07
10.91,-1.71
16.28,-1.57
19.46,1.98
19.94,4.4
19.87,9.47
22.62,6.77
17.81,8.16
13.84,4.03
23.3,6.74
11.03,-1.73
15.24,0.21
23.14,5.78
11.16,-1.66
4.39,-5.34
9.14,-3.57
17.72,0.98
23.45,5.46
24.71,7.37
25.5,9.27
27.27,13.28
20.97,10.86
26.73,11.91
18.1,9.02
11.35,7.92
20.33,7.85
19.11,9.35
16.81,3.03
13.31,0.06
16.71,2.69
13.58,1.07
17.59,3.08
19.79,2.64
18.25,-0.9
7.94,-1.21
12.66,-0.47
16.13,3.57
11.77,6.67
17.49,3.23
24.0,7.7
27.62,16.95
26.66,17.35
20.4,9.59
21.83,1.57
22.39,4.39
24.81,13.5
22.84,15.54
21.97,9.05
16.68,3.04
17.73,4.37
17.43,1.98
15.61,4.7
17.54,2.0
16.61,4.59
16.37,4.15
17.16,2.91
19.28,3.85
21.28,4.78
22.32,10.49
21.11,12.67
21.47,13.76
25.81,14.59
27.08,15.2
28.75,14.76
28.58,13.22
29.58,14.66
29.87,15.81
30.85,15.91
30.79,17.97
25.62,17.18
27.35,17.78
22.19,7.98
14.06,4.41
19.04,6.78
23.33,10.75
23.53,14.57
18.46,16.18
22.58,13.61
29.41,14.53
29.31,16.7
27.74,19.39
27.51,20.16
25.4,20.66
25.22,20.72
27.15,20.36
30.47,19.18
32.98,19.74
31.34,14.75
31.12,13.36
27.18,12.95
26.94,12.8
29.47,15.75
32.2,18.56
28.1,17.79
30.63,22.2
27.8,12.45
21.88,10.03
24.96,12.78
28.05,18.68
27.52,21.78
29.85,21.33
31.5,20.64
32.53,20.88
34.07,21.22
29.02,20.53
25.27,15.51
24.47,13.22
25.81,14.83
29.84,18.72
31.29,19.83
31.65,19.19
30.62,20.7
27.56,16.71
24.49,16.12
26.38,17.61
26.27,20.09
27.73,21.0
27.09,18.51
28.86,19.88
30.75,20.57
28.31,20.27
27.04,19.29
27.18,17.01
28.03,17.15
28.7,17.15
27.25,16.39
27.61,15.89
28.85,16.95
30.23,18.56
30.8,21.01
31.65,17.06
30.87,17.51
30.7,19.6
30.86,20.12
27.91,17.37
22.72,14.03
26.94,12.05
25.84,13.39
27.03,13.3
27.45,14.81
29.05,16.06
28.36,17.82
29.89,18.18
30.79,19.77
25.88,21.53
32.03,22.39
32.26,23.3
33.29,20.89
30.62,20.59
28.05,18.69
24.47,18.1
27.22,19.41
29.1,19.0
30.49,20.3
29.59,18.7
30.67,18.81
30.91,18.62
32.1,19.15
32.74,20.03
33.12,21.0
30.66,19.73
33.1,20.35
32.83,20.01
32.53,21.1
32.07,21.01
25.48,20.02
25.35,18.37
26.36,12.78
26.07,13.03
25.99,14.71
26.38,17.86
26.13,12.26
28.3,13.63
28.53,16.75
27.08,11.53
25.01,11.02
26.12,12.07
27.34,15.26
29.02,17.69
29.78,18.22
30.25,19.18
24.87,14.79
27.99,15.99
30.78,17.17
31.67,17.76
29.67,18.9
22.56,18.32
23.82,13.73
15.24,9.37
19.06,6.38
23.06,8.31
21.22,6.87
24.06,8.62
28.6,14.44
28.86,14.64
29.16,14.22
26.98,12.27
26.19,12.26
24.64,14.24
22.97,16.45
22.77,14.83
25.53,15.58
24.33,16.82
24.5,15.93
25.57,14.66
27.59,14.72
28.26,17.58
27.11,17.93
21.33,11.73
24.66,12.39
27.44,18.62
23.7,10.06
16.6,4.59
19.65,4.32
21.23,4.92
21.49,6.03
22.49,6.99
21.4,9.44
12.48,7.2
15.65,7.45
23.12,12.44
16.57,8.51
14.38,1.55
15.08,1.61
12.4,8.4
15.66,10.58
13.01,9.25
17.02,2.18
12.59,2.13
9.61,-3.01
9.77,-2.86
10.69,-2.83
12.02,-2.68
14.5,-1.75
17.54,-0.77
20.88,1.9
17.65,2.81
20.89,6.14
17.28,3.05
10.55,1.21
4.28,0.45
5.14,-2.81
5.14,-2.35
16.39,-0.44
19.2,4.14
8.38,-4.01
5.7,-4.43
12.05,-1.06
7.65,-1.62
4.53,-6.88
5.72,-7.05
12.75,-0.94
8.6,-3.8
1.65,-4.11
9.44,-0.19
7.93,-6.02
7.0,-6.54
12.78,-1.11
11.37,3.2
18.45,1.2
17.19,1.93
12.84,0.35
16.75,2.15
6.32,-5.93
-1.65,-5.48
5.28,-5.02
14.42,-1.39
18.73,9.54
16.98,-2.56
8.97,-3.14
12.01,-1.91
14.25,-1.12
18.0,11.75
16.28,-0.94
8.95,-0.66
12.17,-1.51
1.77,-5.62
6.54,-5.69
7.21,-5.16
2.72,-5.63
11.45,-4.02
17.41,9.42
20.59,7.39
15.37,6.46
20.67,5.51
12.07,4.35
9.72,5.85
9.16,5.78
17.42,8.69
14.2,2.92
1.98,-5.84
1.01,-7.1
6.08,-6.56
6.51,-8.93
-6.91,-12.76
-7.11,-13.08
6.02,-11.39
6.53,-8.58
-0.08,-11.0
1.48,-10.62
10.22,-1.4
8.24,-1.86
1.67,-3.01
0.28,-6.43
0.74,-6.59
-2.23,-4.23
5.91,-4.69
9.82,-6.68
-3.62,-8.4
-2.95,-13.79
0.43,-13.73
2.58,-8.93
4.77,-6.86
-1.77,-15.13
-4.13,-15.66
1.92,-9.72
-1.09,-17.86
-3.02,-18.01
5.33,-7.86
5.32,-6.3
15.89,-0.29
7.93,-1.01
-0.78,-6.94
-4.45,-11.57
-4.53,-12.45
3.57,-9.84
2.62,-9.79
8.3,-8.21
11.11,-1.18
6.73,-2.71
12.76,-1.7
-1.23,-7.92
-1.82,-9.78
0.5,-9.2
12.31,-6.8
16.84,8.1
12.81,-4.86
1.65,-5.72
0.4,-6.69
14.8,-4.28
17.71,4.5
16.36,-2.1
-1.19,-2.66
2.51,-1.79
-0.23,-3.72
2.95,-5.92
9.54,-5.73
11.39,-3.68
19.1,1.66
20.58,2.15
8.46,-1.11
13.34,-0.94
23.7,7.5
20.89,12.44
14.97,0.36
4.87,0.45
9.62,-1.44
11.46,-1.1
8.09,-8.27
-2.29,-8.52
11.27,-3.71
17.9,3.01
19.87,2.48
21.9,2.93
22.51,5.08
17.53,8.36
8.69,2.03
17.36,1.86
21.52,3.62
19.27,9.46
19.77,6.51
11.83,4.64
7.24,2.48
4.95,-2.38
6.06,-6.13
6.62,-4.83
9.21,0.28
26.47,8.1
8.39,1.08
6.6,-3.0
12.16,-0.67
15.54,2.2
15.77,5.15
13.34,6.27
13.63,5.79
11.46,1.86
8.7,1.11
7.02,-1.99
17.91,0.6
17.4,10.67
21.94,11.5
20.77,4.22
16.32,4.31
21.3,8.01
17.57,1.44
10.6,1.92
6.73,0.91
11.52,1.85
19.38,6.73
18.18,6.95
26.21,11.25
28.91,16.41
28.09,18.4
20.36,3.13
14.78,1.71
18.43,4.7
18.87,7.49
22.5,11.76
25.96,13.43
23.11,6.14
22.37,10.47
26.0,10.15
15.15,10.26
17.0,12.11
22.28,9.73
16.59,7.78
21.41,10.05
25.92,12.69
28.78,17.2
30.18,11.77
29.67,14.98
29.0,15.04
29.41,13.63
30.18,12.99
25.17,10.26
27.79,13.04
23.04,15.0
27.51,15.93
30.5,20.7
29.12,17.52
19.95,10.79
18.05,9.69
23.64,11.81
28.79,18.14
22.35,14.14
19.77,11.1
22.75,11.96
27.43,15.35
30.8,17.86
30.8,17.93
30.94,19.1
24.1,12.29
26.79,11.19
28.09,12.53
28.18,15.48
27.11,18.18
27.08,16.12
28.52,13.84
25.06,13.86
22.25,14.34
25.6,15.08
29.35,19.61
33.36,23.8
34.24,22.92
33.82,23.16
33.27,23.95
29.9,15.19
25.78,10.7
26.27,11.71
30.36,12.91
33.3,17.84
34.13,15.66
29.78,14.22
30.66,15.05
30.6,17.64
28.87,14.21
26.2,10.41
25.65,9.57
29.16,13.72
32.6,20.36
32.55,20.71
30.19,19.34
30.34,16.95
32.23,21.37
35.35,23.36
34.33,22.24
27.65,21.4
25.02,20.15
25.8,15.86
29.36,16.6
30.23,19.88
30.22,16.55
29.84,17.83
28.97,15.62
28.87,19.92
31.17,21.28
24.25,20.9
28.59,18.93
30.51,21.02
32.97,19.89
31.11,18.93
32.59,20.24
31.1,22.47
31.86,22.07
27.1,19.94
25.71,18.98
28.3,20.81
30.18,20.8
26.84,14.54
27.1,17.31
26.12,18.35
29.28,19.63
27.84,18.65
32.24,21.28
28.71,21.16
28.14,21.57
30.37,20.29
31.41,21.04
31.43,21.77
29.69,21.34
27.3,15.82
28.43,15.15
25.17,13.05
27.03,15.65
26.17,17.95
26.45,15.09
27.22,15.16
27.26,14.8
28.66,14.6
29.4,16.62
28.72,18.11
26.44,17.17
26.06,15.25
27.4,13.5
28.63,14.31
29.14,16.49
29.24,17.48
29.66,18.6
32.34,20.87
31.45,20.07
28.41,13.36
27.23,13.26
29.35,15.15
29.77,18.1
25.38,18.69
26.92,19.43
27.78,20.17
25.8,16.03
26.26,13.05
25.95,13.22
28.89,16.26
28.22,18.58
25.93,14.01
22.01,12.17
21.17,12.62
26.53,12.78
27.75,12.67
28.21,13.5
28.47,13.78
28.85,16.01
28.27,15.32
30.9,16.37
34.17,16.6
21.45,6.08
19.9,8.02
25.04,12.42
23.55,9.99
20.59,5.01
19.26,3.28
16.02,4.38
19.79,5.43
21.63,6.61
23.09,6.99
21.77,6.76
21.23,2.99
22.06,3.15
24.29,5.22
23.88,8.05
16.27,0.2
14.73,-0.38
17.83,1.54
22.62,5.09
23.64,7.18
24.49,6.42
17.91,1.14
19.64,2.33
17.44,2.77
21.92,4.9
9.84,1.15
6.42,-0.05
12.07,-2.29
14.59,-0.49
22.04,5.46
24.69,10.4
25.07,8.89
24.99,10.15
23.28,7.78
11.69,-0.02
14.8,1.48
19.6,3.73
20.75,4.84
16.28,9.78
17.56,12.48
19.95,7.13
17.58,6.0
22.61,5.99
24.3,11.07
21.94,7.59
21.85,5.14
19.6,6.25
17.24,4.81
23.42,5.01
22.17,7.73
16.98,-0.37
0.01,-1.76
3.32,-1.7
6.67,-1.65
5.58,1.49
2.92,-1.84
-0.06,-3.37
1.45,-7.99
2.13,-8.14
1.52,-7.99
8.98,-5.59
13.66,-4.84
15.31,-3.64
17.44,-1.77
12.44,-3.66
12.71,-3.69
12.31,5.19
7.76,4.73
15.75,1.2
3.31,-6.69
4.36,-7.05
13.59,1.59
12.13,-6.59
5.61,-6.81
7.88,-4.04
11.3,6.41
10.23,5.38
7.34,4.87
9.33,4.77
8.08,4.44
7.82,2.02
7.19,-0.74
8.04,-0.76
12.49,5.08
7.18,1.06
4.82,-0.66
0.57,-4.33
0.93,-7.82
0.75,-7.62
7.43,-6.25
6.5,-5.76
6.81,-22.3
-16.7,-22.63
-8.86,-16.82
-6.79,-14.1
-2.97,-8.95
-0.28,-4.42
9.51,-3.54
14.09,8.52
16.49,9.12
