20170101
7.84,-1.76
12.16,6.27
12.97,-3.93
-1.59,-6.73
-5.5,-13.8
-9.6,-15.88
-7.82,-16.24
-5.05,-15.03
5.26,-6.58
12.79,-1.52
18.18,-0.41
18.68,-1.26
1.3,-1.2
2.9,0.8
3.72,0.75
15.25,4.36
14.84,3.15
4.79,0.75
10.37,2.65
14.35,7.5
18.81,5.83
15.64,6.88
8.25,3.13
7.17,2.69
15.32,2.08
2.26,-0.93
2.23,-4.13
1.51,-3.52
0.26,-6.45
7.25,-7.65
7.96,2.93
6.12,-2.14
2.25,-5.35
-0.51,-10.79
4.24,-11.06
10.9,-1.73
16.22,-0.9
16.08,1.99
5.07,-4.69
-2.07,-8.22
12.47,-3.81
18.48,9.48
15.18,-2.51
9.74,-2.8
11.78,1.7
7.55,-1.6
9.93,-0.13
19.83,4.55
17.84,6.45
16.39,2.82
20.12,3.73
17.57,9.67
20.43,11.94
20.72,13.3
24.45,1.48
1.82,-5.99
8.78,-4.96
10.63,4.53
18.24,8.39
14.96,0.72
7.46,-2.04
4.52,-2.74
11.61,-1.06
19.67,-0.33
17.45,9.36
14.06,5.47
16.34,3.02
21.66,0.74
6.97,-3.79
3.14,-6.53
3.89,-5.92
2.33,-3.93
0.52,-7.07
2.28,-7.71
7.34,-6.88
9.12,1.59
5.82,0.33
11.29,2.02
18.52,5.07
17.53,-0.41
7.17,-1.56
14.93,-1.18
23.92,12.95
24.84,13.59
18.29,6.83
19.94,7.5
15.58,9.57
17.17,8.68
24.78,11.08
12.67,4.49
11.38,2.62
19.1,4.49
21.54,11.74
19.78,8.38
22.23,4.56
9.5,1.52
13.75,-0.32
19.17,1.75
25.68,9.92
25.96,15.15
19.71,5.28
20.94,6.0
26.6,8.01
28.51,11.94
28.6,16.99
27.37,12.02
21.51,8.6
25.86,10.69
28.04,16.77
27.67,9.44
15.73,7.3
13.6,5.19
21.12,6.14
24.79,8.25
24.94,11.89
29.11,15.12
17.76,7.36
19.96,9.26
26.59,14.88
24.36,12.99
16.39,7.57
18.63,4.38
12.26,6.24
12.43,7.22
12.29,4.58
17.31,3.32
17.64,1.48
18.65,4.06
21.22,11.05
29.15,13.41
20.07,11.51
20.15,7.47
24.15,10.97
27.65,13.34
28.55,14.12
29.71,16.49
28.84,20.35
28.92,18.5
28.25,15.01
26.87,14.4
25.54,8.71
22.79,9.64
23.69,13.31
17.84,13.0
18.31,10.47
26.56,13.73
28.69,16.66
24.64,14.75
28.28,13.62
26.77,12.69
26.99,10.31
26.65,10.57
29.15,12.14
30.92,15.24
31.12,18.29
30.71,14.64
25.56,12.22
21.11,9.87
24.73,11.67
28.72,14.24
29.82,16.11
31.31,18.56
33.04,20.72
30.59,19.17
31.4,19.17
28.2,18.23
30.99,18.88
30.89,20.47
27.73,16.26
27.43,14.81
29.54,16.55
32.05,19.45
27.97,21.25
24.25,16.15
25.66,11.8
25.39,11.33
23.97,10.64
23.82,11.02
27.37,14.74
30.89,20.14
28.99,19.39
28.91,16.74
29.96,17.03
30.68,18.39
30.37,19.14
29.35,20.41
26.23,18.85
31.09,16.93
27.81,13.95
29.06,16.75
29.52,21.89
26.51,19.86
32.11,21.58
30.05,21.89
29.23,15.01
28.24,15.73
30.16,17.22
30.65,19.09
31.47,18.27
31.12,19.64
32.32,22.12
33.29,22.87
33.37,21.31
29.5,19.5
29.2,16.29
27.44,15.77
29.83,17.62
28.63,22.26
28.28,15.51
25.89,13.14
28.53,15.17
29.96,17.19
29.12,18.05
29.31,17.19
30.15,18.61
23.74,11.01
25.37,12.73
22.26,17.09
25.48,13.99
26.75,11.42
27.49,12.95
29.26,15.43
27.72,16.36
27.14,13.31
27.97,15.55
28.26,17.07
30.75,18.4
31.85,20.18
30.87,19.76
29.54,18.48
31.39,18.28
32.26,18.99
32.31,20.42
28.16,14.75
26.49,11.42
26.13,11.82
25.65,11.08
26.01,11.82
27.71,13.6
27.08,16.36
25.99,14.92
27.83,15.63
27.46,15.56
16.15,12.62
21.79,12.27
27.82,13.37
30.79,15.79
23.1,8.81
20.02,7.82
21.3,7.89
25.24,9.59
23.39,8.68
23.14,8.59
22.76,9.59
21.1,14.53
18.47,16.04
22.86,12.91
27.82,13.32
29.37,15.41
30.39,16.9
27.93,19.55
27.1,17.92
30.76,18.54
32.74,19.29
32.75,17.78
32.5,16.94
32.81,15.35
32.11,15.62
32.3,17.24
29.3,12.32
23.25,8.04
25.2,7.56
24.07,6.09
24.38,6.67
27.06,11.0
29.33,14.53
26.49,17.59
23.17,17.44
27.3,17.74
28.78,13.28
19.58,14.26
21.96,15.11
21.71,15.8
18.08,13.66
17.74,13.06
23.4,11.69
28.85,14.97
22.79,7.27
17.51,3.47
20.32,3.49
21.76,4.83
24.59,7.34
25.49,7.8
24.14,10.06
25.92,14.08
17.6,8.02
10.97,5.02
11.31,0.11
17.37,0.16
13.25,2.07
4.4,1.5
4.3,-1.18
7.49,-0.27
7.71,-0.23
15.35,1.78
20.04,12.14
16.26,6.46
19.33,8.9
23.26,9.11
12.63,6.63
9.4,4.23
11.88,-0.73
13.75,-2.13
3.19,-3.99
7.01,-3.58
8.02,2.08
7.34,0.44
11.87,0.13
10.01,0.6
5.38,-1.24
15.95,0.69
18.26,1.82
4.0,-3.67
10.18,-3.39
13.79,-3.3
5.22,-4.96
8.46,-2.54
14.45,-1.14
15.49,-2.11
12.79,-2.6
17.88,0.94
17.87,4.75
14.91,3.23
12.94,-2.29
12.35,-2.6
13.52,-1.62
15.31,-1.18
18.53,3.1
8.93,-2.24
7.46,-2.53
-0.42,-8.63
0.29,-9.16
-0.22,-6.79
3.64,-6.22
9.44,-4.36
0.05,-7.87
7.94,-6.11
0.28,-6.21
0.96,-4.68
10.79,-0.7
7.65,2.71
7.65,5.2
9.6,1.86
9.19,-1.85
13.08,-1.72
12.03,2.44
3.18,-1.73
1.72,-6.37
-1.84,-8.53
-5.93,-16.24
-8.93,-16.91
-4.62,-12.79
-3.6,-7.86
-5.53,-15.02
-9.08,-18.51
-11.77,-21.11
-7.23,-21.13
-3.56,-16.92
-7.01,-17.6
-8.02,-19.71
-6.42,-19.88
2.92,-10.02
3.27,0.14
5.13,-0.37
14.68,4.11
14.55,-1.79
-0.76,-9.84
-4.32,-16.15
-5.35,-16.05
-2.15,-15.93
-11.59,-17.62
-5.33,-13.85
0.66,-12.18
4.59,-6.68
9.24,0.08
12.48,6.31
13.38,2.6
3.63,-0.75
-0.23,-5.7
8.52,-5.01
14.52,-0.19
9.75,-2.91
11.47,-3.71
1.73,-4.9
1.12,-5.8
11.62,-1.29
6.07,-10.85
-3.77,-11.69
4.33,-6.45
3.26,-10.99
-2.25,-11.21
-0.06,-4.48
0.34,-8.73
0.89,-8.23
10.31,-0.94
4.58,-1.04
1.0,-6.83
4.37,-7.11
6.94,-4.9
15.08,4.97
19.87,7.97
6.82,-1.51
2.59,-1.56
12.42,-1.13
23.16,12.49
25.29,10.69
10.25,3.59
11.13,4.11
15.78,6.79
14.98,6.08
9.41,-0.96
13.37,-1.29
16.67,0.01
13.33,9.12
14.14,-0.1
9.46,-2.75
10.8,-2.08
11.26,-0.91
8.84,0.17
13.92,-0.52
4.41,-2.66
-0.05,-4.49
7.26,-3.83
11.14,-0.81
6.58,-1.97
5.11,-3.92
5.64,-5.28
5.77,-5.22
15.11,-2.5
8.66,-2.51
6.79,-1.76
14.82,0.22
17.14,-0.33
1.65,-1.87
5.53,-3.89
9.03,-3.48
10.97,-1.92
1.68,-2.1
7.95,-1.96
15.14,2.99
13.12,9.56
14.13,9.4
14.12,4.4
9.8,0.57
15.38,1.28
9.26,-0.89
9.62,-0.85
22.55,0.96
2.7,-3.29
10.94,-2.37
14.88,-2.08
6.28,-4.52
6.39,-2.18
5.88,-1.69
6.79,-1.67
18.63,-0.15
26.74,13.16
26.98,15.71
20.92,10.73
11.73,0.55
2.28,-0.67
10.33,0.29
22.01,1.56
13.28,-0.59
16.59,1.25
17.77,5.56
19.63,8.56
14.54,9.6
13.57,10.38
19.35,4.46
20.29,4.34
21.52,5.59
14.51,0.26
17.45,0.83
23.62,5.14
27.8,14.42
29.06,18.36
25.3,17.28
26.51,12.93
20.72,11.8
27.83,8.89
23.18,8.17
26.04,9.84
28.58,15.28
28.76,15.02
30.29,18.28
29.5,16.63
31.47,18.44
32.61,19.8
31.4,18.34
25.54,16.3
28.65,17.03
23.23,18.0
25.56,17.17
30.73,17.76
29.69,18.34
29.79,14.72
27.83,14.15
28.46,14.15
30.85,17.57
30.45,18.0
33.06,18.21
33.81,19.96
31.24,21.69
26.86,20.32
29.46,19.67
29.73,18.21
30.34,19.43
27.15,12.72
24.93,12.42
28.99,13.16
26.38,15.37
31.28,18.34
32.2,18.17
32.74,17.75
25.0,18.19
25.89,18.54
27.41,19.64
29.18,13.78
28.72,14.72
31.05,18.31
33.67,21.15
33.91,22.19
33.29,22.83
32.87,20.76
30.47,21.32
26.47,18.65
25.08,18.19
24.12,17.17
27.51,19.53
23.91,19.81
24.75,19.27
28.69,18.03
30.25,19.84
31.98,20.38
32.79,22.63
33.04,22.47
32.03,22.03
31.79,22.08
34.13,22.63
33.69,21.18
27.96,13.06
27.34,13.65
31.06,17.5
32.85,19.93
33.08,20.16
29.66,16.03
29.32,16.0
31.83,17.17
33.07,20.91
30.03,21.33
30.75,18.88
30.87,14.84
29.97,15.35
29.96,17.22
29.3,18.58
24.79,18.94
26.7,16.46
25.87,16.3
28.9,17.53
30.33,16.91
29.65,16.11
26.77,14.36
27.24,15.16
27.14,17.38
23.48,18.38
23.9,17.38
26.82,15.85
28.94,16.77
30.08,19.34
31.77,19.83
32.43,20.3
32.22,20.39
29.82,20.54
29.73,18.17
29.41,18.95
30.26,19.71
29.7,16.83
29.91,16.85
29.43,16.53
30.64,19.5
25.26,19.83
26.99,20.35
27.53,19.9
28.6,18.58
29.91,19.16
28.56,19.86
27.22,17.5
25.02,11.67
26.43,12.29
24.04,13.85
28.35,20.22
32.39,21.9
32.32,21.54
32.85,21.68
31.04,18.72
28.5,17.27
30.71,18.19
29.59,19.93
32.08,20.92
33.33,20.99
33.71,20.71
33.44,20.99
31.44,20.68
26.84,17.94
18.83,14.81
16.22,13.52
19.88,12.43
23.04,12.89
23.13,15.16
29.96,16.35
30.97,17.35
31.34,19.24
30.38,20.08
30.75,18.89
32.82,18.84
32.85,19.52
33.4,20.56
30.78,14.89
16.67,12.83
25.32,13.09
21.72,16.76
25.3,18.67
21.81,11.12
16.81,7.61
23.22,8.18
22.32,9.3
27.39,11.7
29.66,14.13
30.29,19.11
30.96,19.36
26.3,17.06
31.14,18.47
31.5,18.17
31.8,18.45
31.58,19.74
30.61,19.53
24.39,11.43
15.88,2.47
11.91,2.49
12.51,3.3
12.49,7.3
11.89,1.31
12.12,1.27
15.98,-0.1
14.52,-0.29
13.21,1.27
17.25,-1.73
12.16,-1.71
19.47,1.5
17.16,1.02
14.09,1.24
14.49,3.31
9.2,5.97
12.58,3.99
18.6,3.39
16.78,2.66
21.19,5.63
18.31,7.84
10.11,5.01
8.43,0.76
13.58,0.59
16.29,7.42
15.93,8.44
15.48,3.4
12.62,-1.12
6.38,-0.16
6.83,-6.5
2.53,-6.96
6.37,-5.49
6.99,-0.25
2.0,-6.2
0.51,-6.08
1.39,-1.29
3.93,-1.07
7.47,0.81
10.29,0.9
5.31,1.74
3.63,-2.76
8.56,-3.8
10.75,-3.27
11.23,-1.57
13.17,0.42
14.88,0.46
2.33,-5.65
-3.79,-7.08
0.96,-7.52
5.95,-0.51
11.32,5.19
14.73,7.45
16.73,3.52
4.43,0.32
1.48,-2.06
-0.22,-3.46
4.81,-6.32
3.65,-7.06
-2.09,-6.27
4.64,-7.88
0.46,-9.24
7.84,-7.43
11.15,0.69
9.09,3.99
10.04,5.68
8.32,3.0
10.59,-0.88
10.42,-3.41
7.6,-3.68
12.78,-1.8
8.47,5.11
6.2,-0.51
5.1,-1.78
2.37,-3.11
7.4,-3.01
8.6,-4.01
9.06,-3.66
13.74,4.53
13.51,-0.27
1.93,-3.02
6.43,-3.11
16.97,4.36
5.3,2.97
4.51,-0.14
4.8,-1.45
10.52,-0.73
12.26,-0.54
12.3,-0.2
14.16,7.33
16.04,-2.24
-0.8,-6.48
-1.27,-6.88
0.94,-8.27
1.27,-2.11
0.41,-4.07
0.77,-8.03
0.99,-4.99
1.99,0.28
4.7,0.77
2.49,-0.48
3.1,-10.1
-6.92,-17.35
-7.03,-17.19
7.32,-7.93
10.38,-5.05
-0.24,-11.99
-3.28,-12.15
1.86,-3.55
-0.66,-6.0
8.63,-9.72
-5.74,-17.35
-15.12,-20.34
-7.44,-19.55
0.86,-7.81
9.49,-3.15
18.18,2.37
13.36,2.66
10.83,2.87
13.94,8.4
16.65,-7.34
-2.84,-10.27
-0.68,-10.11
2.14,-4.23
9.03,1.42
10.83,-4.43
3.51,-3.92
13.33,0.52
1.11,-4.29
2.72,-5.24
0.57,-2.48
0.24,-5.13
2.0,-5.62
7.77,-1.39
7.52,-2.12
5.99,0.46
14.94,3.73
7.15,-5.68
4.78,-5.76
10.43,-3.32
13.82,-1.88
1.23,-1.22
4.17,-1.08
5.0,-0.5
0.0,-11.03
-6.55,-13.6
-4.07,-12.7
-0.65,-11.22
2.11,-4.69
3.39,-0.69
15.57,1.51
9.15,0.01
10.99,-2.68
10.54,-2.51
21.14,6.31
21.88,6.33
6.95,-0.77
9.18,-2.64
11.9,-2.99
9.67,-3.17
10.87,-2.47
12.72,2.2
7.79,2.09
10.96,-3.15
14.03,-2.64
13.63,5.36
9.06,-2.03
9.52,-2.36
15.48,-1.39
21.97,5.04
16.78,11.0
15.02,-1.82
3.43,-4.53
8.45,-3.52
15.25,-0.55
16.65,2.93
21.28,8.65
15.81,8.77
20.53,9.35
20.76,12.11
23.31,10.0
21.4,6.27
21.25,7.79
27.3,9.7
19.42,5.15
19.05,5.84
20.68,1.86
12.61,2.13
24.94,6.99
24.85,12.77
22.57,5.9
8.05,3.36
7.05,2.24
21.01,4.4
25.3,9.81
24.66,9.54
18.89,10.0
19.85,8.53
18.25,5.45
16.38,5.2
12.79,5.33
24.84,8.0
25.58,12.31
26.61,13.93
22.43,15.27
21.38,13.93
15.44,9.21
21.98,7.8
24.88,9.02
26.09,11.1
28.38,12.9
23.51,10.96
13.82,6.0
17.88,6.68
10.79,7.7
14.34,4.78
20.63,6.59
21.65,9.34
25.86,11.74
29.5,16.18
30.58,18.1
24.03,13.1
21.17,8.98
18.96,9.65
25.4,16.53
29.44,17.99
31.27,18.83
30.32,19.97
29.45,16.67
28.83,18.28
30.33,21.67
26.7,17.22
25.2,16.49
26.22,14.82
27.63,16.22
26.0,9.04
24.56,10.99
26.88,15.14
29.92,18.11
28.73,18.57
26.44,18.74
24.48,19.02
25.64,19.41
23.3,9.83
24.65,10.75
25.22,12.66
19.88,8.04
24.18,10.91
24.08,16.82
26.49,18.41
26.52,19.11
26.96,19.27
27.59,19.62
23.09,14.9
25.68,15.73
24.53,16.93
28.64,18.46
25.12,16.67
28.65,17.24
31.52,19.26
30.97,19.21
31.88,19.81
32.5,20.93
33.05,19.02
31.78,19.89
33.14,20.69
30.85,19.61
31.68,20.35
32.81,21.68
30.96,21.36
31.45,20.15
29.84,17.91
32.04,18.9
33.5,21.31
31.54,16.98
29.65,15.02
32.15,17.02
32.67,20.5
31.4,21.83
30.52,21.89
31.19,21.51
33.42,23.24
33.15,22.95
33.57,23.1
33.24,21.71
25.37,14.45
26.9,13.65
26.65,13.26
27.98,14.51
29.44,15.56
30.64,18.13
31.13,19.2
30.84,19.64
29.77,17.88
28.49,16.13
30.0,17.11
29.83,16.0
30.21,15.45
31.22,16.46
32.09,17.53
30.44,18.34
29.74,17.59
31.2,17.77
30.34,15.17
29.29,14.73
30.13,16.86
28.45,20.64
29.93,19.41
31.46,16.79
29.03,16.04
30.16,17.71
29.59,19.68
33.06,19.48
33.43,20.03
31.88,19.09
29.9,19.76
26.12,18.92
24.27,12.84
25.49,13.25
27.45,14.58
21.9,20.12
26.57,15.01
26.22,12.23
28.27,13.64
29.41,18.78
24.16,17.42
29.27,17.88
28.22,15.69
29.9,16.96
28.37,13.75
25.35,12.87
27.74,13.85
24.0,12.73
25.11,14.98
30.1,15.91
34.18,18.08
32.62,19.48
32.74,19.88
32.8,15.53
27.98,13.55
30.15,15.33
31.7,16.97
28.8,15.12
30.17,15.2
30.85,15.64
30.83,17.99
31.07,16.63
31.04,17.68
27.61,9.9
26.13,10.12
29.3,13.39
25.83,9.6
32.37,11.65
31.96,17.9
32.72,18.11
33.82,17.16
33.6,18.01
33.21,17.73
31.11,10.91
21.89,8.5
26.8,8.89
21.43,12.44
20.82,5.97
23.15,6.29
24.5,6.98
27.02,11.46
21.89,1.49
13.91,0.89
20.75,1.93
20.23,2.82
23.77,4.49
10.83,1.94
15.57,1.28
17.85,1.36
22.17,3.87
24.24,9.78
21.3,9.82
16.29,2.72
18.97,2.98
18.53,7.35
14.55,8.82
18.33,9.89
18.41,3.83
19.45,4.13
15.88,9.01
12.74,9.34
9.96,-2.52
8.52,-2.8
10.96,-2.17
12.21,-1.34
15.61,2.82
11.26,-1.1
12.33,-0.45
5.82,-6.86
2.64,-7.13
8.72,-2.54
17.68,4.03
11.43,-10.15
-5.01,-13.15
-0.38,-11.86
6.29,-5.41
6.8,-5.21
8.06,-4.07
8.68,-3.6
5.56,-1.01
7.22,-1.09
8.15,3.46
12.18,4.36
7.61,-1.75
3.48,-0.76
9.95,0.27
14.61,2.23
14.79,5.5
13.33,1.33
3.51,1.29
6.16,2.42
13.39,3.12
9.24,0.91
2.57,-0.68
4.23,-0.67
10.2,-2.42
11.21,-2.68
9.67,-4.64
7.43,-4.8
13.38,-1.46
13.48,-2.84
-1.72,-7.78
3.06,-7.35
6.63,-5.21
7.78,0.33
6.33,-1.33
1.5,-1.76
0.91,-1.61
2.32,-6.27
-0.72,-10.26
3.98,-9.07
7.56,-5.81
11.41,-3.8
12.63,-3.61
14.73,-2.32
16.3,-2.03
18.41,-0.82
17.66,8.16
14.89,5.64
15.83,6.37
16.39,4.75
5.55,1.2
2.86,-0.14
9.2,-0.73
10.45,5.84
10.3,3.24
3.85,-1.99
9.13,-2.56
8.81,-2.64
9.06,-2.41
4.29,-2.95
14.0,-2.46
17.22,9.19
18.06,1.8
5.39,0.73
7.51,1.12
9.66,-0.87
12.41,0.08
4.74,-5.39
3.21,-4.79
10.63,-8.51
-7.66,-10.19
-2.95,-9.12
0.16,-9.15
3.51,-8.23
8.36,0.33
7.49,1.32
1.85,-0.58
6.86,-3.21
2.77,-2.45
1.53,0.09
2.16,0.03
4.01,0.05
3.38,0.01
5.73,-0.05
17.67,1.13
20.31,3.49
14.14,0.21
2.92,-0.61
0.26,-2.84
1.48,-3.04
1.88,-4.45
10.12,-3.1
5.88,0.21
5.37,-1.75
2.45,-1.2
2.56,-12.74
-4.51,-13.2
7.4,-9.7
10.33,-1.89
11.66,-0.29
10.0,-3.63
6.33,-4.02
0.96,-9.48
3.33,-9.31
9.59,-6.01
13.2,0.89
6.75,4.47
7.12,1.49
2.55,-3.69
2.23,-4.23
2.32,-6.93
3.92,-6.82
17.15,-2.5
12.01,8.18
14.51,0.75
15.89,-1.02
15.56,-0.46
2.73,-4.62
10.29,-4.71
18.33,0.2
17.8,9.25
13.46,5.06
10.58,3.75
16.42,3.76
11.27,2.09
5.7,0.98
7.49,1.07
9.33,3.55
12.52,3.54
15.14,4.83
19.93,11.15
21.41,0.06
3.34,-1.52
5.63,-1.27
11.05,2.46
11.52,3.01
17.15,3.6
20.02,6.52
23.31,12.55
25.42,15.91
18.4,7.68
16.43,5.09
7.98,4.21
11.84,0.48
16.69,1.74
21.01,6.8
20.24,6.95
14.2,6.72
21.31,8.1
26.31,13.99
27.2,6.97
12.44,0.27
10.86,0.63
16.93,5.46
16.83,7.67
9.16,0.4
8.73,-3.03
10.34,-3.95
10.01,-0.51
10.56,0.89
12.88,1.32
14.85,2.82
18.82,4.31
14.11,0.38
22.19,3.21
13.31,9.72
19.88,7.92
19.43,6.56
16.48,2.08
19.47,4.88
24.5,13.34
18.01,6.9
9.69,5.75
20.17,6.27
27.96,12.94
22.0,6.49
20.76,7.44
9.4,4.52
15.78,3.39
19.73,6.54
12.79,-2.02
13.38,-0.28
18.07,3.26
10.31,2.0
16.2,3.74
14.29,8.09
27.28,13.28
23.97,15.61
26.75,16.87
25.25,15.43
19.91,14.2
18.92,12.06
14.26,11.58
17.74,12.67
25.12,14.0
28.14,16.95
30.27,17.71
30.92,18.02
30.29,19.16
26.15,18.83
27.39,17.67
24.91,12.59
23.25,11.03
22.29,8.02
25.01,12.31
31.07,18.05
31.6,19.81
29.32,18.24
30.78,18.28
32.67,16.0
29.41,15.93
31.0,18.27
28.92,22.15
31.25,15.13
27.38,13.24
29.68,13.13
26.19,12.67
24.38,10.71
25.41,12.61
27.84,14.07
28.8,14.54
29.18,15.77
31.52,17.54
32.72,18.32
28.7,18.61
30.1,19.13
26.28,16.64
27.2,14.81
29.12,16.74
31.36,20.8
25.45,20.03
27.48,20.77
30.45,20.34
29.82,19.91
31.72,19.98
31.68,18.73
32.51,19.7
33.73,20.19
33.88,20.91
32.91,20.63
33.03,21.12
32.59,20.57
33.58,21.15
30.26,19.0
31.81,17.27
28.34,15.88
28.42,15.71
30.51,16.64
31.66,19.04
26.38,17.96
31.01,19.06
32.73,22.63
33.33,20.85
31.41,20.74
31.97,20.37
29.08,20.89
30.01,18.3
30.19,17.59
31.0,18.3
33.13,21.5
32.08,19.65
30.29,17.82
31.07,19.57
22.89,19.23
26.1,19.06
26.46,17.28
26.83,17.29
27.2,16.85
24.89,12.38
24.23,12.99
25.64,13.95
26.75,13.35
28.62,15.95
30.82,18.76
29.83,19.37
28.96,19.55
28.76,19.75
29.94,20.05
28.1,18.92
30.4,18.91
28.46,16.57
29.71,17.13
24.11,13.65
25.56,13.0
26.77,13.1
27.78,16.25
28.37,18.25
29.01,18.99
31.32,19.97
32.48,20.29
31.3,21.43
28.23,22.31
28.85,20.71
29.43,13.89
26.43,15.19
26.79,17.8
27.3,19.56
27.2,19.45
28.99,14.58
26.03,8.99
27.24,10.64
26.67,15.85
29.69,17.38
30.86,16.58
30.95,16.76
29.39,18.06
23.3,17.45
28.56,17.79
27.59,14.02
25.85,11.49
23.34,8.8
25.96,9.11
27.51,10.46
19.87,6.0
20.59,4.67
23.13,5.27
24.17,6.7
24.5,8.59
22.98,9.99
24.92,10.57
26.17,11.49
24.67,13.58
26.34,14.11
17.94,6.53
18.17,6.61
24.64,5.29
20.13,2.69
17.43,3.5
18.66,6.94
15.74,0.29
17.72,1.14
23.34,4.86
29.51,7.03
26.31,7.51
28.28,8.95
24.16,15.26
26.55,15.33
25.01,4.68
20.98,4.56
25.9,6.26
16.98,-0.25
14.93,-1.46
17.14,0.79
16.67,8.97
11.33,7.62
17.09,8.23
19.35,12.19
27.38,13.02
25.55,6.43
12.7,5.81
11.12,6.39
9.26,6.76
10.47,6.93
11.65,8.09
10.28,3.5
10.27,-1.16
14.85,0.01
10.66,-3.01
9.83,-2.58
18.69,0.29
22.29,5.41
20.03,4.33
21.6,3.72
23.46,4.11
26.71,9.47
26.08,10.92
25.24,11.08
12.84,-0.28
13.19,-0.41
13.04,-2.2
17.07,-0.59
14.0,1.71
13.55,1.22
6.57,-2.02
10.13,-1.68
18.57,5.97
17.64,8.23
9.87,5.93
8.66,1.45
9.69,1.35
10.69,4.43
14.63,7.91
10.53,7.2
12.59,-0.61
9.73,-2.56
12.02,-2.03
2.63,-2.25
1.36,-5.87
7.06,-5.85
7.09,-3.79
7.59,-2.68
6.96,-4.14
3.38,-3.75
1.24,-1.65
2.88,-0.84
13.7,-1.6
16.32,-1.43
17.95,4.17
16.02,3.52
5.56,1.64
2.1,-6.33
1.55,-6.14
0.99,-1.74
0.25,-5.45
3.54,-5.7
5.49,0.28
6.74,0.31
9.43,0.24
7.71,-0.89
13.28,-1.82
-2.0,-11.23
-7.77,-11.74
3.68,-9.9
11.9,-1.96
2.5,-3.6
5.31,-4.24
10.66,-2.49
0.43,-2.62
9.54,0.27
3.62,1.12
2.48,-2.33
7.79,-2.12
1.97,-0.3
2.95,-0.34
3.67,-0.66
0.58,-2.07
0.36,-6.95
0.22,-6.43
-1.59,-4.65
3.59,-4.05
8.44,-2.11
9.19,-0.3
5.97,-1.54
1.61,-1.55
1.33,-1.66
2.58,-1.99
6.98,-2.94
3.22,-3.08
10.78,-2.11
2.73,-9.77
1.94,-9.75
1.25,-1.46
3.26,-0.76
7.02,-0.84
0.44,-8.51
-0.5,-10.6
1.59,-10.47
3.36,-3.54
4.85,-2.53
-0.68,-6.06
1.08,-6.3
2.99,-5.5
3.94,-4.1
3.23,-6.51
2.07,-11.89
-4.98,-12.86
1.12,-8.64
-1.18,-6.12
-4.34,-7.52
-3.23,-7.51
-1.76,-6.62
-2.37,-10.18
-3.83,-10.78
-6.97,-12.06
-6.53,-17.11
-4.22,-15.95
-1.56,-12.47
-2.27,-14.58
0.79,-11.23
8.02,-8.53
5.27,1.04
13.08,0.51
16.85,-2.49
8.48,-2.54
7.88,-0.54
13.05,6.13
16.61,1.8
8.45,-4.63
7.43,-4.59
17.43,-1.89
11.89,-3.91
8.8,-4.74
9.24,-3.83
11.36,-3.43
18.73,-1.31
19.4,1.29
20.98,8.71
18.5,6.97
15.99,4.61
13.0,-0.56
10.76,0.89
4.92,1.09
14.23,3.11
17.23,5.6
15.33,-0.18
10.67,-2.17
16.15,-2.05
19.27,0.91
19.81,4.64
20.01,8.74
22.79,6.99
17.66,7.85
13.95,4.45
23.4,5.64
11.38,-1.39
15.24,-0.27
23.06,5.31
11.78,-1.79
5.23,-5.52
9.54,-4.37
18.44,0.46
24.3,5.6
25.29,7.65
26.05,9.3
27.4,12.11
21.32,10.44
27.0,10.87
18.59,8.75
11.81,8.26
20.56,7.99
19.67,8.68
17.75,2.97
13.76,0.8
17.02,2.2
14.58,1.79
18.19,2.91
20.34,2.82
16.56,-1.71
8.56,-1.59
12.94,0.37
16.17,3.95
11.97,6.08
17.52,3.49
24.31,6.14
28.17,16.35
26.04,17.11
20.94,9.66
21.75,2.06
23.09,4.95
25.26,13.51
22.28,15.21
20.01,8.58
16.98,3.37
17.37,3.55
17.67,1.81
15.16,4.3
15.93,1.87
16.28,4.53
16.03,3.47
17.22,3.16
19.75,4.31
21.55,5.45
22.53,10.79
21.53,12.87
21.11,13.9
25.39,14.64
27.11,15.54
29.05,15.17
28.82,13.8
29.67,14.92
30.18,15.9
31.2,16.17
31.14,18.24
25.29,17.08
27.47,17.65
21.89,7.71
15.17,4.64
19.84,6.75
23.45,10.13
24.09,14.22
18.94,15.74
22.34,14.27
29.47,14.8
29.3,16.81
28.08,19.17
27.63,20.29
25.11,20.51
25.45,20.68
27.32,20.04
30.62,19.51
33.21,19.89
31.57,15.07
31.16,13.98
27.45,13.52
27.26,13.6
29.64,15.34
32.56,18.64
28.21,18.35
30.58,21.67
27.24,12.4
22.41,11.14
25.25,12.65
27.72,19.22
27.36,22.2
29.76,22.1
31.36,21.03
32.3,21.14
33.77,21.26
28.61,20.26
26.65,14.4
24.41,13.38
26.03,14.55
30.22,18.36
31.41,19.48
31.99,19.58
31.06,20.82
27.6,16.07
23.81,16.22
25.34,17.56
25.75,20.07
28.29,20.76
27.4,18.95
29.08,20.09
31.09,20.4
28.26,20.52
27.15,19.08
27.84,17.35
28.29,17.39
29.06,17.61
27.44,16.95
27.76,16.77
29.17,17.58
30.42,19.29
30.77,20.94
31.73,17.37
31.36,18.31
31.07,19.9
31.18,20.32
27.84,17.44
22.86,13.77
27.13,12.63
25.98,13.33
27.15,13.77
27.92,14.85
29.23,16.36
28.44,18.58
30.35,18.91
30.87,19.39
26.15,21.46
32.48,23.09
32.51,23.89
33.86,21.06
30.37,20.46
28.47,18.67
24.72,18.29
27.82,19.2
29.0,19.48
30.94,20.47
30.27,19.21
31.12,19.31
31.43,19.17
32.88,19.91
33.23,20.28
33.64,21.13
30.65,20.26
33.66,20.21
33.6,20.18
33.1,21.2
32.56,21.04
26.05,19.82
26.64,18.66
26.77,13.55
26.35,13.34
26.02,14.3
25.76,17.51
26.66,12.97
29.05,13.81
29.19,16.76
27.65,12.65
25.45,11.81
26.14,12.45
27.9,15.41
29.84,18.13
30.23,18.5
30.8,19.58
24.98,14.8
28.06,15.42
31.06,17.07
32.05,18.14
30.03,19.0
23.21,18.57
24.43,13.96
15.09,9.9
19.51,6.93
23.34,7.93
21.66,7.44
24.28,8.79
29.14,14.74
29.28,14.85
29.57,14.43
27.67,12.65
26.86,12.77
24.14,15.27
24.28,16.43
23.09,14.66
25.95,15.72
24.71,16.98
24.53,15.86
26.25,14.32
28.79,14.61
28.88,18.02
27.74,17.75
20.09,11.39
25.18,12.07
28.03,18.71
25.03,9.58
17.27,4.66
20.53,4.35
21.98,4.81
22.01,6.04
23.1,7.0
21.06,9.99
12.51,7.14
15.76,7.54
23.09,12.4
16.47,8.22
14.46,1.43
15.43,1.63
12.78,8.57
16.4,10.59
13.47,9.06
17.58,2.6
12.31,2.01
9.73,-2.46
10.02,-2.45
10.88,-2.64
11.9,-2.43
14.67,-1.56
17.77,-0.58
21.29,2.39
17.39,3.87
20.6,6.26
16.82,3.03
10.82,1.61
4.25,0.55
5.1,-2.54
4.89,-2.04
16.49,-0.06
18.92,4.07
8.5,-3.6
6.11,-4.12
11.9,-1.48
8.27,-1.82
4.98,-6.31
5.97,-6.33
13.15,-0.47
9.2,-4.15
1.5,-4.58
9.25,-0.31
8.38,-5.49
7.27,-5.71
13.08,0.03
11.29,2.93
18.31,2.18
17.15,1.59
13.44,0.49
16.99,1.56
6.76,-5.87
-1.79,-5.61
5.62,-5.63
14.62,-1.29
19.04,9.34
17.24,-2.53
9.48,-2.76
12.23,-1.79
14.44,-1.22
18.26,11.66
16.38,-1.19
7.86,-1.19
11.26,-1.83
1.94,-5.13
6.84,-5.23
7.38,-4.82
2.98,-5.28
11.48,-3.54
17.66,8.55
20.49,6.82
15.62,5.71
20.46,5.36
11.45,4.31
9.53,5.52
9.08,5.34
17.43,8.34
14.17,1.94
1.74,-5.47
1.45,-6.67
6.05,-6.08
6.09,-8.96
-6.86,-12.94
-6.51,-13.31
6.21,-10.65
6.37,-8.59
0.53,-10.62
1.75,-10.34
10.07,-1.48
8.21,-1.68
1.94,-3.42
0.18,-6.76
1.6,-6.94
-1.9,-4.44
6.37,-4.73
9.55,-7.2
-3.59,-8.89
-2.88,-13.14
0.53,-12.97
2.66,-7.65
4.82,-7.94
-1.58,-14.89
-4.45,-15.35
1.81,-9.59
-1.15,-16.79
-2.8,-16.53
5.22,-7.52
5.43,-6.96
16.16,-0.02
7.6,-1.74
-1.46,-7.47
-4.36,-12.13
-5.2,-12.87
3.32,-10.46
1.65,-9.98
8.52,-8.38
11.03,-1.35
6.26,-2.67
11.76,-2.16
-1.39,-8.39
-2.29,-9.88
0.49,-9.89
12.46,-7.4
16.81,7.72
12.71,-5.73
1.88,-6.43
0.63,-6.51
15.12,-4.34
17.65,4.0
16.58,-2.39
-1.34,-3.19
2.36,-2.01
-0.24,-4.24
3.57,-5.69
9.87,-5.5
11.8,-3.74
19.44,2.03
21.15,2.07
8.31,-1.13
13.16,-1.13
23.92,6.94
21.86,10.19
14.54,0.45
4.57,0.23
9.87,-1.2
11.61,-1.07
7.36,-8.5
-2.04,-8.78
11.55,-3.66
18.34,2.54
19.97,2.96
21.99,3.16
22.74,5.15
17.59,8.16
9.27,2.36
17.93,1.84
21.76,3.91
18.43,9.39
19.92,6.57
11.6,4.56
7.49,2.52
5.21,-2.55
6.52,-5.75
6.82,-5.02
8.87,0.63
26.44,7.75
8.76,1.09
6.78,-2.89
13.22,-1.72
15.87,1.23
16.55,5.4
14.1,6.03
14.4,5.63
11.95,2.38
9.15,1.16
7.65,-1.85
18.29,-0.38
18.46,10.43
21.95,10.78
20.92,3.84
16.7,3.69
22.2,7.55
17.41,1.39
11.37,1.69
7.37,0.75
11.92,1.49
19.35,6.65
19.17,8.11
26.24,10.41
29.36,15.68
28.45,17.38
19.18,3.4
15.02,2.06
18.93,3.59
18.9,7.41
22.98,11.72
26.13,13.35
22.6,6.46
22.4,9.3
26.0,10.0
15.6,10.2
16.26,12.01
22.04,9.6
18.15,7.85
21.9,9.62
26.26,12.54
29.52,17.14
31.13,13.1
30.48,14.55
29.82,15.0
29.93,13.73
30.51,12.93
25.77,11.25
28.14,13.27
21.97,14.65
27.98,15.66
30.71,19.95
28.91,16.45
20.27,10.66
19.31,10.18
24.24,11.69
28.84,18.01
22.46,14.11
20.4,10.91
22.89,12.33
27.79,14.75
30.85,17.75
31.21,18.88
30.71,18.85
24.46,12.55
27.19,11.84
28.45,12.82
28.57,15.44
27.64,18.21
27.34,15.83
27.94,14.13
25.49,13.84
22.37,14.36
25.85,15.13
29.32,19.63
33.42,23.24
34.47,23.43
33.87,23.58
33.14,24.07
30.71,15.85
26.45,11.54
26.62,12.49
30.63,13.65
33.69,17.87
34.48,16.45
30.37,15.09
31.04,15.74
30.75,17.66
28.82,15.0
26.78,10.52
26.54,10.43
29.64,14.06
33.05,20.11
33.2,20.93
30.53,19.18
30.95,17.83
32.72,21.01
35.97,23.94
34.48,22.59
27.76,21.79
25.51,20.34
26.86,15.89
29.68,16.73
30.6,19.25
30.57,17.11
30.42,17.75
29.61,16.34
28.88,19.91
31.65,21.2
25.02,20.61
28.79,19.51
31.01,20.99
33.42,20.18
31.63,19.89
32.87,20.87
31.03,22.59
31.87,22.01
26.88,19.73
25.08,19.16
28.77,20.94
30.46,20.42
27.3,15.27
27.55,17.17
26.99,19.01
29.6,19.56
27.97,19.09
32.51,20.99
27.86,20.82
28.54,21.4
31.27,20.99
31.91,21.43
32.18,21.7
29.0,21.23
27.87,16.13
29.04,15.28
25.4,13.23
26.99,15.45
25.97,18.41
26.7,15.73
27.79,15.58
27.88,15.05
29.08,15.11
30.01,16.8
29.39,18.45
27.16,17.63
27.12,15.63
28.12,14.26
29.41,14.77
29.6,16.13
29.84,17.48
29.94,18.55
32.75,20.77
31.96,19.95
28.99,14.07
27.68,13.95
29.76,15.36
30.2,17.97
24.02,18.81
27.11,19.59
27.68,19.79
26.36,15.91
26.79,13.45
26.44,13.54
29.01,15.43
29.19,18.31
25.62,13.41
21.94,12.32
21.22,12.6
26.92,13.17
28.23,13.02
28.34,13.93
28.9,14.17
29.39,16.42
28.33,15.86
31.2,16.48
34.5,16.61
21.65,6.55
19.83,7.54
25.21,12.21
23.55,10.64
20.75,5.36
19.46,4.43
16.84,4.88
20.01,5.57
21.76,6.17
23.47,6.91
22.02,6.36
21.52,3.13
22.63,3.43
25.1,5.11
24.29,8.24
16.39,0.63
14.89,-0.07
18.43,1.87
23.55,4.69
24.28,8.41
23.46,6.11
17.9,1.2
19.87,2.08
17.51,3.32
22.41,3.74
9.72,1.0
7.16,-0.35
12.38,-2.01
15.3,-0.48
22.96,5.21
25.32,10.59
25.58,10.05
25.31,10.79
22.4,8.04
12.56,-0.06
14.51,0.66
19.34,2.68
21.12,3.64
16.18,9.01
17.46,12.21
20.22,7.5
18.02,6.6
22.8,6.7
24.35,11.58
21.27,7.86
21.55,5.7
19.16,6.08
17.22,4.82
23.25,5.21
22.71,8.1
17.23,-0.75
0.24,-2.12
4.18,-2.22
6.44,-1.89
5.15,1.37
3.15,-1.92
0.17,-3.08
1.38,-7.79
2.25,-8.49
2.0,-8.34
9.56,-4.98
14.03,-3.75
15.28,-2.9
17.1,-1.47
12.47,-3.2
12.94,-3.11
12.49,5.43
8.08,4.95
15.91,0.31
3.63,-6.1
4.23,-6.84
13.71,1.74
11.11,-6.21
5.76,-6.79
7.8,-3.62
10.52,6.04
9.83,4.9
7.24,4.54
8.99,4.99
8.04,4.53
8.04,2.56
7.47,-0.39
8.1,-0.39
12.49,4.74
7.02,1.27
4.27,-0.76
1.42,-4.35
1.58,-7.57
0.79,-7.55
7.71,-5.51
6.52,-5.41
6.64,-21.99
-16.15,-22.11
-8.63,-16.82
-6.6,-14.4
-3.32,-9.1
-0.24,-5.14
10.22,-3.62
14.51,8.64
15.39,8.14
