20170101
7.68,-1.02
12.67,6.11
13.0,-3.41
-1.55,-6.83
-5.67,-13.95
-9.51,-15.66
-8.56,-16.41
-5.32,-15.04
4.53,-6.29
12.84,-1.41
17.77,0.73
18.46,-0.91
1.72,-0.94
2.86,0.38
3.75,0.42
14.84,3.46
15.21,2.91
4.88,1.79
10.62,2.62
15.2,7.63
18.13,6.13
15.99,6.86
9.18,3.7
7.22,1.9
14.91,1.7
2.46,-0.9
1.84,-3.75
1.42,-3.63
-0.12,-6.61
7.03,-7.73
8.02,3.06
6.33,-2.15
2.03,-5.49
-0.86,-11.25
4.51,-11.18
10.93,-2.22
15.93,-0.89
15.92,2.5
5.7,-4.45
-2.51,-9.2
12.2,-4.72
18.31,8.84
16.03,-2.73
9.41,-2.74
11.45,1.6
7.03,-2.09
9.1,-0.33
19.7,4.1
17.16,6.27
15.81,1.53
19.9,3.42
18.62,9.09
20.32,12.16
20.43,13.41
24.79,2.45
1.96,-6.27
8.45,-5.3
10.73,4.93
18.02,8.31
15.49,0.74
7.18,-1.85
3.84,-2.94
10.11,-1.39
19.25,0.04
17.14,9.27
13.47,5.07
15.94,1.71
21.22,0.9
6.32,-3.92
2.58,-6.12
3.81,-5.1
3.33,-4.48
0.25,-6.98
1.54,-8.07
6.37,-6.27
9.04,0.77
6.19,-1.65
10.37,0.24
17.1,4.6
16.83,-0.7
6.49,-1.86
15.41,-1.01
24.09,13.23
25.08,13.35
18.74,6.57
20.39,7.86
15.55,8.69
16.69,8.08
24.66,11.17
13.06,4.74
9.63,2.39
18.72,4.81
20.7,12.57
19.88,8.52
24.45,5.61
8.42,1.5
13.2,-0.5
18.26,4.06
25.24,10.16
26.12,14.95
19.27,5.69
20.81,7.59
25.97,9.08
28.07,12.88
27.6,16.84
26.48,13.47
21.43,10.71
25.01,14.11
27.35,16.71
27.28,10.49
15.98,7.63
12.64,5.62
18.38,6.92
23.62,10.06
24.11,12.56
28.41,15.57
18.24,7.36
21.78,9.99
26.96,16.12
26.38,13.16
17.67,7.96
19.1,4.36
13.5,7.93
14.92,7.55
9.51,4.34
16.39,3.6
17.43,0.37
18.48,6.16
19.79,11.33
28.84,13.9
21.04,11.89
18.58,6.71
23.35,10.61
27.7,12.82
28.21,13.98
29.24,17.83
28.43,20.96
28.33,17.99
28.18,16.13
27.87,16.25
25.0,8.68
21.76,9.38
23.75,13.77
18.32,13.21
17.69,10.24
26.21,15.32
28.3,16.8
23.33,15.18
27.61,13.25
26.65,12.23
26.99,10.31
26.72,9.89
28.69,12.1
30.82,13.9
30.63,19.16
29.52,15.27
24.89,11.37
19.75,10.12
24.09,10.29
27.95,14.24
29.32,16.09
30.86,18.37
32.47,21.28
29.72,19.0
29.97,19.0
27.82,18.31
30.66,18.34
30.96,21.14
28.3,16.66
27.11,14.75
28.92,17.56
31.71,20.78
27.68,20.84
25.17,16.56
25.52,11.24
25.73,10.92
23.68,10.12
23.64,10.69
27.17,16.74
30.83,20.97
29.15,19.99
28.82,16.52
29.88,16.3
31.0,19.38
29.5,18.95
28.97,20.79
25.84,18.12
30.73,16.57
27.58,13.59
28.73,17.99
29.63,22.06
26.82,19.65
32.05,22.17
30.86,21.61
29.34,14.95
28.14,15.79
29.71,17.41
30.88,19.74
31.61,17.57
31.13,19.73
32.44,22.26
33.5,22.94
32.98,21.01
29.38,19.37
29.5,16.44
27.58,15.85
30.22,18.71
29.13,22.58
28.06,15.6
25.92,12.53
28.13,15.3
29.83,17.94
28.69,17.32
29.17,16.55
29.66,19.42
24.2,10.52
25.06,14.14
22.18,16.85
24.56,14.15
26.65,10.71
27.45,13.85
28.73,15.44
27.31,17.42
27.01,13.34
27.99,15.91
27.38,17.37
30.41,18.17
31.72,21.22
30.66,20.91
28.98,17.92
31.0,18.15
31.76,18.99
31.61,21.25
28.71,14.86
26.32,10.62
25.91,11.49
25.28,10.86
25.72,11.72
27.78,14.25
26.04,16.41
26.34,13.94
27.63,15.58
27.41,14.58
15.67,11.95
19.93,11.97
27.1,12.9
30.04,15.26
22.85,8.49
19.53,7.55
20.6,7.63
24.48,9.29
23.09,7.98
22.89,7.99
22.26,8.61
20.81,14.08
17.9,15.58
22.39,12.23
27.05,12.57
28.56,14.61
29.5,16.44
27.8,18.78
26.29,17.37
29.84,17.95
31.91,18.7
31.99,17.25
31.84,16.25
32.2,14.68
31.38,14.88
31.62,16.7
29.68,11.74
23.01,7.64
24.86,7.24
22.56,5.66
23.3,6.97
26.08,10.81
28.2,13.58
26.47,16.74
23.53,16.42
26.71,17.35
27.87,13.88
20.17,14.74
22.52,15.48
22.44,16.55
19.35,13.98
17.96,11.71
22.96,11.14
27.95,13.7
23.23,7.25
16.88,3.07
19.79,3.47
20.87,4.65
23.43,6.88
24.87,7.2
24.06,9.91
25.09,13.49
17.19,7.79
11.29,5.38
10.75,0.05
16.92,0.22
14.75,2.01
4.23,1.31
3.6,-1.06
8.55,-0.29
7.58,-0.19
15.48,2.57
19.93,13.51
15.98,7.11
18.94,9.08
23.69,9.64
12.49,6.63
8.97,4.55
11.49,-0.48
13.28,-1.67
2.87,-3.86
6.57,-3.36
9.14,2.25
7.11,1.71
11.28,1.28
9.95,0.83
4.1,-0.64
15.28,0.98
18.0,2.66
3.57,-3.57
9.51,-3.35
13.38,-2.37
4.99,-4.28
8.17,-2.64
13.85,-1.48
15.17,-1.94
12.14,-2.44
17.2,0.23
17.44,4.36
14.66,2.81
12.25,-2.42
12.05,-2.48
13.12,-1.71
14.94,-1.29
18.13,4.02
9.4,-2.35
7.06,-2.32
-0.21,-8.02
0.08,-8.72
-0.41,-6.51
3.04,-6.62
8.66,-4.53
-0.18,-7.89
7.52,-5.93
-0.08,-6.66
1.1,-4.99
10.44,-0.53
7.04,2.75
7.86,4.68
9.9,1.92
9.53,-1.58
12.79,-1.51
12.23,2.99
3.48,-0.83
1.32,-6.1
-2.09,-7.65
-5.01,-16.24
-8.96,-16.53
-5.23,-12.4
-3.5,-6.86
-5.93,-14.78
-9.41,-19.11
-12.43,-22.13
-8.16,-22.11
-3.99,-17.23
-7.44,-18.49
-8.52,-20.31
-6.89,-20.36
2.98,-10.33
3.12,-0.17
5.17,-0.53
14.73,4.02
14.73,-1.41
-0.33,-10.36
-5.34,-16.14
-5.77,-16.22
-2.2,-16.24
-11.93,-17.81
-6.08,-14.19
0.36,-12.38
4.37,-7.23
9.14,0.32
12.52,6.03
13.35,2.39
3.71,-0.99
-0.04,-6.08
8.03,-5.51
14.22,-0.02
10.04,-2.54
11.47,-3.03
1.5,-5.12
0.82,-5.74
11.72,-0.71
6.66,-11.1
-4.17,-11.86
4.43,-6.45
3.57,-9.85
-2.06,-9.98
0.35,-3.53
-0.72,-8.57
0.08,-8.16
10.61,-1.5
5.85,-0.54
1.73,-6.14
4.48,-6.53
7.21,-4.61
15.1,5.84
20.07,8.86
7.58,-1.88
2.59,-1.42
12.56,-1.56
23.15,12.74
25.45,12.09
12.16,3.56
11.14,3.91
16.39,8.07
15.19,7.14
8.97,-0.96
13.16,-0.87
16.39,0.68
13.22,10.02
14.21,-0.01
9.32,-3.11
10.35,-2.38
11.04,-0.9
9.14,-0.19
13.84,-0.59
3.71,-2.07
-0.15,-4.72
6.63,-3.82
10.47,-0.99
7.09,-1.95
5.34,-4.18
4.8,-5.51
5.2,-4.68
14.48,-3.13
8.52,-2.11
7.28,-1.75
14.74,-0.4
16.85,-0.04
2.6,-2.09
4.29,-4.73
8.02,-4.07
10.54,-1.69
1.93,-2.34
8.3,-1.52
14.92,3.62
13.4,10.47
14.43,10.83
14.82,5.54
9.2,-0.22
15.79,1.81
9.48,-0.23
9.82,0.23
23.5,1.24
3.1,-3.63
10.73,-1.38
14.93,-2.35
6.04,-4.69
6.37,-1.61
6.12,-1.27
7.13,-1.98
18.01,0.82
26.43,13.94
26.48,16.39
20.19,11.71
11.83,0.85
2.16,-0.43
10.98,0.87
22.73,2.09
12.43,-0.63
16.38,1.81
18.39,6.36
19.48,9.15
14.73,9.8
13.4,10.81
19.2,4.74
20.18,4.2
21.43,6.82
13.96,0.12
16.9,0.96
22.74,4.89
27.2,14.07
28.46,18.86
25.87,17.91
26.24,14.24
18.64,11.65
26.62,10.39
22.81,7.49
25.63,9.57
28.31,15.92
28.39,14.17
30.01,17.97
29.24,16.97
30.68,17.58
32.07,20.41
31.26,18.94
25.59,16.27
27.75,17.6
23.69,18.28
25.46,16.73
30.43,17.97
29.57,18.5
29.26,14.73
27.16,13.34
28.1,12.88
30.31,18.22
29.49,18.33
31.83,18.87
32.22,20.08
30.59,21.47
27.05,20.39
28.45,19.39
28.73,17.68
30.4,19.53
26.87,12.09
24.69,11.13
28.15,13.83
25.94,14.34
30.43,18.05
31.48,17.51
32.25,17.36
26.19,17.98
25.63,18.55
27.52,19.7
28.7,14.07
28.82,14.96
31.01,17.99
33.6,20.31
34.03,21.31
33.17,22.09
32.6,20.99
30.7,21.76
26.46,18.75
24.57,18.24
25.07,17.75
28.07,20.15
23.47,19.78
25.83,19.47
28.5,18.27
30.67,19.49
31.99,19.53
32.71,22.08
32.33,22.06
31.99,21.51
30.5,21.72
34.37,22.43
33.86,21.36
28.06,13.58
27.48,14.97
31.16,17.62
32.38,19.24
32.53,20.66
29.61,15.03
29.36,15.15
31.7,17.13
32.98,20.18
28.46,20.95
29.54,20.09
30.27,14.39
29.67,14.97
30.06,18.25
27.52,17.96
24.65,19.15
26.72,16.68
25.72,16.3
27.92,16.38
29.93,16.75
29.46,16.57
26.66,13.73
26.98,14.53
27.49,18.07
25.24,18.94
25.03,17.56
26.53,16.36
28.86,16.64
30.17,19.34
31.57,19.18
32.33,19.94
31.81,19.94
29.79,20.65
29.47,17.93
29.33,18.23
30.14,19.76
29.93,16.71
29.63,16.71
29.38,16.08
30.33,18.27
25.65,19.43
26.8,20.71
27.5,19.88
28.9,17.99
29.71,19.15
28.2,20.0
26.92,17.05
24.78,11.01
26.02,12.35
24.7,14.02
27.83,20.42
31.9,21.71
31.88,21.64
32.15,21.19
30.81,19.38
28.55,17.16
30.54,18.86
29.37,19.27
31.79,20.82
32.83,20.93
33.17,20.3
32.32,20.96
30.51,20.26
28.08,18.96
19.53,14.69
16.22,13.63
19.02,13.37
21.85,14.24
23.87,15.11
29.97,16.67
31.19,17.68
31.34,19.6
28.97,20.51
29.37,18.25
32.46,18.36
32.71,19.23
33.1,20.72
31.01,15.31
16.93,13.85
23.55,14.08
21.29,17.31
25.25,20.03
21.74,11.5
15.73,7.07
22.58,8.99
22.56,10.1
26.87,11.78
29.01,14.86
29.58,19.39
30.18,19.94
26.95,17.97
30.83,18.44
31.01,17.82
31.18,18.61
30.84,19.63
30.47,18.92
24.88,12.23
16.38,1.8
12.41,2.98
12.26,4.0
13.26,7.37
12.64,1.29
11.93,1.44
16.53,-0.61
14.54,-0.38
14.48,0.92
16.64,-2.05
11.74,-1.38
18.77,1.69
17.32,0.7
14.28,1.38
13.33,3.62
9.4,6.27
11.31,3.88
18.01,3.11
16.27,2.45
20.36,4.92
18.55,8.95
10.73,5.04
7.88,0.11
13.72,0.35
16.22,6.86
15.94,10.18
15.52,3.21
12.34,-1.13
5.9,-0.47
6.48,-6.09
2.61,-7.01
6.84,-5.89
7.0,-0.07
2.26,-5.74
0.54,-5.88
1.06,-1.48
3.67,-0.95
7.33,1.26
11.08,1.01
5.38,2.15
3.31,-2.6
7.99,-3.05
9.64,-2.61
11.09,-1.1
12.65,0.46
14.87,0.35
2.12,-4.96
-4.02,-7.17
0.16,-7.89
5.69,-0.9
10.2,5.23
14.46,7.57
17.44,4.07
4.53,0.24
1.21,-2.12
-0.38,-3.74
5.15,-6.54
3.21,-7.32
-2.41,-5.98
4.38,-7.89
1.75,-9.67
7.3,-7.92
10.44,0.92
9.58,3.64
10.71,5.66
8.37,3.36
8.86,-0.39
9.13,-3.57
7.65,-3.97
11.98,-1.8
8.48,5.05
6.39,-0.46
4.5,-1.66
2.76,-2.92
6.81,-3.24
8.23,-4.44
8.97,-3.9
13.68,4.29
14.18,-0.1
2.13,-2.71
6.52,-2.94
16.87,4.79
5.58,2.96
4.96,0.42
4.43,-1.48
10.15,0.05
11.91,-0.61
11.8,-0.61
14.27,6.89
16.14,-1.72
-1.12,-6.36
-1.77,-6.97
0.82,-6.5
1.02,-1.93
0.2,-3.19
-0.27,-8.52
0.87,-5.18
2.06,0.06
4.61,0.88
2.2,0.58
3.39,-10.81
-7.68,-18.03
-6.94,-18.12
7.1,-8.56
10.41,-4.1
-0.44,-12.14
-3.13,-12.3
2.09,-3.68
-0.65,-6.45
8.77,-9.72
-6.07,-17.18
-15.45,-21.57
-7.44,-20.15
0.81,-7.83
9.8,-2.88
18.13,2.51
13.65,4.28
12.38,3.95
14.64,10.05
17.33,-6.67
-2.64,-10.14
-0.48,-9.97
2.32,-3.9
9.7,1.67
11.74,-3.69
3.2,-3.85
13.21,1.44
2.27,-4.26
2.64,-4.61
0.35,-2.09
0.27,-6.08
2.13,-6.0
8.48,-1.27
7.76,-1.51
6.03,0.81
14.78,4.24
7.47,-5.06
4.54,-5.55
10.56,-2.9
14.82,-1.35
1.66,-0.89
3.9,-0.81
5.09,-0.14
0.17,-10.7
-6.34,-13.39
-4.01,-12.55
-0.95,-10.46
2.08,-4.08
3.07,-0.61
15.18,1.22
9.4,-0.01
10.57,-2.85
10.4,-2.48
20.91,6.28
21.4,6.53
7.04,-0.73
8.63,-3.25
11.13,-3.69
8.93,-3.61
10.47,-2.09
13.3,1.36
7.69,1.54
10.39,-3.25
13.79,-2.1
15.49,5.56
8.96,-2.05
9.18,-2.52
15.32,-0.79
21.87,5.11
16.36,11.11
15.52,-1.55
3.18,-4.76
8.1,-2.7
14.62,-0.13
16.41,3.78
21.34,8.9
15.16,9.45
20.36,10.27
20.54,12.88
22.63,10.15
21.05,5.17
21.21,7.98
26.76,10.49
19.21,4.93
19.44,6.7
23.27,2.01
11.84,2.19
24.54,7.43
24.04,13.59
23.11,6.4
8.35,2.47
6.25,2.45
20.2,4.42
24.55,10.39
24.76,9.84
21.16,10.3
20.34,9.66
17.75,4.67
16.66,6.17
12.38,5.66
24.98,7.89
26.21,12.96
26.67,13.8
23.17,15.63
22.06,14.78
16.57,10.64
21.35,7.57
24.51,9.64
25.74,12.09
28.01,14.29
23.44,12.22
15.03,6.8
18.72,7.42
11.2,8.24
13.11,4.72
20.15,6.95
20.99,8.39
25.08,13.14
29.32,15.44
29.93,19.65
23.65,14.19
21.92,8.78
20.83,9.93
24.91,18.17
28.72,18.21
30.9,17.98
30.03,20.06
29.48,16.26
28.43,19.39
29.94,22.0
25.98,17.34
24.07,16.75
25.58,13.69
27.07,16.5
26.08,7.93
23.68,11.19
26.65,16.35
29.53,17.26
28.13,18.81
25.13,18.84
23.5,19.05
25.75,19.38
23.25,8.9
23.72,10.51
24.22,13.74
19.47,7.25
23.69,12.81
24.76,17.42
26.15,18.26
26.99,18.67
26.31,18.3
27.99,19.31
22.75,15.31
25.54,16.53
24.0,16.29
28.49,18.4
24.61,16.82
28.2,17.33
31.08,19.08
30.66,18.31
31.64,19.5
32.06,21.08
32.23,18.45
31.45,20.08
32.58,20.25
29.76,20.17
31.03,20.51
32.28,21.21
30.2,20.54
31.29,19.98
29.65,17.86
31.48,19.45
32.59,21.36
30.93,17.42
29.34,13.88
31.53,17.06
31.93,20.48
31.22,22.0
30.42,22.04
30.4,20.85
32.61,23.04
32.63,22.04
33.15,22.29
32.38,21.46
25.91,14.72
25.9,13.13
26.05,12.81
27.27,14.16
28.86,15.57
30.38,17.51
30.9,18.68
30.59,19.37
29.58,17.97
28.47,15.98
30.21,17.79
29.56,15.83
30.08,14.54
30.73,15.72
31.56,16.95
30.24,18.35
29.47,16.67
30.85,18.05
30.0,14.51
28.58,13.69
30.09,17.79
28.43,20.67
30.05,18.59
31.01,15.69
28.86,15.17
30.26,17.45
30.45,19.83
33.07,19.55
33.36,20.43
31.82,18.49
30.22,19.57
26.49,18.32
23.44,12.21
25.37,13.29
27.56,15.62
21.41,19.84
26.0,14.31
25.76,11.31
27.79,14.51
29.49,19.23
24.85,17.39
29.77,17.95
27.93,15.18
29.84,18.0
28.74,13.38
25.28,11.95
28.08,14.25
23.84,11.52
25.3,14.35
30.22,16.27
34.37,18.78
32.72,18.48
32.96,19.44
33.09,15.57
27.4,12.79
30.96,15.99
32.2,17.11
29.1,14.48
30.57,15.27
30.62,16.12
30.09,17.49
31.0,15.47
31.04,18.34
27.9,8.69
25.85,10.05
29.58,12.92
25.85,9.27
32.17,13.6
32.67,18.66
33.26,17.74
33.81,17.29
33.36,17.59
33.44,17.1
31.92,11.13
21.86,8.24
26.58,9.5
22.88,12.31
19.36,4.75
22.39,5.71
23.39,8.46
26.7,12.3
22.31,1.15
13.42,-0.16
20.06,1.35
20.05,2.46
23.34,5.2
10.13,1.13
15.13,0.47
17.54,1.67
22.09,4.52
24.02,9.95
21.69,10.64
16.18,2.18
18.64,3.0
20.01,7.35
14.95,9.27
18.04,10.48
18.2,3.32
20.21,4.67
16.1,9.41
13.26,10.44
10.56,-2.55
8.4,-2.96
10.8,-2.66
11.86,-1.85
15.71,2.79
10.79,-1.98
12.43,-0.99
6.11,-6.64
2.49,-6.88
8.29,-2.62
17.69,3.77
13.13,-8.78
-5.23,-13.16
-0.36,-11.44
5.45,-5.91
6.4,-5.93
7.97,-4.4
9.13,-3.58
5.37,-0.67
7.83,-1.23
8.71,3.18
12.28,4.42
7.11,-1.55
3.61,0.05
9.58,0.14
14.32,2.0
14.57,4.88
13.15,1.26
3.29,1.31
6.28,2.3
13.8,2.95
9.45,0.66
2.62,-0.65
3.47,-0.7
10.06,-2.92
10.89,-3.48
9.23,-4.92
7.18,-4.53
13.16,-1.88
13.42,-1.54
-1.87,-8.27
2.75,-7.53
6.39,-5.36
8.15,1.65
6.2,-1.05
1.81,-1.38
0.85,-0.94
2.0,-5.79
-1.09,-10.18
3.83,-8.51
7.93,-5.71
11.66,-3.86
12.67,-3.31
15.23,-2.3
15.51,-2.12
18.66,-1.18
17.32,8.54
14.8,7.2
15.6,7.35
16.16,5.38
5.12,1.17
2.62,0.13
8.95,-0.32
10.42,5.58
10.87,3.86
3.5,-2.29
8.67,-2.44
8.51,-2.56
8.76,-1.99
4.5,-2.67
13.97,-2.29
17.15,9.55
18.44,2.25
5.44,1.58
7.99,1.82
9.77,0.06
13.05,0.93
4.51,-5.27
1.95,-5.14
10.67,-8.23
-7.64,-10.32
-3.01,-8.7
0.1,-9.34
3.84,-8.54
8.65,-0.12
7.66,1.15
1.61,-0.62
6.95,-3.23
3.33,-2.98
1.52,-0.23
2.03,-0.31
3.64,-0.31
3.44,-0.31
5.46,-0.1
17.44,1.04
19.62,4.71
13.81,-0.26
2.61,-0.16
0.75,-3.13
0.99,-3.17
1.97,-5.14
9.98,-3.86
7.76,0.22
5.14,-1.94
2.41,-1.15
2.84,-12.1
-4.34,-13.02
7.0,-9.75
10.22,-1.87
11.77,-0.17
10.47,-4.05
6.3,-3.97
0.9,-10.3
3.21,-10.02
9.53,-6.92
13.48,0.85
6.67,4.28
7.76,1.61
3.21,-4.13
1.69,-4.29
2.68,-7.56
3.37,-7.0
16.53,-2.96
12.21,8.64
14.53,-0.31
16.11,-1.04
15.34,-0.31
2.29,-4.97
10.39,-4.72
18.02,0.03
17.75,8.81
13.43,5.78
10.78,3.51
16.69,4.65
11.07,1.47
5.79,0.88
7.0,0.9
8.69,3.28
11.76,2.98
15.69,4.67
19.91,11.94
21.79,0.2
3.21,-1.82
5.94,-1.35
11.49,2.37
11.75,3.18
17.07,3.77
20.47,7.12
24.17,12.54
26.22,16.17
18.33,7.82
16.28,4.74
8.12,4.3
11.38,-0.02
16.24,2.68
20.64,6.31
21.91,7.85
14.87,7.78
21.1,9.22
25.87,14.06
27.14,7.58
12.87,0.27
10.89,1.03
16.86,5.47
16.78,10.22
9.38,0.83
8.56,-3.27
10.84,-4.21
10.05,0.01
10.97,1.18
12.47,1.76
14.12,3.18
18.42,5.65
14.22,-0.32
21.31,4.5
12.66,10.05
19.22,7.34
19.33,6.93
15.06,1.74
19.03,6.44
24.05,13.94
18.08,7.17
9.62,5.94
19.85,6.91
27.59,13.13
22.32,5.89
21.19,7.48
8.75,4.33
15.15,2.13
19.37,7.59
11.95,-2.52
12.96,1.09
17.78,2.82
10.11,1.18
15.66,5.24
13.94,8.43
27.46,14.09
23.06,15.91
26.4,17.44
25.87,16.06
19.33,14.26
17.84,11.48
14.42,11.16
18.14,12.67
24.78,14.13
27.69,16.93
29.98,17.16
30.57,17.24
29.49,18.89
25.53,18.49
27.14,17.3
23.9,13.0
22.75,10.27
21.96,6.97
24.97,12.34
30.76,18.32
31.15,20.77
29.01,17.48
30.31,18.02
32.63,15.88
28.8,15.78
30.23,19.15
28.81,23.26
31.34,14.6
26.92,12.21
29.02,11.98
25.99,12.92
23.5,11.15
24.94,12.93
26.81,13.44
27.94,13.89
28.16,15.98
31.13,16.91
32.1,17.56
29.57,19.22
29.43,19.82
25.92,15.35
26.82,13.52
28.6,16.64
30.36,21.44
25.75,19.71
26.95,21.18
30.35,20.06
29.07,19.94
31.59,19.32
31.7,17.8
32.15,18.99
33.44,19.45
33.36,19.87
32.28,19.77
32.69,20.43
32.8,20.17
32.92,20.89
29.29,17.8
30.71,16.9
27.84,15.73
28.11,15.16
30.42,16.3
31.52,20.87
27.69,17.14
30.54,19.69
32.4,22.13
33.07,20.87
31.72,21.08
32.14,20.1
28.89,20.75
29.13,18.45
30.12,17.04
30.8,18.7
32.8,21.42
31.62,20.59
29.85,17.15
31.09,20.13
23.11,19.72
25.67,19.9
27.83,17.18
26.54,17.17
27.18,16.55
24.81,11.86
23.96,13.6
25.63,14.2
26.46,12.82
28.31,15.46
30.79,17.72
28.6,19.19
28.52,19.28
28.39,20.06
29.89,20.4
26.37,18.7
29.83,18.11
27.83,15.48
29.16,17.04
23.71,13.46
25.16,12.17
26.46,14.79
27.51,16.83
26.74,17.44
28.62,18.05
30.35,19.25
31.66,19.39
30.8,21.07
28.09,22.39
28.0,20.39
28.92,13.46
26.0,16.28
26.22,17.52
27.48,20.26
27.74,20.76
28.77,15.93
25.89,9.78
26.79,12.0
27.07,15.54
29.26,16.61
30.2,15.97
30.63,16.55
30.35,18.4
22.76,16.9
28.74,17.49
27.26,14.04
25.9,10.91
22.44,8.41
25.86,9.04
26.82,10.94
19.84,6.0
20.23,4.42
22.64,5.84
23.17,6.22
23.78,8.07
22.5,9.9
24.27,10.25
25.93,11.76
24.59,13.54
26.11,13.47
19.34,5.92
17.57,6.5
23.62,4.95
19.44,2.21
16.42,4.03
18.43,7.0
17.23,-0.01
17.3,1.47
22.36,5.04
28.55,6.48
25.49,7.28
27.2,9.18
22.92,16.38
24.82,16.64
24.13,4.56
20.71,4.69
25.15,6.51
16.69,-0.14
14.01,-1.26
16.84,0.63
15.6,9.26
12.86,8.01
16.56,8.92
21.03,11.96
27.07,12.86
25.03,6.68
12.14,5.7
10.81,5.96
9.42,7.1
10.99,7.14
12.14,8.78
11.04,4.64
9.55,-1.03
14.52,0.65
10.94,-3.25
9.87,-2.48
18.27,0.86
21.86,5.55
19.39,3.57
21.41,3.33
23.44,3.78
26.68,9.15
26.31,10.8
25.6,11.95
12.69,0.01
12.94,0.08
13.75,-2.16
16.9,0.21
13.7,1.61
13.12,1.13
6.3,-2.36
9.86,-2.01
18.46,6.09
17.66,9.21
9.94,6.81
10.58,1.31
9.29,2.19
10.52,4.01
14.63,7.56
10.49,7.32
12.82,-0.33
9.79,-2.52
11.85,-2.63
2.77,-1.89
0.61,-6.46
6.59,-5.79
6.91,-3.72
6.88,-2.37
6.95,-3.97
3.48,-3.74
0.76,-1.82
2.18,-1.1
13.24,-1.73
16.23,-1.69
17.62,4.85
16.57,3.82
5.71,2.4
2.22,-6.55
1.93,-5.69
1.08,-1.53
0.12,-5.32
3.66,-5.46
5.15,0.0
6.88,0.38
9.03,0.34
7.58,-0.45
13.27,-0.93
-1.48,-10.84
-7.51,-11.78
3.41,-9.89
11.57,-1.68
2.42,-2.77
5.53,-3.62
11.37,-2.12
0.17,-2.55
10.17,0.34
3.44,1.16
2.4,-1.94
7.7,-1.55
1.57,-0.27
2.66,-0.89
3.66,-0.7
0.18,-2.04
0.2,-7.74
0.24,-7.8
-1.4,-4.66
2.66,-4.17
7.95,-2.2
8.91,-0.23
6.16,-1.45
1.33,-1.23
1.26,-1.49
1.79,-1.93
6.94,-2.47
2.96,-2.47
10.57,-1.98
2.96,-10.08
1.93,-9.85
1.11,-1.57
3.36,-0.37
7.08,-0.69
0.51,-8.7
-0.79,-11.45
1.5,-11.14
3.23,-3.77
5.7,-2.66
-1.22,-6.36
0.88,-6.87
2.42,-5.53
3.79,-3.68
3.05,-5.98
2.33,-11.08
-4.96,-11.91
2.04,-8.76
-0.66,-6.18
-4.52,-7.53
-3.1,-7.52
-1.0,-6.5
-2.11,-8.69
-3.02,-9.11
-6.5,-11.55
-6.31,-16.94
-3.98,-15.55
-0.97,-10.47
-1.6,-14.92
0.83,-11.48
8.06,-8.37
4.23,1.14
12.76,0.0
17.07,-2.29
8.54,-1.77
8.18,-0.33
13.6,6.48
16.51,2.3
7.9,-4.68
7.42,-4.53
17.08,-2.64
11.42,-4.1
8.6,-4.18
9.03,-3.97
11.06,-3.46
18.55,-1.29
19.38,0.6
20.96,8.71
18.14,7.48
15.92,4.71
12.42,-0.45
10.97,1.11
5.02,1.0
14.38,2.81
17.12,5.74
15.96,-0.12
10.83,-1.71
16.27,-1.52
19.46,2.17
19.99,4.48
19.94,9.55
22.68,6.78
17.77,8.29
13.7,3.95
23.32,6.88
10.92,-1.83
15.21,0.3
23.1,5.91
10.99,-1.66
4.07,-5.35
9.13,-3.46
17.56,1.08
23.25,5.44
24.55,7.5
25.31,9.34
27.1,13.43
20.81,10.9
26.64,12.02
17.96,9.02
11.24,7.98
20.22,7.81
19.02,9.35
16.81,3.09
13.07,0.02
16.53,2.73
13.31,1.0
17.48,3.16
19.61,2.69
18.22,-0.82
7.62,-1.2
12.51,-0.6
16.09,3.74
11.69,6.68
17.4,3.26
23.91,7.85
27.47,17.14
26.55,17.38
20.25,9.66
21.69,1.48
22.21,4.33
24.79,13.41
22.78,15.39
21.93,9.14
16.53,3.03
17.58,4.46
17.22,1.94
15.55,4.7
17.62,1.95
16.55,4.63
16.28,4.08
17.03,2.75
19.13,3.71
21.12,4.71
22.17,10.5
20.98,12.62
21.23,13.62
25.74,14.44
26.98,15.07
28.68,14.72
28.49,13.2
29.42,14.53
29.7,15.9
30.76,15.95
30.68,18.06
25.58,17.09
27.23,17.78
21.99,7.92
13.91,4.4
18.78,6.81
23.28,10.79
23.52,14.58
18.37,16.19
22.61,13.56
29.49,14.4
29.18,16.68
27.71,19.38
27.49,20.26
25.4,20.63
25.22,20.71
27.01,20.36
30.51,19.23
32.95,19.7
31.19,14.6
31.09,13.22
27.08,12.78
26.88,12.7
29.4,15.67
32.11,18.56
28.02,17.79
30.57,22.35
27.75,12.29
21.75,9.87
24.89,12.54
28.0,18.74
27.46,21.77
29.75,21.38
31.47,20.55
32.57,20.86
34.11,21.2
29.0,20.66
25.14,15.73
24.3,13.29
25.74,15.0
29.83,18.94
31.22,20.02
31.59,19.39
30.52,20.68
27.35,16.54
24.3,16.14
26.31,17.51
26.31,20.07
27.6,21.02
27.02,18.5
28.76,19.95
30.65,20.78
28.21,20.2
26.93,19.33
27.02,17.02
27.92,17.13
28.56,17.09
27.11,16.3
27.4,15.84
28.73,16.93
30.17,18.57
30.75,21.08
31.53,17.03
30.71,17.46
30.62,19.67
30.75,20.15
27.85,17.5
22.78,14.02
26.88,12.0
25.78,13.4
26.97,13.27
27.28,14.82
29.03,16.04
28.31,17.86
29.76,18.12
30.73,19.79
25.79,21.56
31.83,22.31
32.18,23.23
33.24,20.98
30.6,20.64
28.02,18.67
24.48,18.06
27.12,19.42
29.07,18.95
30.39,20.25
29.52,18.65
30.64,18.76
30.89,18.56
32.01,19.1
32.64,20.01
33.02,20.98
30.6,19.71
32.99,20.39
32.76,20.03
32.41,21.08
31.97,20.97
25.25,19.99
25.24,18.35
26.39,12.71
26.06,12.98
25.95,14.71
26.4,17.86
26.09,12.2
28.21,13.69
28.5,16.85
27.03,11.44
24.87,10.88
26.07,11.96
27.29,15.16
29.03,17.72
29.69,18.25
30.2,19.17
24.8,14.63
27.92,15.89
30.75,17.01
31.64,17.62
29.69,18.97
22.47,18.28
23.74,13.69
15.2,9.38
18.84,6.22
23.04,8.4
21.19,6.76
24.06,8.73
28.57,14.6
28.81,14.59
29.03,13.96
26.54,12.12
25.91,12.04
24.65,13.9
22.59,16.45
22.64,14.74
25.36,15.44
24.19,16.81
24.35,15.9
25.3,14.7
27.3,14.7
28.09,17.46
26.97,17.85
21.55,11.7
24.6,12.2
27.22,18.52
23.39,10.04
16.34,4.61
19.48,4.24
21.03,4.8
21.33,5.93
22.32,6.79
21.43,9.44
12.28,7.12
15.55,7.5
23.01,12.35
16.59,8.47
14.34,1.47
14.91,1.51
12.31,8.34
15.32,10.52
12.88,9.19
16.97,2.05
12.57,2.16
9.64,-3.2
9.87,-2.98
10.71,-2.95
12.01,-2.74
14.52,-1.85
17.63,-0.84
20.88,1.83
17.6,2.71
20.81,5.96
17.31,3.06
10.49,1.12
4.18,0.5
4.93,-2.88
5.07,-2.35
16.27,-0.52
19.11,4.12
8.3,-4.0
5.75,-4.39
11.86,-1.12
7.55,-1.6
4.52,-7.02
5.74,-7.23
12.67,-1.17
8.55,-3.75
1.69,-4.07
9.25,-0.14
7.87,-6.2
6.95,-6.68
12.66,-1.32
11.24,3.2
18.42,1.17
17.08,1.96
12.89,0.25
16.69,2.03
6.18,-6.09
-1.71,-5.57
5.21,-5.12
14.35,-1.39
18.72,9.49
16.98,-2.58
9.01,-3.23
12.05,-1.99
14.26,-1.18
17.98,11.9
16.23,-1.13
8.82,-0.75
12.16,-1.54
1.78,-5.79
6.61,-5.86
7.24,-5.45
2.74,-5.82
11.44,-4.12
17.37,9.44
20.52,7.33
15.38,6.42
20.62,5.5
11.89,4.36
9.66,5.85
9.04,5.78
17.36,8.73
14.11,2.67
1.89,-6.07
1.01,-7.22
6.12,-6.68
6.58,-9.11
-6.94,-12.68
-7.14,-12.94
5.96,-11.43
6.56,-8.58
-0.23,-11.27
1.41,-10.78
10.14,-1.56
8.22,-1.9
1.5,-3.06
0.21,-6.59
0.54,-6.8
-2.32,-4.08
5.76,-4.53
9.87,-6.68
-3.57,-8.34
-3.0,-14.02
0.42,-13.98
2.47,-9.43
4.55,-6.83
-1.81,-15.38
-4.09,-15.89
1.88,-9.85
-1.13,-18.31
-3.02,-18.45
5.28,-8.03
5.32,-6.58
15.83,-0.41
7.93,-0.89
-0.67,-6.94
-4.46,-11.63
-4.47,-12.51
3.64,-9.94
2.76,-10.04
8.2,-8.41
11.1,-1.11
6.68,-2.91
12.71,-1.64
-1.23,-8.0
-1.9,-10.12
0.52,-9.33
12.16,-6.91
16.84,8.13
12.74,-4.83
1.61,-5.76
0.33,-6.92
14.75,-4.44
17.64,4.59
16.33,-2.18
-1.2,-2.66
2.44,-1.87
-0.36,-3.76
2.92,-6.21
9.46,-5.97
11.35,-3.72
19.06,1.61
20.52,2.22
8.3,-1.19
13.14,-0.99
23.73,7.49
20.88,12.58
14.9,0.36
4.88,0.46
9.51,-1.56
11.35,-1.16
8.06,-8.27
-2.39,-8.53
11.2,-3.79
17.84,3.19
19.8,2.51
21.89,3.04
22.51,5.14
17.48,8.36
8.69,2.08
17.29,1.9
21.49,3.78
19.06,9.45
19.77,6.53
11.86,4.62
7.17,2.34
4.68,-2.4
5.81,-6.3
6.56,-4.75
9.06,0.23
26.48,8.11
8.55,1.09
6.58,-3.11
11.89,-0.6
15.25,2.49
15.6,5.0
13.06,6.24
13.51,5.75
11.23,1.74
8.45,1.13
6.74,-2.08
17.76,0.83
17.22,10.75
21.69,11.56
20.57,4.37
16.1,4.42
21.14,8.04
17.45,1.42
10.52,1.88
6.52,0.93
11.35,2.0
19.2,6.68
18.02,6.81
26.02,11.24
28.71,16.33
27.93,18.56
20.51,3.21
14.62,1.57
18.1,4.79
18.56,7.47
22.34,11.69
25.76,13.55
23.06,6.11
22.33,10.81
25.91,10.18
15.08,10.29
16.98,12.15
22.2,9.81
16.41,7.81
21.33,10.12
25.8,12.68
28.68,17.23
29.99,11.6
29.53,15.03
28.85,15.01
29.19,13.6
30.07,12.94
25.02,10.11
27.63,12.94
23.0,15.11
27.4,16.02
30.41,20.84
28.96,17.61
19.92,10.78
17.93,9.69
23.5,11.88
28.63,18.22
22.27,14.36
19.5,11.22
22.68,12.01
27.34,15.57
30.67,17.84
30.72,17.8
30.86,19.08
24.05,12.24
26.74,11.03
28.01,12.47
28.09,15.47
26.87,18.18
27.03,16.06
28.39,13.77
24.89,13.69
22.22,14.33
25.43,15.06
29.27,19.74
33.23,23.78
34.15,22.85
33.67,22.93
33.2,23.89
29.83,15.19
25.66,10.52
26.16,11.53
30.15,12.66
33.18,17.71
33.97,15.39
29.69,14.0
30.57,14.77
30.5,17.57
28.8,14.04
26.14,10.2
25.6,9.42
29.07,13.48
32.46,20.4
32.33,20.64
30.1,19.32
30.31,16.78
32.1,21.42
35.14,23.21
34.08,22.2
27.67,21.44
24.9,20.09
25.79,15.8
29.31,16.51
30.14,19.93
30.16,16.38
29.69,17.78
28.87,15.53
28.89,19.91
31.04,21.33
23.89,20.89
28.61,18.74
30.43,20.9
32.9,19.85
31.03,18.9
32.52,20.11
31.07,22.4
31.79,22.09
27.07,19.96
25.75,19.07
28.15,20.75
30.12,20.86
26.78,14.31
27.14,17.32
26.04,18.29
29.23,19.58
27.92,18.48
32.2,21.36
28.76,21.18
28.07,21.6
30.24,20.28
31.35,21.08
31.32,21.74
29.84,21.4
27.27,15.68
28.37,15.07
25.13,13.03
27.02,15.57
26.16,17.92
26.43,15.0
27.18,15.16
27.21,14.73
28.64,14.5
29.34,16.58
28.67,18.09
26.36,17.13
26.02,15.2
27.33,13.39
28.6,14.27
29.08,16.61
29.21,17.4
29.59,18.54
32.29,20.91
31.32,20.06
28.35,13.3
27.17,13.19
29.32,15.03
29.65,18.0
25.35,18.69
26.87,19.4
27.75,20.2
25.82,15.99
26.23,12.96
25.9,13.13
28.88,16.25
28.03,18.49
25.99,14.03
21.95,12.15
21.2,12.56
26.48,12.68
27.68,12.55
28.16,13.41
28.35,13.53
28.75,16.06
28.15,15.17
30.74,16.3
34.05,16.6
21.44,6.06
19.94,8.01
24.93,12.38
23.46,9.94
20.48,4.9
19.08,3.25
15.95,4.37
19.69,5.41
21.55,6.67
23.01,7.1
21.65,6.73
21.04,2.81
21.99,3.05
24.29,5.16
23.72,7.89
16.03,0.14
14.61,-0.55
17.73,1.56
22.51,4.83
23.57,6.96
24.44,6.39
17.76,0.99
19.44,2.34
17.25,2.61
21.95,5.09
9.64,1.2
6.27,-0.02
11.93,-2.31
14.41,-0.36
21.92,5.77
24.49,10.38
24.98,8.56
24.83,9.98
23.28,7.82
11.6,-0.17
14.74,1.48
19.57,3.69
20.67,4.83
16.27,9.67
17.56,12.54
19.99,7.0
17.57,5.96
22.59,5.92
24.23,11.02
21.93,7.72
21.8,4.86
19.51,6.13
17.12,4.66
23.4,5.0
22.07,7.67
16.89,-0.41
-0.06,-1.84
3.37,-1.63
6.61,-1.6
5.53,1.53
2.73,-1.84
-0.18,-3.32
1.41,-7.99
2.07,-8.17
1.48,-7.98
8.91,-5.65
13.63,-5.12
15.32,-3.86
17.46,-1.89
12.33,-3.72
12.72,-3.75
12.19,5.2
7.7,4.7
15.67,1.24
3.29,-6.84
4.24,-7.27
13.48,1.47
12.19,-6.79
5.67,-6.97
7.97,-4.31
11.4,6.44
10.21,5.33
7.29,4.73
9.29,4.67
8.02,4.31
7.76,2.19
7.12,-0.83
7.93,-0.9
12.53,5.03
7.24,1.06
4.81,-0.68
0.54,-4.46
0.8,-8.03
0.72,-7.81
7.4,-6.5
6.38,-5.88
6.8,-22.43
-16.85,-22.74
-8.99,-16.94
-6.9,-14.24
-3.08,-9.05
-0.31,-4.32
9.48,-3.57
14.12,8.43
16.5,9.12
