20170101
8.81,-0.94
13.04,5.86
13.22,-4.33
-1.86,-6.84
-5.34,-13.31
-9.07,-15.89
-7.45,-16.39
-5.0,-15.01
5.23,-6.22
13.2,-1.25
18.38,0.26
18.96,-0.83
2.11,-1.0
3.54,0.67
4.27,0.77
15.03,4.16
14.83,3.28
5.53,1.59
11.26,3.04
14.9,8.06
18.79,6.4
15.61,6.72
8.66,3.12
7.93,2.38
15.39,1.63
2.83,-1.16
2.14,-4.04
2.92,-4.18
0.72,-6.65
7.14,-7.62
8.1,2.65
6.87,-2.43
2.6,-5.14
-0.17,-10.44
4.55,-10.64
11.3,-1.33
16.44,-0.3
16.13,2.61
6.72,-4.98
-1.51,-8.16
13.61,-4.32
18.43,9.24
15.94,-2.83
9.86,-2.65
11.91,1.43
8.1,-1.59
10.74,-0.46
19.66,4.79
17.46,6.92
16.4,2.64
20.77,3.57
18.33,10.27
20.98,11.98
20.89,13.15
24.79,1.89
2.83,-5.94
9.16,-5.21
11.48,5.51
18.66,8.66
15.57,0.3
8.27,-2.1
4.74,-2.65
12.73,-1.34
19.74,0.0
17.85,9.51
14.58,5.51
16.5,3.03
21.06,1.09
6.94,-3.14
3.42,-5.7
4.35,-5.43
3.04,-4.35
1.02,-7.01
2.33,-7.79
7.2,-6.44
9.49,1.77
6.79,0.24
11.35,1.24
19.64,5.34
17.9,-0.31
7.37,-1.58
15.02,-1.14
24.17,13.01
24.99,13.46
18.69,6.77
19.86,7.37
16.39,9.16
17.45,8.88
24.87,10.77
12.67,4.46
11.38,2.42
19.44,4.09
21.66,11.84
20.22,8.63
22.81,4.71
9.82,1.42
14.39,-0.51
19.69,2.26
25.62,9.92
26.06,15.19
19.2,5.13
21.57,5.9
26.83,7.77
28.24,11.94
28.16,16.98
26.5,12.4
21.51,9.15
25.56,11.07
27.69,16.86
27.27,9.82
15.65,7.38
13.66,5.4
20.36,6.11
24.33,8.51
24.69,11.47
28.59,15.12
17.56,7.08
20.87,9.06
27.08,14.79
24.8,12.39
16.94,7.7
19.47,4.71
12.96,6.74
13.46,7.45
12.52,4.62
17.48,3.35
18.24,1.66
18.9,4.54
23.7,11.55
29.42,14.38
21.22,11.85
19.8,7.38
24.53,10.99
27.83,13.09
28.62,14.11
29.61,16.78
28.71,20.37
28.93,18.24
28.41,16.02
27.39,15.89
25.19,8.63
22.32,9.5
23.79,13.24
17.65,12.79
18.93,10.21
26.67,14.39
28.81,16.53
24.77,14.95
28.38,13.41
27.27,12.65
27.34,10.6
27.05,10.61
29.13,12.43
31.03,14.65
30.9,18.3
30.74,15.15
25.53,11.85
21.42,9.66
24.49,11.26
28.66,14.01
29.95,15.38
31.33,18.55
32.85,20.69
31.7,19.2
32.22,19.2
28.64,18.43
31.19,18.79
30.98,20.88
28.12,16.31
27.77,14.74
29.81,16.57
32.34,19.74
27.53,21.11
25.05,16.27
25.98,11.92
26.01,11.13
24.51,10.62
24.31,11.03
27.61,15.28
30.95,20.51
29.32,19.45
29.12,16.97
30.18,16.99
30.84,18.86
30.26,19.52
29.28,20.59
26.25,18.72
31.23,17.14
28.4,14.65
29.5,17.37
30.0,22.59
27.48,19.91
32.38,21.82
30.68,21.75
29.57,15.37
28.45,15.88
30.19,17.48
31.08,19.26
31.62,18.01
31.29,19.51
32.59,22.44
33.86,23.59
34.13,20.98
29.72,19.53
29.9,16.96
28.11,16.66
30.64,18.38
29.3,22.32
28.5,15.91
26.31,13.33
28.48,15.22
30.05,17.49
29.49,17.95
29.48,17.3
30.3,18.74
24.14,10.9
25.41,12.81
22.5,17.01
25.64,13.91
27.1,11.55
27.59,13.32
29.4,15.14
27.61,16.43
27.52,13.28
28.12,15.46
28.49,17.27
30.86,18.38
31.8,20.41
31.15,19.75
29.63,18.51
31.58,18.27
32.57,18.74
32.29,20.61
28.65,14.68
26.67,11.27
26.42,11.77
25.97,11.48
26.26,11.97
28.16,13.7
27.26,16.44
26.56,14.87
28.13,15.7
27.97,15.39
16.33,12.2
23.58,11.45
28.27,12.67
30.95,15.63
23.18,8.15
20.16,6.9
21.74,7.01
25.41,9.05
24.03,8.17
23.64,7.89
22.83,9.0
21.27,14.37
18.81,15.85
23.59,12.97
28.66,13.31
30.24,15.13
30.76,16.22
28.28,19.29
27.1,17.53
31.26,18.13
32.84,18.97
32.77,17.43
32.27,16.57
32.45,15.05
32.09,15.36
32.24,16.97
29.5,12.46
23.61,7.67
25.46,7.18
23.62,5.55
24.15,6.11
26.72,10.64
28.57,14.51
26.69,17.47
24.0,16.8
27.42,17.17
28.21,13.13
19.85,14.04
22.68,15.13
22.06,15.67
18.16,13.32
17.93,12.46
23.75,11.31
28.69,14.27
23.41,6.89
17.43,2.97
20.27,3.02
21.58,4.03
24.36,6.62
25.15,7.31
24.25,9.66
25.61,14.44
17.56,7.89
11.39,4.34
10.88,-0.28
17.58,-0.15
13.37,1.69
4.41,1.12
4.17,-1.75
8.43,-0.74
7.77,-0.85
15.77,1.77
20.3,12.74
17.11,7.01
20.31,9.45
23.48,9.5
12.37,6.66
9.61,4.42
11.78,-0.85
13.52,-2.15
3.72,-3.86
7.52,-3.79
8.81,2.01
8.44,0.09
11.77,0.04
9.89,0.63
5.93,-1.92
16.18,0.41
18.37,2.13
3.87,-4.0
10.06,-3.68
13.66,-3.07
5.79,-4.5
9.32,-2.81
14.63,-1.56
15.5,-2.12
12.73,-2.72
17.57,0.28
17.88,4.9
14.78,2.78
12.75,-2.15
12.35,-2.41
14.11,-1.4
15.84,-1.3
18.82,4.83
9.05,-2.31
7.71,-2.3
-0.08,-8.56
0.34,-9.08
0.68,-6.58
4.14,-6.32
10.03,-3.92
0.37,-7.78
8.09,-6.04
1.01,-5.57
1.57,-4.05
10.45,-1.27
7.57,3.37
7.88,5.28
10.19,2.21
10.19,-1.28
12.93,-1.43
12.3,2.64
3.22,-1.13
1.72,-6.25
-1.65,-7.77
-5.01,-16.49
-8.57,-16.7
-4.85,-12.57
-3.51,-7.46
-5.35,-15.16
-8.11,-18.49
-10.75,-20.78
-7.0,-20.8
-2.82,-16.26
-6.61,-17.34
-7.54,-18.82
-5.78,-18.99
4.09,-9.74
3.74,-0.11
6.43,0.06
14.86,4.79
15.73,-2.69
-1.61,-9.93
-4.25,-16.45
-4.5,-16.52
-2.36,-16.45
-11.83,-17.81
-6.35,-14.53
0.33,-11.95
6.25,-6.47
10.5,1.0
13.5,7.71
13.95,2.4
3.85,-1.14
1.24,-5.2
9.71,-4.45
14.18,1.27
10.74,-2.69
12.16,-3.42
1.89,-5.72
1.86,-6.16
11.93,-0.67
6.58,-11.05
-3.87,-11.79
4.59,-6.45
4.07,-10.68
-1.69,-11.0
0.51,-4.36
0.39,-8.76
1.12,-8.51
11.27,-0.98
5.36,-0.57
1.41,-6.78
4.68,-7.22
7.34,-4.65
15.37,5.52
20.25,8.1
7.77,-1.67
2.8,-2.06
12.94,-1.93
23.16,12.9
25.48,10.16
10.39,3.77
11.94,4.28
16.15,7.53
15.35,6.56
9.67,-0.76
13.51,-0.82
16.81,0.52
13.67,10.24
14.26,0.12
9.93,-2.19
11.11,-2.18
11.63,-0.82
9.65,0.18
13.96,-0.73
4.1,-2.65
1.4,-4.66
7.64,-4.06
10.85,-0.73
6.95,-1.86
5.24,-3.85
6.16,-5.56
5.95,-5.09
15.56,-2.12
10.07,-2.39
9.9,-1.73
14.95,-0.23
16.72,-0.12
2.49,-1.81
6.08,-3.98
8.94,-3.65
11.13,-1.29
2.51,-1.81
8.73,-1.57
15.13,2.89
14.03,9.76
14.54,9.98
14.4,5.23
11.11,0.58
15.78,1.39
9.71,-0.81
10.6,-0.44
22.93,0.96
3.23,-3.5
11.27,-2.35
15.12,-2.0
6.35,-4.63
6.59,-2.01
6.76,-1.62
7.01,-2.07
18.5,-0.44
26.59,13.38
26.54,15.7
20.79,10.38
11.4,0.52
2.46,-0.7
11.35,0.23
22.91,1.38
12.83,-0.79
16.74,1.37
18.52,5.49
20.01,8.7
14.81,9.59
13.51,10.12
19.37,4.68
20.24,4.18
21.43,5.95
14.91,0.05
17.44,0.73
23.59,5.22
27.59,14.21
28.95,18.47
25.28,17.7
26.21,13.64
20.07,11.75
27.78,9.65
23.5,8.0
25.98,9.82
28.61,15.39
29.26,15.06
30.32,18.45
29.87,17.02
31.39,18.32
32.48,19.78
31.66,18.73
26.49,16.42
28.87,17.42
23.63,18.28
26.08,17.03
31.0,17.79
29.91,18.2
29.77,15.16
28.1,14.15
28.55,13.73
30.82,18.11
30.52,18.38
32.58,18.53
33.09,19.98
30.9,21.48
27.03,20.4
29.03,19.46
29.43,18.22
30.8,19.52
27.38,12.65
24.98,12.16
28.65,13.76
26.98,15.36
31.2,18.13
32.03,18.46
32.72,17.67
25.61,17.99
25.89,18.66
28.03,19.51
29.17,14.48
28.9,15.22
31.39,18.53
33.73,20.8
33.95,22.13
33.21,22.68
32.75,21.03
30.59,21.29
27.04,18.77
24.95,18.15
24.8,17.56
27.78,20.0
24.31,19.95
26.08,19.41
28.88,18.4
30.6,20.11
31.94,20.17
32.81,22.65
33.0,22.55
32.21,21.81
31.76,22.12
34.47,22.72
34.14,21.51
28.4,13.34
27.58,14.49
31.47,17.72
32.86,20.07
33.1,20.4
29.99,16.22
29.49,15.93
31.84,17.19
33.12,20.78
29.52,21.11
30.33,19.53
30.78,15.26
29.81,15.37
30.33,17.87
30.16,18.45
25.25,18.82
26.72,16.57
26.15,16.6
29.16,17.51
30.44,17.04
29.94,16.11
27.05,14.53
27.41,15.06
27.62,18.01
24.03,18.53
24.51,17.16
27.03,15.94
29.48,16.82
30.44,19.31
32.0,19.66
32.82,20.13
32.5,20.42
29.76,20.6
29.95,18.49
29.5,18.7
30.37,19.75
30.26,17.19
30.44,16.92
29.94,16.39
31.13,19.19
25.55,19.54
27.4,20.42
28.27,19.87
29.0,18.55
30.33,19.28
28.7,20.03
27.39,17.39
25.47,11.9
26.79,12.34
24.07,14.05
29.4,20.41
32.33,22.03
32.65,21.74
33.1,21.59
31.28,18.86
29.04,17.51
30.77,18.62
30.08,19.83
32.33,20.67
33.42,20.8
33.7,20.51
33.11,20.96
31.02,20.58
27.8,18.48
19.41,15.19
16.78,13.91
20.19,12.58
22.99,13.1
23.69,15.0
30.01,16.2
31.05,17.13
31.52,19.06
29.71,19.87
30.51,18.79
32.91,18.8
33.1,19.32
33.45,20.63
30.84,15.41
16.98,13.7
24.45,13.69
21.99,17.08
25.21,19.0
21.89,11.28
16.75,7.42
22.82,8.38
22.73,9.41
27.09,11.35
29.34,13.66
30.09,18.8
30.61,19.08
27.0,17.0
31.21,18.78
31.35,18.15
31.45,18.29
31.17,19.49
30.41,19.5
24.57,11.43
15.7,2.2
12.4,2.41
12.47,3.03
12.84,7.11
12.42,1.12
11.95,1.13
16.35,-0.05
14.65,-0.41
13.96,0.49
17.22,-2.34
12.38,-2.24
19.01,0.62
17.73,0.42
14.66,0.91
14.15,2.83
9.9,5.5
12.98,3.57
18.5,2.73
16.87,2.2
21.06,5.8
18.52,7.63
10.41,5.09
9.96,0.74
14.39,0.53
16.36,7.22
16.05,8.29
15.42,3.38
12.66,-1.08
6.48,-0.07
6.64,-6.73
3.13,-7.03
6.81,-5.99
7.04,-0.39
1.77,-6.59
0.81,-6.38
1.27,-1.53
4.59,-1.84
8.22,0.36
10.52,0.64
5.91,1.52
3.82,-3.21
9.28,-3.82
11.65,-3.22
11.93,-1.0
13.81,0.54
16.14,0.24
2.32,-5.78
-3.67,-7.26
1.27,-7.81
7.74,-0.2
12.41,5.92
15.06,8.09
16.16,3.99
4.92,0.41
1.79,-1.87
0.65,-3.24
4.82,-5.74
4.01,-6.65
-1.79,-6.19
5.06,-7.42
1.87,-8.9
7.7,-7.18
11.51,1.27
10.37,5.13
10.06,6.31
8.69,3.51
11.14,-0.67
10.41,-3.05
8.1,-3.4
13.02,-1.35
8.53,5.38
6.69,-0.18
5.38,-1.55
3.29,-2.89
7.93,-3.28
8.7,-3.77
9.7,-3.66
14.1,5.13
13.63,-0.31
2.17,-2.76
7.25,-2.99
17.33,4.59
5.84,3.1
4.76,0.13
5.23,-1.03
10.22,-0.14
12.49,-0.07
12.88,0.18
14.6,8.31
16.07,-1.17
-0.26,-6.78
-0.45,-7.47
1.18,-7.25
1.95,-1.41
1.1,-3.48
1.3,-6.79
1.39,-3.65
2.86,0.66
5.41,0.98
3.29,0.62
4.2,-10.12
-5.93,-16.6
-6.03,-16.44
8.05,-7.9
10.55,-4.68
0.01,-11.92
-2.47,-12.18
2.34,-3.62
0.07,-5.74
8.94,-10.05
-5.51,-16.72
-14.86,-20.1
-6.83,-18.54
1.82,-7.23
11.1,-3.47
18.18,3.12
13.85,3.78
12.67,3.19
14.69,9.17
16.99,-7.16
-2.42,-10.16
-0.06,-10.01
2.84,-3.66
9.98,1.64
11.37,-4.16
4.3,-3.99
13.56,0.52
1.89,-4.17
3.17,-4.48
0.99,-2.2
0.39,-5.11
2.6,-5.32
8.43,-1.36
7.59,-2.0
6.33,0.59
14.96,4.39
7.24,-5.12
5.62,-5.66
11.22,-3.49
14.75,-1.82
1.62,-1.2
4.04,-0.93
5.03,-0.71
0.57,-12.15
-6.09,-13.55
-3.42,-12.71
-0.49,-10.68
2.13,-3.56
3.81,-0.68
15.84,1.53
10.09,-0.14
11.26,-2.34
10.67,-2.41
21.03,6.64
22.17,6.6
7.19,-1.08
9.66,-2.59
11.92,-3.1
9.5,-3.43
10.97,-2.83
13.16,2.45
7.82,1.47
11.8,-2.81
14.0,-2.37
13.62,5.61
9.67,-1.88
9.7,-2.47
15.58,-1.68
21.85,5.72
17.31,11.16
15.63,-1.46
4.35,-4.44
8.79,-3.25
15.27,-0.71
17.21,2.39
21.67,9.12
15.85,9.05
20.79,9.64
20.48,11.81
23.18,9.76
21.44,6.24
21.97,8.09
27.1,10.03
18.92,4.95
19.11,5.95
20.77,1.82
12.64,2.15
24.82,7.46
24.85,13.68
22.49,5.87
7.85,2.91
6.9,1.71
21.27,3.8
25.33,9.7
25.04,9.94
20.47,9.92
20.3,8.17
18.21,5.41
16.38,5.39
13.06,5.3
24.91,7.24
26.65,13.22
26.49,14.12
22.8,15.69
21.82,14.35
16.39,9.66
22.21,7.88
24.83,9.58
26.18,11.74
28.4,14.12
23.29,11.1
14.48,6.51
18.24,7.15
11.46,7.65
14.91,5.27
20.73,7.06
21.57,9.34
26.0,11.99
29.78,16.31
30.49,18.94
24.31,13.07
21.83,9.09
20.01,9.87
25.65,17.61
29.48,18.46
31.12,19.18
30.3,20.32
29.51,16.77
29.15,18.77
30.25,21.7
26.91,17.19
25.08,16.71
25.99,14.5
27.47,16.51
26.5,8.95
24.49,11.24
27.0,15.58
30.0,17.83
28.4,18.98
25.76,18.9
24.75,19.01
25.87,19.43
23.83,9.87
24.43,10.73
24.85,13.2
20.58,7.81
24.12,11.54
25.19,17.0
26.78,18.29
26.9,19.2
26.63,19.1
28.11,19.56
23.56,14.65
25.8,16.03
24.98,17.11
28.76,18.45
25.11,16.81
28.56,17.5
31.31,18.93
30.83,18.72
31.79,19.7
32.32,21.28
32.85,18.68
31.45,19.79
32.91,20.19
30.56,19.56
31.42,20.05
32.58,21.59
30.75,21.39
31.51,20.12
29.97,18.17
32.02,19.27
33.1,21.42
31.55,17.51
29.71,15.05
31.89,17.18
32.34,20.82
30.68,21.99
30.24,22.11
31.07,21.73
33.17,23.38
33.06,22.94
33.42,23.07
32.96,21.71
25.74,14.53
26.86,13.71
26.78,13.17
28.0,14.69
29.35,15.75
30.55,17.96
31.08,19.33
30.64,19.56
29.71,17.99
28.65,16.05
29.89,17.07
29.94,16.12
30.38,15.45
31.11,16.27
31.91,17.44
30.61,18.5
29.7,17.33
31.13,18.08
30.74,15.28
29.35,14.7
30.15,17.25
28.78,20.65
30.08,19.45
31.53,16.58
28.99,15.87
30.31,17.6
30.03,19.68
33.14,19.3
33.68,20.1
32.32,18.87
30.51,19.69
26.62,19.02
24.31,12.77
25.59,13.11
27.64,14.62
21.99,20.39
26.61,15.04
26.26,12.25
28.28,14.06
29.78,18.98
25.11,17.47
29.74,17.79
28.26,15.55
30.2,17.25
28.91,13.73
25.65,12.75
28.52,13.98
24.12,12.44
25.29,14.68
30.44,16.17
34.48,18.29
32.81,19.25
32.93,19.84
33.07,15.42
27.97,13.33
30.7,15.32
32.13,17.08
29.31,14.94
30.34,15.21
30.96,15.71
30.84,17.93
31.26,16.48
31.33,17.65
27.85,9.74
26.05,10.21
29.52,13.4
25.92,9.75
32.57,12.15
32.27,18.48
32.99,18.16
33.94,16.86
33.7,17.97
33.54,17.81
31.42,10.51
22.23,8.28
27.01,8.52
22.07,12.39
20.39,5.41
22.92,5.95
23.35,6.9
27.28,11.43
21.63,1.19
13.68,0.69
20.5,1.9
20.39,2.6
23.69,4.34
10.77,1.43
15.47,1.07
17.74,1.38
22.22,3.28
23.93,9.45
21.46,9.7
16.39,2.72
18.93,2.68
18.92,7.63
14.62,8.9
18.56,9.92
18.26,3.47
18.64,4.16
15.69,9.08
13.1,9.07
9.63,-2.77
8.61,-2.83
11.14,-2.2
12.33,-1.56
15.79,2.89
11.22,-1.35
12.4,-0.68
6.38,-6.73
2.49,-6.9
8.91,-2.43
17.77,4.09
12.0,-9.98
-5.05,-13.13
0.04,-11.75
6.43,-5.54
6.53,-5.43
8.18,-4.07
8.61,-3.66
5.71,-0.74
7.04,-1.04
8.14,3.51
12.65,4.4
7.61,-1.55
3.81,-0.51
10.02,0.14
14.98,2.25
15.21,5.64
13.65,1.27
3.77,1.18
6.46,2.33
13.86,3.24
9.76,0.77
2.38,-0.63
4.55,-0.58
10.41,-2.25
11.85,-2.58
9.9,-4.16
7.76,-4.48
13.77,-1.02
13.98,-2.49
-1.57,-7.63
3.46,-7.22
7.29,-4.8
8.14,1.07
6.46,-1.24
1.6,-1.83
1.33,-0.98
2.56,-5.85
-0.96,-9.62
4.26,-8.49
8.01,-5.25
11.36,-3.42
12.76,-3.13
15.61,-1.73
16.37,-1.51
18.81,-0.57
17.57,9.1
14.95,6.22
16.14,6.88
16.66,4.9
5.39,1.11
2.64,-0.18
9.25,-0.62
10.73,6.55
10.82,3.18
3.89,-2.36
9.48,-2.54
8.92,-2.4
9.13,-2.05
5.54,-2.49
14.29,-1.92
17.55,10.47
18.46,2.03
5.59,1.28
7.76,1.39
10.64,-0.4
13.67,1.12
4.92,-4.79
3.27,-4.55
11.01,-8.56
-7.22,-10.24
-3.17,-8.77
0.18,-8.65
3.77,-7.9
8.71,0.49
7.61,1.18
1.77,-0.66
7.13,-2.69
3.52,-2.19
1.71,-0.02
2.77,-0.28
4.51,-0.07
3.89,0.14
6.17,0.06
17.59,1.48
20.84,4.83
14.46,0.36
3.23,-0.36
0.5,-2.91
1.58,-2.96
2.19,-4.29
10.84,-3.11
6.95,0.45
5.58,-1.4
2.73,-0.81
2.74,-12.44
-4.18,-12.92
7.75,-9.55
10.76,-1.45
12.24,0.41
10.52,-3.4
6.76,-3.66
1.74,-9.09
3.38,-9.0
9.8,-5.8
13.43,1.84
7.3,4.87
7.93,1.99
3.19,-3.49
2.69,-3.98
2.93,-6.34
4.18,-6.73
17.71,-2.24
12.42,8.7
14.64,0.83
16.23,-0.79
15.7,-0.28
3.02,-4.94
10.3,-4.83
18.53,0.38
17.73,9.71
13.67,5.44
11.17,3.73
16.54,3.95
11.21,2.19
5.93,0.98
7.43,1.04
9.14,3.55
12.47,3.7
15.76,5.32
20.36,12.2
21.47,0.09
3.63,-1.52
6.14,-1.18
12.05,2.65
11.67,3.16
17.12,3.71
20.85,6.99
24.67,12.7
25.85,16.33
18.8,7.49
16.64,5.24
8.22,4.1
11.9,0.26
16.88,1.74
21.35,6.57
20.26,7.14
15.4,7.01
21.71,8.47
26.14,14.23
27.39,7.09
12.64,0.04
10.99,0.51
17.1,5.67
16.48,7.98
9.06,0.43
8.65,-2.89
10.65,-4.1
10.0,-0.39
10.8,0.64
13.01,0.96
14.72,2.93
18.88,4.54
14.6,0.36
22.03,3.35
13.42,9.8
19.82,7.79
18.73,6.69
16.21,1.82
19.55,4.63
24.22,13.47
17.8,6.83
10.1,5.53
20.48,6.47
27.95,13.59
22.56,6.52
21.55,7.84
9.31,4.64
15.88,3.55
19.69,7.25
12.93,-2.12
13.7,0.27
18.4,3.06
10.84,1.91
15.97,4.51
13.79,8.41
27.53,13.46
24.28,15.87
27.14,17.16
25.22,15.56
19.72,14.1
19.27,11.98
14.64,11.52
18.3,12.36
25.19,13.85
28.49,17.09
30.28,17.58
30.86,17.92
29.86,19.08
25.82,18.46
27.37,17.57
24.8,12.81
23.22,11.03
22.6,8.01
25.25,12.86
30.99,18.19
31.42,20.22
29.34,17.84
30.5,18.32
32.74,16.02
29.53,16.09
30.67,18.67
28.72,23.01
31.09,14.94
27.36,13.06
29.65,12.77
27.14,12.93
24.29,10.9
25.42,12.88
27.48,13.9
28.62,14.58
29.02,16.17
31.41,17.72
32.61,18.44
28.36,18.78
30.23,19.48
26.36,16.57
27.33,14.5
29.06,16.9
31.27,21.19
25.84,20.05
27.62,20.98
30.85,20.26
29.49,19.97
31.5,20.05
31.92,18.69
32.53,19.82
33.8,20.24
33.83,20.73
32.96,20.56
33.34,21.09
32.52,20.47
33.51,21.16
30.33,18.68
31.95,17.0
28.37,16.12
28.44,15.8
30.67,16.82
31.83,19.84
26.76,17.97
30.84,19.59
32.82,22.7
33.35,21.26
31.59,21.04
32.15,20.39
29.53,20.99
29.85,18.62
30.43,17.69
31.31,19.02
33.05,21.71
32.06,20.58
30.54,18.13
31.22,19.99
23.57,19.57
25.67,19.4
26.56,16.94
26.79,17.03
27.23,16.84
25.02,12.31
24.49,13.27
25.97,13.96
26.97,13.19
28.71,15.7
30.44,18.47
29.88,19.28
29.13,19.61
28.62,19.99
29.87,20.32
28.05,18.91
30.3,18.76
28.34,16.31
29.71,17.27
25.07,13.77
25.65,12.99
26.79,13.46
27.8,16.25
27.91,18.09
29.14,18.75
31.11,20.0
32.26,20.14
31.07,21.35
28.56,22.34
28.81,20.58
29.42,14.01
26.39,15.55
26.49,17.75
27.32,19.76
27.36,19.79
28.82,15.15
26.12,9.26
27.18,10.66
26.95,15.41
29.67,17.2
30.65,16.32
30.75,16.61
29.77,18.09
22.92,17.63
28.46,17.72
27.5,14.06
26.03,11.6
23.11,8.85
25.92,9.09
27.25,10.67
20.05,6.03
20.36,4.66
23.03,5.53
23.92,6.74
23.92,8.4
22.49,9.65
24.51,10.55
26.2,11.45
24.58,13.78
26.18,13.98
18.55,6.56
17.87,6.62
24.89,5.16
20.2,2.18
17.09,3.22
18.45,6.61
15.92,-0.35
17.54,0.73
23.04,4.5
29.25,7.08
26.45,7.43
27.92,9.07
23.82,15.53
26.49,15.21
25.03,4.42
21.17,4.33
25.93,6.02
16.98,-0.7
14.75,-1.5
17.24,0.17
16.59,8.96
12.36,7.74
17.39,8.26
20.61,11.74
27.43,12.75
25.43,6.45
12.71,5.86
10.88,6.15
9.48,6.71
10.82,6.78
11.92,8.05
10.98,3.14
10.26,-1.23
15.06,0.08
10.82,-3.28
9.85,-2.8
18.55,0.3
22.22,5.39
20.0,4.17
21.49,3.56
23.36,3.82
26.63,10.08
26.02,11.21
25.13,11.28
13.23,-0.44
13.19,-0.36
13.21,-2.2
17.02,-0.31
13.65,1.59
13.6,1.49
7.08,-2.06
10.22,-2.18
18.64,6.25
17.58,8.54
10.27,6.39
9.3,1.2
9.71,1.48
11.26,4.35
15.14,7.85
10.5,7.29
12.72,-0.66
9.63,-2.54
11.71,-2.14
2.78,-2.38
1.56,-5.97
7.09,-5.91
7.04,-3.57
7.43,-2.42
7.33,-3.92
3.86,-3.42
1.59,-1.09
3.04,-0.69
13.97,-1.3
16.64,-1.13
18.13,4.99
16.05,3.79
5.81,1.85
2.25,-6.27
2.21,-5.92
1.49,-1.43
0.52,-5.58
3.58,-5.86
5.86,0.57
7.01,0.77
9.76,0.41
8.12,-0.79
13.48,-1.74
-1.62,-10.98
-7.85,-11.6
3.98,-9.66
12.24,-1.25
3.12,-3.13
6.01,-3.75
11.3,-2.48
0.64,-2.49
10.65,0.32
3.82,1.28
2.65,-3.09
8.14,-2.75
2.1,-0.36
3.17,-0.95
3.87,-0.65
0.79,-2.16
0.21,-6.38
0.05,-6.05
-1.57,-4.35
3.65,-4.25
8.5,-1.98
9.45,-0.16
5.95,-1.53
1.6,-1.58
1.34,-1.9
2.97,-1.87
7.33,-2.73
3.84,-3.47
10.76,-1.7
3.28,-9.38
2.19,-9.51
1.54,-1.15
4.17,-0.09
7.45,-0.53
0.72,-8.25
-0.57,-10.5
1.64,-10.38
4.04,-3.17
6.04,-2.19
-0.26,-5.67
1.28,-5.96
3.57,-5.08
4.32,-3.87
3.76,-5.61
2.71,-10.84
-4.3,-12.24
1.52,-8.35
-0.41,-5.55
-3.27,-7.16
-2.8,-7.33
-1.61,-6.62
-2.4,-10.15
-3.43,-10.8
-6.89,-11.78
-6.47,-16.35
-3.57,-15.4
-1.28,-12.36
-1.77,-14.24
1.04,-11.14
8.39,-7.81
5.0,1.37
13.51,1.23
17.12,-1.94
9.2,-1.95
7.54,0.02
12.76,6.05
17.09,1.68
8.4,-4.45
7.62,-4.61
17.44,-1.64
12.17,-3.82
8.8,-4.61
9.68,-3.72
11.72,-3.31
18.59,-1.01
19.72,1.52
21.05,9.5
18.64,6.82
15.9,4.98
13.04,0.2
10.62,1.29
5.69,0.93
15.27,3.17
17.4,5.54
16.51,-0.4
11.06,-2.27
16.27,-2.24
19.51,0.94
19.79,4.51
19.46,9.2
22.37,6.99
17.81,8.15
14.0,4.23
23.55,5.77
11.34,-1.48
15.73,-0.36
23.31,5.23
11.57,-1.97
5.2,-5.64
9.38,-4.43
18.09,-0.17
23.82,5.96
24.77,7.76
25.75,9.8
26.81,12.14
21.3,10.68
26.76,10.95
18.54,8.79
11.71,7.79
20.25,8.09
18.9,9.01
17.1,2.64
14.16,0.83
17.03,2.1
14.22,2.16
17.74,2.93
19.92,2.67
17.11,-1.53
8.84,-1.45
12.87,0.45
16.0,3.38
11.81,6.37
17.86,3.51
24.34,6.48
27.69,16.53
25.81,17.19
20.91,9.95
22.32,2.75
23.21,4.75
24.75,13.24
22.74,15.57
21.16,8.55
17.42,3.49
17.91,3.68
18.21,2.11
15.81,4.43
16.94,2.23
16.82,4.03
16.57,3.84
17.64,3.48
19.83,4.43
21.61,5.13
22.72,9.24
21.72,12.96
22.73,14.82
25.76,15.53
27.1,15.98
28.88,15.47
28.72,13.46
29.59,14.75
30.42,15.74
31.05,16.42
31.02,18.02
25.54,17.39
27.47,17.46
22.69,7.38
14.72,4.25
20.48,6.86
23.49,10.69
23.72,13.92
18.93,15.54
22.29,14.16
29.33,14.75
29.36,16.52
27.85,18.98
27.79,19.95
24.87,20.58
25.64,20.47
27.59,19.99
30.57,19.24
33.23,19.97
31.69,15.09
31.48,13.79
27.52,13.57
27.5,13.55
29.87,15.63
32.72,18.98
28.36,18.27
30.81,21.74
27.38,12.39
22.49,10.82
25.44,13.05
28.0,18.51
27.56,22.15
30.09,21.88
31.51,21.05
32.34,21.11
33.96,21.02
28.86,20.4
26.03,14.47
24.94,13.24
26.21,14.6
30.1,18.29
31.49,19.64
31.95,19.33
30.91,20.94
28.52,16.79
24.63,16.53
26.4,18.06
25.83,20.15
28.22,20.96
27.47,18.78
29.24,19.95
31.13,20.5
28.82,20.49
27.34,19.0
27.79,17.23
28.45,17.43
29.12,17.75
27.85,17.47
27.98,17.01
29.28,17.78
30.45,19.28
30.98,21.33
31.94,17.5
31.39,18.22
31.16,19.86
31.35,20.42
27.9,16.92
22.63,14.35
27.49,12.86
26.37,13.64
27.47,13.82
28.26,14.95
29.42,16.34
28.92,18.24
30.7,18.94
31.28,19.58
26.6,21.53
33.0,23.35
32.83,24.21
34.11,21.12
30.71,20.76
28.72,19.2
24.47,18.68
28.14,19.65
29.35,19.58
31.1,20.63
30.34,19.47
31.45,19.48
31.59,19.38
33.01,20.16
33.48,20.58
33.94,21.39
31.37,20.36
34.12,20.58
33.76,20.74
33.3,21.35
32.91,21.49
26.86,20.12
26.41,18.77
26.77,13.51
26.41,13.45
26.3,14.25
26.29,17.98
26.57,13.06
28.9,13.48
29.18,16.8
27.57,12.61
25.62,12.17
26.34,12.64
28.03,15.73
29.67,18.11
30.35,18.46
30.77,19.89
25.07,15.02
28.44,15.67
30.97,17.52
31.9,18.53
29.8,19.02
23.38,18.74
24.8,14.07
15.18,9.63
19.76,7.26
23.31,8.09
21.51,7.79
24.38,8.42
29.31,14.53
29.62,15.6
29.82,15.5
28.19,13.57
27.17,13.84
24.57,15.91
24.55,16.3
23.13,15.19
25.85,16.08
24.91,17.08
24.66,16.06
26.39,14.46
28.75,14.48
29.0,18.27
27.76,17.82
20.17,11.71
24.77,12.65
28.32,18.86
25.17,9.75
17.14,5.12
20.26,4.87
21.95,5.19
21.94,6.14
23.08,7.5
21.09,9.96
12.92,7.52
16.29,7.36
24.17,12.65
16.45,8.62
14.4,1.93
15.67,1.99
12.64,8.7
16.6,10.6
13.61,9.3
17.5,3.06
12.5,2.24
9.85,-2.32
9.81,-2.43
10.83,-2.45
12.05,-2.32
14.78,-1.41
17.65,-0.76
21.31,2.08
17.62,3.95
21.0,6.26
16.78,2.96
10.69,1.68
4.62,0.47
5.77,-2.67
5.27,-2.27
17.04,0.06
19.28,4.27
8.75,-3.8
5.99,-4.25
12.64,-1.09
8.15,-1.18
4.8,-6.25
6.02,-6.31
13.38,-0.39
9.01,-4.19
1.54,-4.74
10.12,-0.04
8.2,-5.44
7.64,-5.91
13.46,0.04
11.87,3.92
18.81,2.35
18.21,1.78
12.88,1.13
17.65,2.75
6.8,-5.28
-1.53,-5.26
5.87,-5.08
15.16,-1.05
19.39,9.66
17.19,-2.41
9.33,-2.8
12.52,-1.49
14.45,-0.69
18.69,11.72
16.84,-0.54
8.59,-0.56
12.06,-1.67
1.96,-5.19
6.75,-5.21
7.95,-4.74
3.33,-5.15
11.78,-3.52
17.87,9.21
20.76,7.85
15.9,6.67
20.82,6.18
13.12,4.58
10.06,5.64
9.78,5.94
17.87,8.88
14.54,3.17
2.67,-5.0
1.03,-6.23
6.31,-6.0
6.31,-8.51
-6.46,-13.22
-6.76,-13.46
6.56,-10.54
6.41,-8.48
0.65,-9.91
2.05,-9.9
10.6,-0.61
8.52,-1.26
2.53,-2.24
0.86,-6.12
1.71,-6.13
-1.71,-4.92
6.95,-5.18
9.95,-7.08
-3.29,-8.45
-2.7,-12.63
0.56,-12.34
3.3,-6.59
5.76,-7.07
-1.18,-14.09
-4.22,-14.47
2.53,-9.02
-0.47,-15.47
-2.57,-15.68
5.58,-6.75
5.49,-6.44
16.64,0.21
8.23,-1.35
-0.72,-6.82
-3.67,-11.45
-4.58,-12.39
3.75,-9.55
2.12,-8.96
9.45,-7.83
11.52,-1.31
7.08,-2.32
13.03,-1.84
-1.32,-7.96
-1.3,-9.08
1.24,-9.29
13.31,-7.2
17.58,8.77
13.35,-5.23
2.09,-5.9
1.35,-5.92
15.38,-4.13
18.43,4.54
16.85,-2.17
-1.17,-2.86
2.98,-1.74
0.19,-3.75
3.62,-5.27
10.16,-5.15
11.92,-3.62
19.45,2.54
21.36,2.17
8.79,-0.94
14.08,-1.08
23.84,7.52
21.83,10.31
15.06,0.4
4.83,0.35
10.58,-0.56
11.69,-0.43
7.86,-8.65
-1.87,-9.01
11.73,-3.09
18.57,3.04
20.15,3.25
22.05,3.28
22.85,5.02
17.82,8.22
8.9,2.11
18.01,1.8
21.93,3.99
19.27,9.42
19.86,6.39
11.31,4.48
7.77,3.02
6.12,-2.57
7.15,-5.25
7.22,-4.8
9.16,0.66
26.56,7.67
7.94,1.24
6.96,-2.88
13.35,-2.03
16.03,0.8
16.21,6.23
14.4,6.68
14.18,6.09
11.72,2.52
9.18,1.27
8.25,-1.7
18.75,-0.56
18.19,10.88
22.61,11.24
21.43,3.82
16.63,3.65
21.55,7.63
17.74,2.01
11.29,2.08
7.65,0.78
12.11,1.23
19.79,6.9
19.07,8.19
26.5,10.2
29.22,15.81
28.52,17.48
19.08,3.51
14.83,2.29
19.41,3.78
19.63,7.94
22.62,12.23
26.77,13.63
22.91,6.67
22.52,8.65
26.1,10.47
15.64,10.39
17.04,12.59
22.39,9.79
17.85,8.53
22.16,9.68
26.51,12.84
29.54,17.56
31.22,13.98
30.6,14.84
29.83,15.01
29.44,13.87
30.11,12.78
25.71,11.66
28.35,13.15
22.12,14.43
28.07,15.43
30.94,19.96
29.23,17.09
20.3,11.15
19.06,10.55
24.36,12.04
29.24,18.1
23.07,14.52
20.6,11.1
22.71,12.07
27.92,14.31
30.94,18.21
31.26,19.42
30.74,18.9
24.52,12.8
27.04,12.07
28.55,12.74
28.82,15.27
27.84,18.31
27.54,16.38
28.68,14.11
25.73,14.36
21.94,14.42
26.27,15.34
29.8,19.87
33.77,23.83
34.39,23.8
34.11,24.12
33.33,24.66
30.47,16.13
26.38,11.93
26.47,12.59
30.7,13.76
33.57,18.19
34.55,17.26
30.38,15.62
31.07,16.24
30.96,17.97
28.77,15.31
26.82,11.0
26.29,10.37
29.76,13.98
33.12,20.04
33.21,21.09
30.69,19.46
30.84,18.5
33.0,20.81
36.22,24.22
34.84,23.04
27.79,21.82
26.19,20.49
26.32,16.04
29.76,16.75
30.82,19.37
30.63,17.31
30.47,18.27
29.83,16.55
29.15,20.23
31.59,21.39
25.23,20.69
29.0,20.0
31.23,21.22
33.56,20.38
31.63,20.0
33.19,21.26
31.65,22.96
32.11,22.22
27.3,19.54
25.68,19.09
28.78,21.13
30.66,20.55
27.47,15.64
27.49,17.21
26.86,19.14
29.84,20.11
27.9,19.47
32.69,20.82
28.57,20.86
28.28,21.15
31.6,21.26
32.01,21.24
32.32,22.17
30.28,21.25
28.15,17.01
29.35,16.0
25.76,13.63
27.23,15.47
26.71,18.76
26.96,15.88
28.04,15.61
28.03,15.52
29.43,15.61
30.24,16.76
29.61,18.85
27.28,17.65
27.41,15.97
28.54,14.71
29.56,14.9
30.0,16.08
30.26,18.25
30.44,18.97
33.16,21.04
32.16,20.41
29.59,14.42
28.03,13.59
29.79,15.17
30.39,17.7
24.66,18.62
26.7,19.45
27.81,19.62
26.02,15.96
26.9,13.78
26.25,13.36
29.05,15.32
29.29,18.33
25.65,13.34
22.43,12.03
21.69,12.31
26.93,13.13
28.4,13.15
28.45,13.96
29.02,14.59
29.54,15.9
29.06,16.36
31.79,16.93
34.71,16.63
22.18,6.39
19.62,7.74
25.81,11.8
24.01,9.99
21.05,5.45
19.91,3.77
16.79,4.47
20.03,5.33
21.5,6.06
23.49,6.63
22.13,6.45
21.6,3.28
22.61,3.25
24.72,5.15
24.61,8.42
16.88,0.53
15.11,0.14
18.3,1.58
23.26,5.66
23.94,8.2
23.49,5.97
17.89,1.53
19.9,2.37
17.65,3.25
21.68,4.23
9.62,0.87
7.01,-0.46
12.26,-2.1
15.18,-0.74
22.52,5.44
25.32,10.55
25.43,10.15
25.11,10.98
22.03,7.75
12.55,0.24
14.75,0.98
19.1,3.21
21.1,4.22
15.87,9.46
17.39,12.12
20.05,7.66
18.23,6.51
22.82,6.53
24.6,11.74
21.05,7.37
21.61,5.94
19.48,6.85
18.01,5.68
23.63,5.75
22.51,8.46
17.85,-0.99
-0.02,-2.02
3.46,-2.21
6.7,-2.17
5.36,1.08
3.64,-2.23
0.52,-3.27
1.4,-8.04
2.31,-8.2
1.99,-8.19
9.73,-4.85
13.94,-3.51
15.29,-2.85
16.88,-1.44
12.98,-3.29
12.86,-3.28
12.79,4.58
8.28,4.79
16.24,-0.17
3.7,-6.19
4.2,-6.84
13.65,1.92
11.47,-6.36
5.62,-6.55
7.8,-3.25
11.16,5.78
10.3,4.51
7.79,4.58
8.95,5.09
8.16,4.7
7.85,1.82
7.73,-0.65
8.54,-0.53
11.94,4.75
7.03,0.96
4.6,-0.82
1.38,-4.21
1.56,-7.61
1.23,-7.32
7.43,-5.47
6.6,-4.94
6.4,-22.01
-15.77,-22.34
-8.01,-16.53
-6.18,-13.97
-2.88,-8.76
-0.42,-4.57
10.22,-3.73
14.24,9.18
15.57,8.27
