20170101
8.49,-0.8
12.99,6.08
13.34,-3.89
-1.46,-6.69
-5.18,-13.43
-9.09,-15.8
-7.77,-16.43
-5.22,-15.21
5.24,-6.19
12.89,-1.03
18.22,0.28
18.91,-0.79
2.16,-0.64
3.37,0.85
4.19,0.8
15.01,4.17
15.28,3.31
5.64,1.66
11.24,3.0
14.83,7.96
18.5,6.3
15.68,6.93
8.91,3.36
7.76,2.15
15.3,1.62
2.82,-1.1
2.27,-4.02
2.72,-4.01
0.68,-6.71
7.32,-7.56
8.07,2.86
6.91,-2.19
2.55,-5.02
-0.28,-10.63
4.95,-10.9
11.38,-1.49
16.38,-0.44
16.07,2.89
6.64,-4.53
-1.55,-8.42
13.24,-4.27
18.61,8.93
16.39,-2.73
9.73,-2.61
11.9,1.76
7.8,-1.79
10.61,-0.4
19.78,4.56
17.33,6.6
16.1,2.51
20.61,3.53
18.65,9.92
20.91,12.13
20.72,13.47
24.9,2.13
2.55,-5.96
8.96,-5.22
11.39,5.3
18.74,8.67
15.94,0.41
8.15,-1.86
4.64,-2.49
12.21,-1.12
19.69,0.09
17.7,9.53
14.12,5.56
16.34,3.1
21.5,1.32
6.95,-3.21
3.3,-5.71
4.49,-5.17
3.53,-4.18
0.88,-6.88
2.24,-7.67
6.84,-5.98
9.63,1.78
6.91,-0.19
11.1,1.04
19.31,5.41
17.39,-0.13
7.24,-1.41
15.27,-0.81
24.3,13.25
25.07,13.49
19.06,6.74
20.29,7.73
16.23,9.19
17.4,8.95
24.9,10.94
13.03,4.5
10.56,2.24
19.59,4.26
21.68,12.13
20.48,8.66
23.83,4.98
9.64,1.42
14.32,-0.49
19.65,3.46
25.7,10.02
26.42,15.12
19.07,5.17
21.48,6.38
27.02,8.29
28.61,12.26
28.4,17.3
26.78,12.91
21.86,9.92
25.63,12.44
27.87,16.98
27.55,10.12
16.0,7.54
13.33,5.51
19.78,6.39
24.36,9.2
24.64,11.82
28.9,15.39
17.99,7.13
21.58,9.3
27.4,15.28
25.56,12.59
17.23,7.84
19.77,4.72
13.63,7.32
14.18,7.64
11.72,4.68
17.43,3.59
18.33,1.37
18.99,5.32
22.92,11.62
29.54,14.4
21.44,11.97
19.3,7.23
24.21,11.05
28.01,13.0
28.71,14.22
29.8,17.13
28.84,20.63
29.08,18.33
28.61,16.24
27.93,16.24
25.39,8.75
22.34,9.74
23.89,13.55
17.88,12.86
18.77,10.22
26.67,14.82
28.84,16.65
24.33,15.12
28.47,13.37
27.48,12.77
27.51,10.86
27.13,10.67
29.16,12.42
31.08,14.57
30.97,18.54
30.43,15.27
25.42,11.98
21.12,9.95
24.42,10.94
28.58,14.25
29.94,15.77
31.37,18.67
32.95,20.83
31.43,19.19
31.75,19.23
28.52,18.61
31.1,18.75
31.19,20.96
28.42,16.55
27.82,14.94
29.72,16.87
32.39,19.96
27.61,21.02
25.4,16.37
26.05,11.98
26.23,11.34
24.61,10.7
24.32,11.09
27.68,15.91
31.07,20.55
29.38,19.87
29.22,17.06
30.25,16.91
30.95,19.27
30.05,19.44
29.17,20.65
26.1,18.56
31.11,16.94
28.38,14.48
29.44,17.58
30.11,22.49
27.45,19.89
32.31,22.07
31.03,21.79
29.72,15.49
28.54,16.06
30.23,17.63
31.16,19.59
31.74,18.03
31.4,19.85
32.68,22.46
33.9,23.54
34.03,21.07
29.79,19.59
30.03,16.97
28.14,16.44
30.71,18.47
29.43,22.71
28.49,15.99
26.33,13.23
28.44,15.27
30.05,17.66
29.32,17.93
29.51,17.22
30.29,18.98
24.47,10.94
25.51,13.35
22.48,16.81
25.27,13.97
27.16,11.46
27.6,13.72
29.32,15.32
27.63,16.84
27.56,13.4
28.17,15.89
28.31,17.23
30.91,18.5
31.99,20.89
31.36,20.22
29.64,18.41
31.58,18.24
32.43,18.89
32.27,20.79
29.06,14.81
26.79,11.09
26.41,11.72
25.89,11.29
26.22,12.03
28.25,13.77
26.93,16.56
26.63,14.64
28.04,15.68
27.89,15.33
16.15,12.16
22.96,11.5
27.92,12.78
30.8,16.07
23.07,8.21
20.12,6.86
21.51,6.97
25.23,9.12
23.88,7.81
23.55,7.68
22.59,8.73
21.29,14.34
18.64,15.81
23.31,12.9
28.35,13.23
29.92,14.86
30.47,16.13
28.15,19.11
26.89,17.51
30.95,18.22
32.62,18.95
32.54,17.2
32.11,16.31
32.48,15.06
31.88,15.35
32.07,17.02
29.55,12.52
23.19,7.68
25.29,7.08
23.34,5.57
23.93,6.21
26.59,10.67
28.39,14.29
26.95,17.19
24.21,16.57
27.42,17.03
28.15,13.48
19.99,14.48
22.68,15.4
22.28,16.06
18.58,13.43
17.93,12.28
23.71,11.02
28.58,13.88
23.65,6.99
17.37,2.98
20.22,3.13
21.25,4.14
24.22,6.63
25.08,7.2
24.22,9.81
25.52,14.32
17.52,7.83
11.63,4.59
10.99,-0.11
17.54,-0.06
14.08,1.63
4.44,0.94
4.01,-1.53
8.84,-0.67
7.87,-0.64
15.72,2.11
20.31,13.13
16.85,7.22
19.93,9.51
23.74,9.51
12.45,6.77
9.39,4.6
11.63,-0.67
13.53,-1.9
3.59,-3.82
7.27,-3.7
9.21,2.08
8.23,0.87
11.61,0.63
9.93,0.77
5.53,-1.58
15.99,0.6
18.29,2.24
3.85,-3.87
9.92,-3.64
13.66,-2.87
5.66,-4.41
9.12,-2.73
14.4,-1.46
15.5,-1.89
12.59,-2.56
17.47,0.24
17.76,4.75
14.81,2.85
12.58,-2.22
12.34,-2.44
13.87,-1.51
15.64,-1.36
18.75,4.62
9.34,-2.33
7.53,-2.45
0.09,-8.33
0.22,-8.94
0.37,-6.7
3.84,-6.45
9.77,-4.17
0.33,-7.81
8.06,-5.97
0.87,-5.88
1.51,-4.28
10.43,-0.98
7.53,2.96
7.92,5.13
10.35,2.16
10.11,-1.41
13.04,-1.5
12.36,2.95
3.42,-1.21
1.62,-6.19
-1.67,-7.67
-4.73,-16.14
-8.62,-16.48
-4.97,-12.46
-3.31,-7.4
-5.32,-14.84
-8.65,-18.62
-11.21,-20.92
-7.61,-20.93
-3.38,-16.39
-6.83,-17.4
-7.85,-18.87
-6.46,-19.42
3.66,-10.04
3.59,-0.09
6.19,-0.05
14.87,4.55
15.64,-2.32
-1.24,-10.19
-4.88,-16.34
-5.24,-16.51
-2.15,-16.35
-11.89,-17.87
-6.13,-14.56
0.56,-12.14
5.78,-6.67
9.89,0.74
13.12,7.47
13.81,2.42
3.79,-1.16
0.8,-5.41
9.11,-4.7
14.06,1.11
10.9,-2.4
11.73,-3.51
1.79,-5.69
1.35,-6.22
12.06,-0.79
6.81,-10.85
-3.9,-11.72
4.63,-6.45
3.99,-10.21
-1.69,-10.4
0.65,-4.27
0.07,-8.53
0.81,-8.21
11.23,-1.21
5.77,-0.53
1.84,-6.45
4.82,-6.76
7.42,-4.43
15.39,5.64
20.33,8.55
8.2,-1.51
2.8,-1.8
13.1,-1.74
23.3,12.92
25.64,10.92
11.47,3.82
11.77,4.23
16.45,7.59
15.39,6.64
9.6,-0.69
13.47,-0.76
16.82,0.5
13.68,10.08
14.33,0.11
9.82,-2.3
11.01,-2.04
11.44,-0.83
9.73,0.3
14.11,-0.57
4.12,-2.28
1.46,-4.54
7.68,-3.97
10.51,-0.57
7.28,-1.68
5.47,-3.73
6.22,-5.46
5.76,-4.95
15.45,-2.04
9.73,-2.21
9.47,-1.28
14.84,0.06
16.7,0.0
2.53,-1.83
5.4,-4.26
8.64,-3.77
10.9,-1.38
2.57,-1.75
8.68,-1.4
15.24,3.33
14.15,10.05
14.67,10.26
14.73,5.26
10.69,0.5
16.12,1.25
9.9,-0.66
10.22,-0.18
23.46,1.02
3.55,-3.56
11.35,-2.16
15.52,-2.12
6.38,-4.56
6.64,-1.94
6.95,-1.46
7.29,-2.03
18.6,-0.31
26.8,13.3
26.8,15.86
20.74,10.46
11.85,0.62
2.62,-0.5
11.66,0.39
23.31,1.41
12.78,-0.78
16.8,1.55
18.91,5.28
20.16,8.95
14.93,9.68
13.62,10.52
19.53,4.77
20.49,4.13
21.85,6.24
14.98,0.05
17.43,0.63
23.45,5.07
27.47,13.97
28.97,18.27
25.64,17.85
26.18,13.85
19.49,11.84
27.58,9.84
23.43,8.07
25.99,9.77
28.7,15.39
29.19,14.86
30.43,18.28
29.85,17.06
31.42,18.14
32.65,19.93
31.78,18.8
26.58,16.45
28.52,17.49
23.87,18.25
26.14,16.97
31.11,17.84
30.05,18.39
29.77,15.13
28.02,14.08
28.66,13.57
30.9,18.12
30.55,18.39
32.35,18.77
32.83,20.04
30.93,21.53
27.25,20.52
29.07,19.47
29.48,18.19
30.91,19.52
27.5,12.66
24.98,12.02
28.66,13.92
26.95,15.26
31.14,18.02
32.05,18.13
32.87,17.57
25.98,17.91
25.92,18.67
28.23,19.67
29.13,14.67
29.03,15.31
31.44,18.54
33.81,20.77
34.15,22.02
33.36,22.51
32.86,21.19
30.9,21.36
27.15,18.92
24.99,18.26
25.15,17.89
28.03,20.11
24.13,19.95
26.26,19.41
28.92,18.53
30.76,19.98
31.96,20.15
32.78,22.62
32.95,22.5
32.29,21.8
31.45,22.04
34.58,22.8
34.31,21.49
28.4,13.47
27.63,14.87
31.55,17.8
32.93,20.01
33.15,20.66
30.16,16.15
29.59,15.88
31.95,17.37
33.19,20.71
29.07,21.22
30.03,19.92
30.78,15.29
29.88,15.56
30.39,18.01
29.57,18.27
25.22,18.8
26.75,16.77
25.99,16.65
28.96,17.34
30.42,17.2
29.98,16.34
27.15,14.46
27.41,15.1
27.72,18.04
24.55,18.73
24.91,17.38
26.93,16.09
29.39,16.79
30.46,19.38
31.99,19.42
32.83,20.01
32.46,20.22
29.97,20.62
29.93,18.38
29.6,18.65
30.38,19.77
30.5,17.11
30.38,16.85
29.97,16.2
31.1,18.77
25.75,19.43
27.36,20.49
28.31,19.82
29.14,18.35
30.3,19.37
28.7,20.18
27.39,17.32
25.44,11.65
26.66,12.31
24.42,14.14
29.12,20.4
32.31,21.91
32.56,21.65
32.97,21.42
31.42,19.16
29.09,17.48
30.76,18.89
29.97,19.63
32.22,20.72
33.28,20.87
33.57,20.39
32.78,20.97
30.81,20.55
28.04,18.81
19.6,15.09
16.88,13.77
19.94,12.86
22.57,13.49
23.85,14.91
30.01,16.49
31.05,17.34
31.45,19.2
29.39,20.21
30.18,18.6
32.83,18.65
33.01,19.35
33.37,20.85
30.89,15.49
17.17,14.03
24.09,14.11
21.9,17.14
25.28,19.45
21.89,11.5
16.62,7.63
22.75,8.95
22.76,9.71
27.08,11.58
29.47,14.16
30.14,19.08
30.64,19.35
27.33,17.44
31.35,18.76
31.46,17.95
31.49,18.08
31.22,19.53
30.59,19.33
24.91,11.71
15.92,2.05
12.68,2.57
12.38,3.56
13.22,7.16
12.73,1.22
12.0,1.34
16.59,-0.17
14.68,-0.45
14.46,0.53
17.25,-2.29
12.34,-2.07
18.99,1.0
17.91,0.45
14.8,1.06
14.02,3.3
9.89,5.95
12.67,3.68
18.55,2.88
16.87,2.36
20.81,5.7
18.7,7.94
11.3,4.98
9.8,0.54
14.14,0.5
16.38,7.41
16.1,8.65
15.56,3.4
12.78,-1.15
6.44,-0.17
6.66,-6.69
3.26,-7.04
6.99,-5.88
6.97,-0.35
2.06,-6.33
0.82,-6.38
1.4,-1.57
4.65,-1.38
8.21,0.52
10.93,0.64
6.06,1.75
3.87,-3.03
9.26,-3.71
11.35,-3.09
11.99,-1.09
13.72,0.26
15.94,0.06
2.21,-5.72
-3.65,-7.17
1.14,-7.7
7.46,-0.54
12.03,5.84
15.0,8.09
16.74,3.96
4.72,0.41
1.77,-1.91
0.6,-3.24
4.89,-5.65
3.89,-6.64
-1.86,-5.98
5.0,-7.54
1.99,-9.04
7.56,-7.22
11.26,1.25
10.37,4.84
10.41,6.17
8.87,3.21
10.45,-0.69
10.26,-3.12
7.97,-3.43
12.82,-1.47
8.61,5.23
6.69,-0.25
5.05,-1.54
3.41,-2.95
7.71,-3.2
8.48,-3.9
9.44,-3.65
14.1,4.74
13.77,-0.16
2.33,-2.68
7.34,-2.92
17.28,4.8
5.77,3.17
4.91,0.29
5.15,-0.93
10.27,0.0
12.37,-0.13
12.63,0.08
14.62,8.0
16.14,-1.35
-0.3,-6.57
-0.72,-7.24
1.09,-6.95
1.72,-1.52
0.9,-3.48
0.78,-6.95
1.24,-4.01
2.64,0.59
5.29,1.09
3.02,0.35
4.15,-10.22
-6.4,-16.69
-6.26,-16.7
7.8,-8.05
10.47,-4.6
-0.09,-11.81
-2.69,-12.02
2.34,-3.59
0.03,-5.68
8.96,-9.85
-5.6,-16.87
-15.11,-20.29
-6.86,-18.47
1.63,-7.23
10.55,-3.13
18.48,3.04
13.81,4.01
12.82,3.7
14.73,9.45
17.49,-6.98
-2.29,-10.01
-0.24,-9.7
2.86,-3.6
10.23,1.57
11.69,-3.86
3.79,-3.72
13.63,0.79
2.22,-3.97
3.11,-4.49
1.03,-2.05
0.55,-5.18
2.32,-5.27
8.57,-1.25
7.8,-1.61
6.38,0.83
14.88,4.46
7.51,-5.03
5.11,-5.44
11.22,-3.26
15.23,-1.5
1.62,-0.93
4.0,-0.73
5.12,-0.62
0.77,-11.43
-6.16,-13.38
-3.45,-12.51
-0.44,-10.49
2.03,-3.86
3.58,-0.48
15.76,1.68
10.3,0.08
11.36,-2.27
10.81,-2.25
20.99,6.59
22.19,6.47
7.25,-0.92
9.47,-2.63
11.95,-3.14
9.65,-3.26
10.89,-2.48
13.42,2.26
7.97,1.43
11.71,-2.76
14.07,-2.0
14.21,5.55
9.71,-1.89
9.61,-2.36
15.75,-1.38
21.83,5.3
17.23,11.24
15.93,-1.38
4.26,-4.54
8.69,-3.14
15.15,-0.42
17.1,2.9
21.78,8.94
15.64,9.07
20.52,9.81
20.64,12.27
22.99,9.86
21.45,6.0
21.81,7.93
27.13,10.13
19.35,5.0
19.39,6.16
22.04,1.91
12.39,2.09
24.86,7.08
24.62,13.14
22.92,5.98
7.97,2.74
6.87,2.08
20.92,4.12
25.12,9.92
25.14,9.78
20.93,10.1
20.62,8.66
18.23,5.26
16.67,5.57
13.01,5.47
25.14,7.46
26.69,12.93
26.88,13.94
23.14,15.63
22.0,14.49
16.47,10.08
21.89,7.78
24.74,9.64
26.15,11.69
28.3,14.14
23.56,11.34
14.53,6.77
18.52,7.28
11.57,7.85
14.29,5.37
20.62,7.27
21.52,9.16
25.82,12.03
29.86,16.05
30.52,18.97
24.27,13.42
22.01,9.03
20.38,9.95
25.66,17.7
29.38,18.32
31.31,18.79
30.39,20.2
29.75,16.75
29.08,18.86
30.34,21.62
26.65,17.28
24.85,16.77
25.99,14.43
27.38,16.57
26.42,8.76
24.33,11.24
26.98,15.76
29.92,17.78
28.4,18.86
25.55,18.77
24.46,19.13
25.93,19.47
23.78,9.82
24.26,10.75
24.7,13.35
20.4,7.74
24.05,11.81
25.3,17.26
26.62,18.33
27.04,19.09
26.65,18.98
28.22,19.53
23.35,14.94
25.77,16.2
24.91,16.97
28.84,18.37
25.14,16.85
28.56,17.56
31.35,19.14
30.94,18.73
31.89,19.83
32.38,21.32
32.82,18.76
31.6,20.04
32.97,20.39
30.34,19.81
31.43,20.5
32.54,21.57
30.64,21.27
31.57,20.22
29.95,18.28
31.99,19.56
33.0,21.56
31.55,17.73
29.71,14.88
31.92,17.38
32.36,20.75
31.1,22.13
30.66,22.14
31.02,21.6
33.09,23.35
33.09,22.69
33.54,22.88
32.91,21.65
25.92,14.85
26.67,13.75
26.61,13.26
27.83,14.78
29.35,15.8
30.63,17.96
31.17,19.11
30.9,19.59
29.78,18.13
28.81,16.38
30.2,17.53
30.05,16.31
30.39,15.39
31.09,16.22
32.03,17.25
30.71,18.5
29.86,17.29
31.27,18.29
30.76,15.31
29.26,14.63
30.42,17.42
28.92,20.72
30.36,19.43
31.69,16.45
29.11,15.84
30.51,17.72
30.38,19.8
33.41,19.51
33.83,20.29
32.46,18.59
30.71,19.68
26.86,18.83
24.03,12.65
25.63,13.4
27.74,14.92
21.84,20.25
26.58,14.9
26.34,12.06
28.29,14.04
29.91,19.09
25.42,17.58
30.03,17.99
28.32,15.51
30.29,17.39
29.09,13.71
25.67,12.58
28.66,14.06
24.1,12.2
25.5,14.42
30.46,16.16
34.63,18.38
32.94,19.08
33.06,19.85
33.25,15.81
27.86,13.29
30.97,15.49
32.27,17.25
29.39,14.9
30.46,15.48
30.99,16.06
30.7,17.94
31.23,16.17
31.32,17.57
27.99,9.61
26.09,10.16
29.7,13.24
26.01,9.8
32.52,12.51
32.53,18.52
33.19,18.2
34.08,16.93
33.89,17.68
33.77,17.52
32.2,10.69
22.31,8.16
27.2,8.77
23.01,12.31
19.68,5.42
22.72,6.05
23.0,7.31
27.18,11.73
22.2,1.17
13.8,0.44
20.46,1.75
20.59,2.67
23.73,4.66
10.53,1.38
15.49,1.0
17.74,1.44
22.3,3.76
24.02,9.68
22.0,9.85
16.65,2.47
18.86,2.51
19.89,7.35
14.95,8.91
18.5,10.04
18.37,3.52
19.74,4.43
15.94,9.24
13.56,9.55
10.06,-2.56
8.56,-2.77
11.17,-2.23
12.25,-1.59
15.88,2.71
11.11,-1.41
12.57,-0.67
6.56,-6.58
2.49,-6.75
8.81,-2.45
17.83,3.84
12.56,-9.64
-5.06,-12.9
0.04,-11.53
6.32,-5.55
6.39,-5.45
8.14,-4.07
8.66,-3.58
5.73,-0.64
7.15,-0.95
8.36,3.5
12.72,4.4
7.49,-1.37
3.95,-0.32
9.97,0.2
14.89,2.22
15.12,5.45
13.78,1.34
3.72,1.24
6.47,2.38
14.1,3.16
9.85,0.74
2.52,-0.56
4.36,-0.53
10.35,-2.17
11.66,-2.55
9.78,-4.09
7.69,-4.4
13.77,-1.18
13.83,-2.19
-1.28,-7.66
3.6,-7.27
7.26,-4.93
8.08,1.33
6.42,-1.11
1.72,-1.63
1.34,-0.97
2.46,-5.77
-0.82,-9.52
4.23,-8.42
7.9,-5.14
11.36,-3.42
12.58,-3.11
15.56,-1.73
16.16,-1.53
18.73,-0.75
17.47,8.75
15.22,6.63
16.09,7.09
16.5,4.81
5.56,1.19
2.75,-0.1
9.26,-0.52
10.68,6.15
10.76,3.4
3.98,-2.08
9.28,-2.48
8.79,-2.31
9.11,-1.85
5.35,-2.35
14.22,-1.86
17.54,10.16
18.42,2.1
5.55,1.15
7.87,1.71
10.67,-0.27
13.59,0.87
5.1,-5.05
3.41,-4.63
11.02,-8.09
-7.08,-10.16
-3.14,-8.74
0.15,-8.74
3.84,-8.0
8.8,0.34
7.72,1.19
1.84,-0.64
7.14,-2.71
3.57,-2.36
1.77,0.04
2.62,-0.24
4.29,-0.07
3.8,0.1
6.01,-0.12
17.59,1.35
20.54,4.78
14.32,0.17
3.03,-0.31
0.58,-2.88
1.42,-2.97
2.28,-4.47
10.6,-3.29
7.09,0.41
5.45,-1.41
2.63,-0.81
2.85,-12.21
-4.22,-12.82
7.57,-9.72
10.51,-1.52
12.15,0.24
10.57,-3.46
6.71,-3.73
1.64,-9.25
3.34,-9.12
9.73,-6.01
13.43,1.52
7.24,4.71
8.1,2.11
3.31,-3.64
2.5,-3.96
3.02,-6.63
4.03,-6.61
17.47,-2.39
12.58,8.53
14.67,0.71
16.34,-0.65
15.61,-0.15
2.91,-4.76
10.29,-4.69
18.4,0.19
17.82,9.35
13.85,5.59
11.36,3.69
16.68,4.02
11.47,2.24
6.05,1.05
7.34,1.17
8.93,3.57
12.44,3.58
15.92,5.24
20.33,12.12
21.76,0.27
3.54,-1.45
6.29,-1.14
12.05,2.76
11.79,3.2
17.13,3.81
21.13,6.97
24.68,12.81
26.16,16.35
18.87,7.65
16.6,5.24
8.53,4.1
12.14,0.2
16.75,1.93
21.28,6.43
21.23,7.26
15.76,7.2
21.7,8.75
26.16,13.81
27.38,7.05
12.94,0.1
11.12,0.65
17.16,5.46
16.64,8.43
9.39,0.49
8.83,-2.87
11.02,-3.93
10.27,-0.38
11.17,0.75
12.89,1.14
14.56,2.93
19.0,4.96
14.72,0.21
21.98,3.75
13.39,9.94
19.72,7.6
18.99,6.64
16.01,1.98
19.51,5.17
24.23,13.31
18.13,6.89
10.09,5.75
20.38,6.59
27.84,13.28
22.79,6.52
21.61,7.86
9.22,4.48
15.72,3.18
19.64,7.3
12.81,-2.13
13.58,0.41
18.41,3.02
10.8,1.86
15.92,4.74
13.76,8.5
27.61,13.57
24.16,16.05
27.07,17.31
25.44,15.78
19.87,14.16
19.21,11.85
14.7,11.45
18.39,12.48
25.19,13.97
28.41,17.05
30.14,17.52
30.8,17.69
29.75,19.07
25.67,18.42
27.4,17.43
24.69,13.01
23.13,10.79
22.48,7.92
25.24,12.63
30.94,18.17
31.4,20.32
29.21,17.79
30.42,18.36
32.71,16.08
29.38,16.03
30.55,18.72
28.81,22.94
31.2,14.93
27.27,13.01
29.52,12.76
27.0,12.95
24.07,11.03
25.3,13.05
27.3,13.93
28.46,14.49
28.79,16.22
31.45,17.5
32.47,18.23
28.67,19.06
30.11,19.57
26.27,16.45
27.28,14.39
28.99,16.81
31.09,21.22
25.98,20.0
27.48,21.05
30.76,20.25
29.35,20.26
31.6,20.05
32.0,18.66
32.49,19.72
33.8,20.15
33.74,20.67
32.87,20.51
33.35,21.09
32.67,20.66
33.38,21.24
30.11,18.7
31.73,17.13
28.37,16.26
28.42,15.86
30.74,16.88
31.81,20.33
27.24,17.99
30.73,19.88
32.8,22.69
33.42,21.47
31.86,21.18
32.29,20.43
29.43,21.05
29.66,18.78
30.59,17.75
31.29,19.14
33.11,21.66
32.07,20.84
30.43,18.18
31.36,20.17
23.64,19.85
25.75,19.56
27.2,17.09
26.76,17.05
27.33,16.76
25.03,12.26
24.47,13.48
26.09,14.16
26.91,13.21
28.67,15.37
30.58,18.18
29.52,19.25
29.01,19.58
28.56,20.06
29.99,20.47
27.54,18.94
30.18,18.58
28.24,16.15
29.69,17.23
25.15,13.87
25.63,12.94
26.74,13.87
27.68,16.7
27.55,18.07
29.0,18.65
30.9,19.76
32.08,20.13
31.13,21.32
28.53,22.33
28.55,20.68
29.28,14.05
26.28,15.85
26.34,17.8
27.38,19.93
27.45,20.14
28.77,15.57
26.02,9.59
27.02,11.21
27.08,15.26
29.49,17.01
30.45,16.3
30.62,16.73
30.02,18.17
22.87,17.33
28.46,17.63
27.35,14.16
25.99,11.47
22.87,8.94
25.9,9.36
27.06,10.84
20.0,6.02
20.35,4.76
22.87,5.71
23.7,6.7
23.79,8.26
22.4,9.8
24.37,10.66
26.09,11.74
24.59,13.68
26.12,13.94
18.84,6.57
17.75,6.64
24.68,5.09
20.14,2.18
17.1,3.5
18.45,6.47
16.46,-0.2
17.53,1.02
22.77,4.76
28.99,6.76
26.14,7.34
27.68,9.35
23.39,16.05
26.1,15.91
24.9,4.44
21.1,4.44
25.74,6.2
17.11,-0.45
14.68,-1.34
17.16,0.05
16.31,8.98
12.99,7.89
17.05,8.58
21.23,11.83
27.32,12.86
25.39,6.57
12.72,5.69
10.79,5.98
9.53,6.85
10.98,6.88
12.17,8.39
11.33,3.77
10.2,-1.05
14.95,0.33
10.97,-3.15
9.99,-2.55
18.36,0.5
22.05,5.5
19.74,4.03
21.43,3.54
23.39,3.88
26.66,9.54
26.1,11.08
25.35,11.61
13.16,-0.14
13.15,-0.2
13.45,-1.97
17.08,-0.06
13.91,1.71
13.53,1.38
6.96,-2.07
10.08,-2.03
18.64,6.15
17.6,8.71
10.57,6.49
9.83,1.3
9.58,1.75
11.18,4.31
15.15,7.79
10.6,7.28
12.85,-0.52
9.66,-2.5
11.73,-2.24
2.85,-2.12
1.34,-6.02
6.82,-5.8
6.93,-3.59
7.2,-2.35
7.35,-3.76
3.89,-3.52
1.37,-1.33
2.84,-0.77
13.8,-1.35
16.52,-1.24
18.02,4.84
16.25,3.8
5.84,1.92
2.29,-6.2
2.33,-5.82
1.48,-1.5
0.44,-5.44
3.56,-5.68
5.76,0.36
6.98,0.55
9.56,0.45
8.0,-0.69
13.49,-1.33
-1.43,-10.85
-7.87,-11.56
3.79,-9.8
12.12,-1.39
3.19,-3.06
5.91,-3.51
11.47,-2.21
0.67,-2.32
10.82,0.39
4.01,1.27
2.7,-2.66
8.04,-2.33
2.05,-0.21
3.06,-0.94
3.85,-0.6
0.71,-1.97
0.31,-6.69
0.21,-6.59
-1.39,-4.42
3.26,-4.15
8.4,-2.08
9.4,-0.19
6.27,-1.35
1.66,-1.27
1.39,-1.66
2.88,-1.8
7.3,-2.56
3.59,-2.95
10.64,-1.71
3.23,-9.43
2.06,-9.46
1.5,-1.21
4.05,-0.35
7.53,-0.57
0.9,-8.41
-0.55,-10.71
1.58,-10.56
3.89,-3.39
6.1,-2.18
-0.49,-5.69
1.11,-6.0
3.26,-5.04
4.31,-3.59
3.73,-5.37
2.71,-10.47
-4.23,-11.74
1.95,-8.35
-0.24,-5.52
-3.27,-7.11
-2.57,-7.21
-1.42,-6.36
-2.13,-9.29
-3.21,-9.8
-6.49,-11.62
-6.58,-16.47
-3.73,-15.18
-0.94,-11.63
-1.61,-14.19
0.95,-11.08
8.3,-8.0
5.01,1.27
13.36,0.7
17.26,-1.95
8.89,-1.89
7.7,0.01
13.01,6.39
17.0,2.11
8.52,-4.57
7.57,-4.56
17.32,-1.95
12.01,-3.72
8.82,-4.42
9.41,-3.78
11.39,-3.35
18.55,-1.28
19.63,1.19
21.22,9.18
18.64,7.02
15.99,4.79
13.0,-0.06
10.41,1.14
5.67,1.11
15.45,2.95
17.34,5.57
16.78,-0.1
11.22,-1.95
16.3,-1.91
19.47,1.19
19.87,4.4
19.72,9.1
22.59,6.79
18.01,7.94
14.54,4.3
23.42,5.86
11.68,-1.5
15.35,-0.22
23.28,5.47
11.68,-1.69
5.18,-5.44
9.32,-3.99
18.06,0.31
23.79,5.56
24.9,7.41
25.73,9.51
27.14,12.47
21.3,10.76
26.9,11.35
18.56,9.01
11.71,7.89
20.32,8.01
19.14,9.05
16.79,2.92
13.98,0.54
16.96,2.22
14.07,1.68
17.72,2.94
20.0,2.66
18.11,-1.25
8.61,-1.27
12.86,0.08
16.22,3.44
11.91,6.51
17.72,3.23
24.21,6.7
27.76,16.67
26.26,17.03
20.81,9.67
22.17,2.26
22.88,4.71
24.82,13.69
22.89,15.49
21.59,8.69
17.16,3.36
17.95,3.94
17.98,2.13
15.63,4.7
17.27,2.3
16.82,4.34
16.49,4.06
17.53,3.24
19.65,4.16
21.54,5.03
22.62,10.16
21.45,12.79
22.28,14.42
25.82,15.28
27.21,15.83
28.87,15.26
28.82,13.48
29.75,14.81
30.31,15.89
31.04,16.2
31.07,18.11
25.61,17.41
27.58,17.73
22.73,7.95
14.4,4.57
19.9,6.42
23.48,10.69
23.77,14.48
18.82,15.95
22.43,13.93
29.42,14.83
29.43,16.76
27.78,19.31
27.68,20.19
25.15,20.66
25.52,20.62
27.54,20.19
30.55,19.19
33.15,19.84
31.64,15.04
31.38,13.67
27.51,13.3
27.29,13.35
29.76,15.62
32.53,18.78
28.46,18.03
30.88,21.63
27.66,12.52
22.43,10.62
25.37,13.05
28.16,18.56
27.68,21.99
30.15,21.59
31.65,21.0
32.56,21.08
34.15,21.2
28.99,20.49
25.77,14.61
24.79,13.21
26.08,14.7
30.02,18.37
31.49,19.68
31.93,19.27
30.8,20.87
28.28,16.86
24.67,16.42
26.56,17.91
26.06,20.16
28.09,20.93
27.42,18.75
29.18,19.91
31.09,20.58
28.74,20.46
27.3,19.16
27.62,17.23
28.36,17.36
29.03,17.63
27.77,17.21
28.0,16.78
29.2,17.57
30.46,19.1
30.94,21.24
31.89,17.46
31.26,18.1
31.07,19.79
31.29,20.33
27.91,17.07
22.81,14.27
27.31,12.56
26.32,13.56
27.45,13.69
28.11,14.85
29.35,16.21
28.83,17.95
30.57,18.78
31.2,19.78
26.41,21.5
32.78,23.09
32.73,23.95
33.9,21.06
30.8,20.66
28.53,19.04
24.41,18.48
27.92,19.54
29.3,19.42
30.97,20.48
30.13,19.28
31.22,19.28
31.44,19.18
32.83,19.82
33.36,20.45
33.78,21.32
31.26,20.18
33.85,20.49
33.42,20.44
33.13,21.2
32.71,21.35
26.55,20.0
26.13,18.67
26.64,13.35
26.23,13.31
26.21,14.38
26.36,17.8
26.41,12.88
28.74,13.48
28.95,16.76
27.44,12.35
25.49,11.87
26.23,12.4
27.73,15.49
29.41,17.99
30.14,18.36
30.56,19.58
25.15,15.04
28.34,15.83
30.88,17.41
31.8,18.33
29.74,18.91
23.2,18.58
24.43,13.86
15.38,9.41
19.58,7.02
23.22,8.06
21.48,7.5
24.18,8.43
28.87,14.41
29.26,15.39
29.55,15.12
27.96,13.28
26.87,13.36
24.84,15.44
24.13,16.31
23.15,15.05
25.78,15.87
24.7,16.9
24.6,15.99
26.17,14.41
28.47,14.42
28.76,18.08
27.52,17.78
20.75,11.67
24.65,12.35
28.05,18.72
24.63,9.7
17.09,4.87
20.18,4.65
21.74,5.1
21.79,5.98
22.89,7.27
21.28,9.71
12.92,7.17
16.23,7.18
24.0,12.57
16.78,8.47
14.43,1.86
15.5,1.89
12.58,8.47
16.35,10.5
13.71,9.2
17.36,2.84
12.68,2.19
9.79,-2.42
9.81,-2.44
10.86,-2.51
12.08,-2.33
14.67,-1.42
17.55,-0.74
21.16,2.02
17.81,3.52
21.06,6.46
17.08,3.01
10.68,1.59
4.64,0.48
5.79,-2.62
5.41,-2.14
16.93,-0.06
19.47,4.28
8.74,-3.76
5.86,-4.2
12.61,-1.19
8.25,-1.25
4.88,-6.37
5.96,-6.42
13.2,-0.56
9.05,-4.0
1.66,-4.43
9.98,-0.12
8.45,-5.52
7.49,-5.98
13.32,-0.19
11.84,3.58
18.77,2.07
17.87,1.85
13.22,0.95
17.39,2.5
7.05,-5.34
-1.44,-5.18
5.81,-5.14
15.13,-1.2
19.11,9.61
17.2,-2.45
9.34,-2.9
12.33,-1.74
14.44,-1.02
18.48,11.71
16.62,-0.47
8.69,-0.47
12.27,-1.67
1.87,-5.27
6.73,-5.26
7.5,-4.65
3.15,-5.3
11.68,-3.69
17.69,9.34
20.79,7.87
15.74,6.72
20.86,5.99
13.02,4.58
10.09,5.82
9.52,5.86
17.79,8.63
14.47,3.2
2.65,-5.07
1.32,-6.52
6.31,-6.05
6.53,-8.51
-6.59,-12.88
-6.65,-13.25
6.39,-10.73
6.5,-8.43
0.81,-10.2
1.85,-10.04
10.44,-0.9
8.41,-1.45
2.38,-2.66
0.71,-6.15
1.35,-6.29
-1.7,-4.64
6.63,-4.92
9.92,-6.9
-3.4,-8.58
-2.77,-12.92
0.51,-12.82
3.09,-7.22
5.67,-7.12
-1.28,-14.36
-4.18,-14.87
2.33,-9.32
-0.64,-16.09
-2.71,-16.23
5.46,-7.15
5.49,-6.11
16.37,-0.05
8.24,-1.25
-0.51,-6.88
-3.9,-11.35
-4.51,-12.24
3.75,-9.78
2.48,-9.09
9.18,-7.79
11.52,-1.24
7.18,-2.22
13.21,-1.78
-1.28,-7.8
-1.2,-9.04
1.07,-9.14
13.28,-7.06
17.33,8.19
13.45,-4.99
1.99,-5.77
1.11,-6.1
15.42,-4.16
18.17,4.4
16.68,-1.96
-1.06,-2.77
2.89,-1.64
0.28,-3.65
3.66,-5.3
9.95,-5.16
11.75,-3.6
19.37,2.23
21.06,2.21
9.05,-0.95
13.92,-0.98
23.79,7.35
21.45,11.21
15.47,0.44
4.9,0.32
10.29,-0.89
11.79,-0.74
8.39,-8.42
-1.89,-8.7
11.61,-3.39
18.34,2.82
20.1,2.98
21.95,3.02
22.64,5.01
17.83,8.18
9.08,2.19
17.78,1.83
21.77,3.63
19.54,9.42
19.94,6.47
11.71,4.58
7.66,2.79
5.94,-2.47
6.88,-5.48
7.02,-4.83
9.24,0.68
26.56,7.78
8.43,1.11
6.97,-2.85
13.14,-1.57
15.99,1.22
16.05,5.76
14.12,6.38
14.01,5.79
12.02,2.35
9.09,1.19
7.79,-1.73
18.5,-0.28
18.22,10.73
22.44,11.22
21.42,4.02
16.77,3.85
21.66,7.68
17.88,1.79
11.07,2.01
7.6,0.86
12.02,1.51
19.77,6.77
18.92,7.84
26.52,10.54
29.24,15.88
28.42,17.89
19.83,3.41
15.2,2.18
19.25,3.96
19.49,7.68
22.73,12.01
26.51,13.69
23.18,6.57
22.61,9.5
26.14,10.51
15.58,10.49
17.19,12.5
22.47,9.84
17.26,8.05
21.84,9.76
26.31,12.76
29.21,17.3
30.79,12.95
30.21,14.75
29.49,15.11
29.51,13.9
30.2,13.09
25.59,10.99
28.25,13.28
22.65,14.59
27.93,15.84
30.82,20.23
29.41,17.22
20.35,11.05
18.73,10.21
24.04,12.08
29.07,18.21
22.79,14.36
20.5,11.06
22.8,12.04
27.77,14.57
30.92,17.9
31.15,18.73
30.97,19.04
24.35,12.62
26.97,11.72
28.38,12.59
28.59,15.35
27.67,18.21
27.43,16.27
28.74,14.05
25.62,14.27
22.06,14.37
26.1,15.23
29.6,19.63
33.75,23.75
34.42,23.45
34.08,23.78
33.38,24.23
30.3,15.59
26.34,11.56
26.46,12.38
30.73,13.63
33.61,17.91
34.56,16.68
30.21,15.12
31.0,15.82
31.02,17.99
28.95,15.0
26.65,10.94
26.01,10.25
29.58,13.97
33.02,19.93
33.05,21.12
30.59,19.42
30.62,17.92
32.84,20.9
35.94,23.97
34.84,22.74
27.69,21.6
25.81,20.4
26.05,16.09
29.61,16.86
30.67,19.53
30.56,17.14
30.29,18.18
29.57,16.29
29.06,19.96
31.61,21.41
25.06,20.85
28.81,19.77
30.97,21.2
33.41,20.21
31.52,19.55
33.03,20.91
31.47,22.78
32.08,22.09
27.23,19.75
25.75,19.08
28.75,21.09
30.55,20.69
27.21,15.54
27.31,17.24
26.59,18.84
29.73,19.87
27.96,19.19
32.68,20.94
28.77,20.97
28.3,21.36
31.05,20.76
31.84,21.09
32.13,21.97
30.18,21.31
27.86,16.6
29.08,15.61
25.63,13.42
27.27,15.6
26.59,18.48
26.78,15.74
27.78,15.53
27.78,15.34
29.18,15.35
30.07,16.82
29.5,18.52
27.08,17.57
26.97,15.84
28.16,14.36
29.28,14.76
29.81,16.15
30.01,18.03
30.26,18.9
32.92,20.9
32.1,20.25
29.27,14.14
27.76,13.5
29.62,15.29
30.23,17.85
25.23,18.7
26.9,19.43
27.86,19.99
26.11,15.95
26.68,13.61
26.16,13.32
29.03,15.56
28.75,18.3
25.83,13.65
22.41,12.17
21.45,12.57
26.77,13.09
28.16,13.06
28.44,13.9
28.85,14.26
29.29,15.73
28.75,15.98
31.49,16.69
34.59,16.69
21.98,6.33
19.95,7.8
25.51,12.31
24.01,10.45
21.1,5.48
19.73,3.55
16.64,4.36
20.05,5.44
21.71,6.37
23.5,6.84
22.06,6.74
21.61,3.37
22.35,3.28
24.63,5.07
24.44,8.42
16.77,0.41
14.95,-0.16
18.22,1.47
23.09,5.46
24.07,7.51
24.22,6.23
18.28,1.41
20.09,2.34
17.84,3.07
22.08,4.44
10.1,1.06
6.95,-0.24
12.38,-2.09
15.14,-0.73
22.59,5.2
25.25,10.48
25.4,9.66
25.37,10.44
22.95,7.84
12.26,0.26
14.83,1.25
19.55,3.31
21.0,4.44
16.12,9.49
17.6,12.18
19.83,7.61
17.85,6.44
22.88,6.38
24.51,11.47
21.69,7.78
21.89,5.7
19.65,6.56
17.67,5.27
23.48,5.35
22.47,8.14
17.27,-0.54
0.21,-2.06
3.43,-1.91
6.71,-1.72
5.42,1.46
3.5,-1.89
0.36,-3.29
1.61,-7.87
2.34,-8.11
1.9,-8.05
9.5,-5.09
13.88,-3.92
15.36,-2.98
17.13,-1.52
12.89,-3.19
12.85,-3.37
12.81,5.29
8.01,4.79
16.24,0.61
3.56,-6.23
4.37,-6.61
13.75,1.72
11.92,-6.14
5.53,-6.48
7.73,-3.45
11.59,6.1
10.54,5.3
7.66,4.89
9.21,5.13
8.34,4.7
8.02,1.91
7.63,-0.49
8.41,-0.46
12.45,5.13
7.31,1.14
4.62,-0.82
1.07,-4.19
1.31,-7.43
1.16,-7.32
7.49,-5.63
6.75,-5.31
6.8,-21.87
-16.14,-22.25
-8.52,-16.61
-6.51,-14.06
-2.86,-8.93
-0.16,-4.88
9.9,-3.61
14.26,8.8
16.34,8.84
