20170101
7.68,-0.58
12.89,6.34
13.17,-3.07
-1.25,-6.6
-5.38,-13.6
-9.3,-15.43
-8.62,-16.21
-5.22,-14.95
4.72,-6.23
12.84,-1.16
17.75,0.89
18.57,-0.62
1.94,-0.56
3.02,0.63
3.91,0.66
14.95,3.73
15.41,3.07
5.04,1.9
10.86,2.81
15.46,7.68
18.22,6.28
16.0,7.07
9.48,3.78
7.34,1.88
15.02,1.79
2.54,-0.71
1.97,-3.61
1.63,-3.49
0.07,-6.39
7.33,-7.58
8.25,3.33
6.72,-1.84
2.29,-5.2
-0.63,-10.9
4.86,-11.01
11.18,-1.87
16.08,-0.76
15.99,2.88
5.87,-4.06
-2.17,-8.69
12.3,-4.23
18.39,8.75
16.45,-2.49
9.38,-2.5
11.5,1.83
7.21,-1.74
9.44,-0.18
19.9,4.04
16.93,6.16
15.56,1.77
20.1,3.33
18.9,9.37
20.58,12.31
20.48,13.54
24.99,2.56
2.26,-5.88
8.52,-5.26
10.99,5.08
18.23,8.39
15.82,0.84
7.36,-1.59
4.07,-2.59
10.6,-1.1
19.36,0.06
17.25,9.39
13.62,5.14
16.17,2.12
21.59,1.17
6.79,-3.55
2.72,-5.73
4.05,-4.93
3.49,-4.06
0.45,-6.83
1.82,-7.68
6.57,-6.06
9.37,1.11
6.64,-1.36
10.48,0.17
17.67,4.89
17.04,-0.35
6.85,-1.55
15.7,-0.69
24.18,13.19
25.18,13.37
19.09,6.73
20.69,7.89
16.04,9.04
16.94,8.36
24.74,11.14
13.22,4.92
9.58,2.54
18.91,4.93
21.03,12.64
20.08,8.72
24.81,5.72
8.59,1.7
13.37,-0.24
18.43,4.55
25.39,10.03
26.29,15.1
19.11,6.01
21.07,7.44
26.24,9.32
28.26,12.77
27.82,16.87
26.78,13.7
21.75,11.05
25.27,14.33
27.48,16.81
27.44,10.74
16.12,7.73
12.71,5.77
18.43,6.94
23.76,10.19
24.08,12.67
28.53,15.6
18.39,7.44
22.07,10.16
27.16,16.28
26.53,13.09
17.79,7.98
19.51,4.62
13.83,7.8
15.16,7.65
9.63,4.53
16.78,3.85
17.8,0.7
18.77,5.9
20.63,11.44
29.07,14.15
21.33,11.91
18.63,6.92
23.52,10.77
27.91,12.96
28.35,14.27
29.42,17.71
28.53,20.68
28.52,18.1
28.31,16.24
28.4,16.4
25.19,8.83
21.73,9.61
23.92,13.74
18.33,13.2
18.05,10.28
26.33,15.14
28.49,16.88
23.48,15.36
27.91,13.37
27.12,12.48
27.32,10.64
26.91,10.12
28.94,12.35
30.95,14.34
30.78,19.21
29.82,15.38
25.12,11.73
20.07,10.21
24.2,10.61
28.1,14.59
29.57,15.99
31.03,18.75
32.88,21.43
30.46,19.09
30.4,19.09
28.19,18.8
30.82,18.56
31.26,21.35
28.54,16.76
27.44,14.92
29.32,17.63
32.12,20.76
27.77,20.92
25.66,16.69
25.79,11.53
26.12,11.3
24.14,10.52
23.87,11.08
27.48,16.83
31.14,20.99
29.35,20.14
29.1,16.8
30.17,16.64
30.99,19.62
29.7,19.27
29.04,20.77
25.96,18.22
30.82,16.62
27.87,14.03
28.93,17.92
29.97,22.2
26.95,19.8
32.11,22.32
31.05,21.79
29.57,15.3
28.2,16.14
29.88,17.58
30.97,19.97
31.73,17.9
31.22,20.06
32.59,22.27
33.79,23.2
33.31,21.1
29.61,19.58
29.68,16.61
27.76,16.15
30.44,18.67
29.27,22.62
28.15,15.76
26.05,12.89
28.24,15.51
29.95,18.24
28.72,17.57
29.32,16.97
29.86,19.44
24.28,10.95
25.17,13.9
22.22,16.87
24.59,14.34
26.8,11.11
27.46,14.19
28.74,15.77
27.41,17.38
27.17,13.52
28.05,16.3
27.48,17.67
30.65,18.38
31.88,21.21
30.93,20.83
29.12,18.05
31.3,18.18
31.92,19.07
31.84,21.1
29.04,14.92
26.53,10.88
26.01,11.68
25.47,11.12
25.88,12.03
27.94,14.15
26.17,16.51
26.37,14.35
27.75,15.67
27.56,14.69
15.71,12.01
20.13,11.99
27.19,12.96
30.14,15.39
22.92,8.52
19.65,7.55
20.72,7.65
24.59,9.36
23.21,8.1
22.97,8.1
22.32,8.79
20.9,14.14
18.01,15.59
22.51,12.32
27.2,12.72
28.72,14.66
29.65,16.39
27.94,18.84
26.37,17.4
30.0,17.99
32.03,18.71
32.08,17.27
31.93,16.29
32.31,14.79
31.48,14.95
31.73,16.71
29.82,11.89
23.09,7.72
25.01,7.3
22.52,5.88
23.35,7.32
26.22,11.09
28.32,13.72
26.81,16.64
23.89,16.19
26.98,17.24
28.05,14.23
20.19,15.06
22.72,15.93
22.61,16.72
19.31,13.99
18.02,11.44
23.07,10.91
28.13,13.36
23.66,7.25
17.07,3.15
19.96,3.66
21.04,4.58
23.52,6.99
25.02,7.3
24.26,10.23
25.22,13.79
17.32,7.89
11.71,5.57
10.99,0.35
17.08,0.43
15.16,2.07
4.26,1.32
3.6,-1.11
9.02,-0.22
7.83,-0.06
15.63,2.78
20.1,13.85
16.01,7.39
18.82,9.34
24.0,9.8
12.62,6.85
8.87,4.8
11.49,-0.3
13.37,-1.4
3.11,-3.79
6.58,-3.4
9.46,2.43
7.31,2.13
11.32,1.63
10.04,0.98
4.06,-0.67
15.41,1.0
18.08,2.82
3.81,-3.52
9.52,-3.32
13.45,-2.15
5.11,-4.04
8.21,-2.6
13.82,-1.4
15.27,-1.61
12.17,-2.17
17.32,0.22
17.48,4.58
14.69,2.91
12.27,-2.23
12.13,-2.29
13.22,-1.5
15.05,-1.37
18.23,4.16
9.8,-2.24
7.17,-2.19
0.03,-7.75
0.11,-8.5
-0.25,-6.41
3.18,-6.38
8.94,-4.39
0.02,-7.65
7.75,-5.72
0.35,-6.35
1.18,-4.9
10.42,-0.49
7.13,2.82
7.97,4.65
10.26,2.35
9.79,-1.22
12.96,-1.21
12.32,3.45
3.69,-0.6
1.6,-5.74
-1.76,-7.2
-4.43,-15.82
-8.6,-16.1
-4.93,-12.06
-3.0,-6.41
-5.52,-14.32
-8.89,-18.92
-12.03,-21.86
-7.92,-21.84
-3.72,-17.11
-7.31,-18.21
-8.36,-20.03
-6.65,-20.17
3.24,-10.33
3.31,-0.1
5.53,-0.38
14.8,4.11
15.09,-1.27
-0.68,-10.26
-5.22,-15.96
-5.44,-16.12
-2.09,-15.94
-11.87,-17.62
-6.03,-14.13
0.32,-12.29
4.89,-7.11
9.58,0.39
12.77,6.23
13.5,2.27
3.77,-0.92
0.36,-5.99
8.21,-5.43
14.14,0.05
10.33,-2.33
11.53,-3.13
1.77,-5.04
0.97,-5.64
11.98,-0.64
6.95,-10.73
-4.02,-11.59
4.46,-6.38
3.79,-9.47
-1.87,-9.64
0.74,-3.23
-0.64,-8.21
0.17,-7.87
10.66,-1.32
6.17,-0.31
2.04,-5.89
4.78,-6.25
7.3,-4.3
15.25,5.83
20.24,9.41
8.09,-1.56
2.75,-1.29
12.84,-1.5
23.29,12.74
25.48,12.45
12.72,3.73
11.22,4.01
16.54,8.24
15.28,7.15
8.85,-0.62
13.23,-0.66
16.42,0.49
13.25,10.01
14.3,0.2
9.39,-2.67
10.42,-1.99
11.24,-0.74
9.64,0.09
14.09,-0.4
3.87,-1.88
0.22,-4.35
6.92,-3.69
10.62,-0.69
7.55,-1.63
5.7,-3.79
5.12,-5.24
5.26,-4.61
14.92,-2.62
8.78,-1.82
7.99,-1.21
14.94,-0.13
16.92,0.09
2.54,-1.74
4.09,-4.49
8.05,-3.78
10.78,-1.47
2.27,-1.9
8.47,-1.34
15.42,3.91
13.72,10.63
14.78,10.85
15.15,5.68
9.12,0.09
16.05,1.69
9.73,-0.1
9.96,0.46
23.65,1.29
3.2,-3.31
10.96,-1.45
15.16,-2.17
6.13,-4.23
6.4,-1.59
6.48,-0.94
7.24,-1.69
18.22,0.57
26.53,13.74
26.61,16.38
20.3,11.6
11.86,0.92
2.24,-0.34
11.31,0.89
23.17,2.04
12.46,-0.51
16.43,1.97
18.66,6.15
19.8,9.25
14.85,9.9
13.34,10.86
19.31,5.09
20.37,4.54
21.6,7.09
14.23,0.28
17.01,1.34
22.88,5.08
27.39,13.64
28.61,18.62
25.96,17.88
26.38,14.48
18.61,11.78
26.78,10.43
23.11,7.9
25.69,9.79
28.43,15.83
28.55,14.52
30.2,17.95
29.41,17.19
30.97,17.83
32.28,20.43
31.64,18.95
25.83,16.47
27.84,17.64
24.08,18.24
25.56,16.9
30.76,17.99
29.83,18.63
29.54,15.03
27.37,13.83
28.21,13.04
30.62,18.24
29.85,18.32
31.87,19.12
32.44,20.27
30.86,21.39
27.22,20.53
28.56,19.54
28.76,17.87
30.6,19.79
27.02,12.44
24.86,11.51
28.31,14.1
26.08,14.66
30.71,18.1
31.77,17.91
32.57,17.64
26.58,18.09
25.79,18.66
27.7,19.78
28.89,14.41
28.97,15.2
31.13,18.37
33.79,20.6
34.33,21.61
33.45,22.23
32.84,21.23
31.02,21.74
26.6,19.09
24.6,18.24
25.29,18.02
28.13,20.28
23.55,19.9
26.08,19.6
28.52,18.54
30.81,19.91
32.08,19.77
32.87,22.33
32.43,22.16
32.12,21.66
30.59,21.83
34.48,22.58
34.16,21.57
28.2,13.49
27.66,15.35
31.41,18.0
32.59,19.5
32.76,20.76
29.82,15.49
29.59,15.48
31.86,17.34
33.08,20.37
28.57,21.05
29.61,20.26
30.4,14.75
29.83,15.35
30.3,18.48
28.07,18.02
24.88,19.02
26.81,16.79
25.85,16.53
28.12,16.73
30.08,17.11
29.66,16.67
26.82,13.95
27.09,14.74
27.69,17.98
25.35,18.95
25.28,17.67
26.72,16.51
29.13,16.73
30.42,19.58
31.77,19.07
32.56,19.93
31.98,19.92
29.95,20.71
29.66,17.95
29.53,18.11
30.36,19.79
30.21,16.76
29.84,16.71
29.6,15.95
30.56,18.25
25.79,19.25
26.93,20.76
27.7,19.88
29.15,17.98
29.88,19.38
28.3,20.23
27.04,17.07
24.94,11.1
26.12,12.51
24.8,14.19
27.99,20.54
32.04,21.73
32.04,21.62
32.27,21.04
30.98,19.52
28.74,17.33
30.73,19.13
29.58,19.34
31.96,20.92
32.99,21.05
33.28,20.39
32.4,21.05
30.55,20.32
28.46,19.22
19.67,14.86
16.23,13.76
19.07,13.51
21.78,14.41
24.12,15.18
30.23,16.85
31.43,17.88
31.58,19.76
28.94,20.62
29.58,18.34
32.68,18.41
33.03,19.32
33.37,20.88
31.27,15.57
17.0,14.1
23.52,14.28
21.33,17.49
25.32,20.23
21.86,11.74
15.69,7.24
22.7,9.27
22.73,10.32
27.06,11.85
29.41,15.01
30.01,19.53
30.57,19.94
27.31,18.23
31.2,18.72
31.37,17.94
31.54,18.47
31.26,19.8
30.88,19.31
25.04,12.4
16.51,2.12
12.61,3.04
12.33,4.24
13.3,7.58
12.82,1.62
12.0,1.69
16.64,-0.3
14.65,-0.18
14.82,0.99
16.94,-1.9
11.95,-1.44
18.98,1.51
17.66,0.73
14.49,1.4
13.5,3.79
9.63,6.5
11.62,3.97
18.25,3.16
16.38,2.61
20.46,5.16
18.63,8.94
11.18,5.1
8.2,0.25
13.75,0.36
16.33,6.79
16.06,10.06
15.71,3.36
12.56,-1.08
6.15,-0.43
6.67,-6.09
2.71,-6.93
7.03,-6.03
6.96,-0.1
2.44,-5.7
0.62,-5.82
1.26,-1.41
3.88,-0.92
7.54,1.15
11.32,0.95
5.71,2.22
3.55,-2.53
8.26,-3.16
9.91,-2.72
11.23,-1.24
12.87,0.45
15.0,0.39
2.2,-4.94
-3.82,-7.0
0.31,-7.68
5.97,-0.81
10.5,5.28
14.55,7.58
17.53,4.12
4.74,0.34
1.45,-1.99
-0.25,-3.63
5.37,-6.33
3.4,-7.11
-2.26,-5.95
4.59,-7.83
1.89,-9.55
7.44,-7.92
10.64,0.97
9.86,3.74
10.76,5.75
8.55,3.39
9.1,-0.39
9.46,-3.44
7.75,-3.83
12.24,-1.82
8.57,5.1
6.46,-0.35
4.68,-1.62
3.03,-2.89
7.08,-3.15
8.25,-4.32
9.18,-3.85
13.74,4.36
14.31,-0.01
2.27,-2.62
6.7,-2.92
16.97,4.73
5.6,3.06
5.06,0.56
4.52,-1.11
10.09,0.2
12.07,-0.38
12.05,-0.29
14.43,7.07
16.28,-1.46
-0.6,-6.25
-1.4,-6.95
0.81,-6.48
1.21,-1.68
0.33,-2.93
0.05,-7.66
1.02,-4.76
2.16,0.19
4.85,0.97
2.32,0.73
3.76,-10.44
-7.27,-17.36
-6.59,-17.38
7.21,-8.27
10.4,-3.93
-0.25,-11.82
-3.08,-11.99
2.21,-3.44
-0.35,-5.93
8.81,-9.55
-5.88,-16.92
-15.23,-20.96
-6.96,-19.25
1.08,-7.51
10.1,-2.77
18.13,2.62
13.72,4.33
12.7,4.21
14.89,10.2
17.41,-6.51
-2.32,-9.87
-0.26,-9.8
2.64,-3.76
10.05,1.83
11.89,-3.5
3.36,-3.58
13.35,1.57
2.41,-3.9
2.98,-4.47
0.58,-1.82
0.38,-5.65
2.22,-5.61
8.58,-1.13
7.7,-1.35
6.19,0.94
14.73,4.42
7.69,-4.83
4.66,-5.33
10.9,-2.74
15.31,-1.12
1.68,-0.66
3.74,-0.55
5.21,-0.03
0.36,-10.45
-5.99,-13.21
-3.55,-12.35
-0.55,-10.23
1.99,-3.85
3.12,-0.4
15.34,1.38
9.72,0.27
10.7,-2.23
10.33,-2.04
20.89,6.39
21.69,6.48
7.12,-0.63
8.74,-2.81
11.41,-3.34
8.98,-3.3
10.57,-2.02
13.51,1.79
7.73,1.66
10.69,-2.84
13.84,-2.02
15.5,5.66
9.26,-1.81
9.37,-2.18
15.5,-0.86
21.86,4.79
16.82,11.2
15.95,-1.26
3.48,-4.35
8.21,-2.66
14.61,0.07
16.56,3.54
21.66,9.15
15.2,9.66
20.32,10.52
20.42,13.0
22.54,10.15
21.19,5.59
21.56,8.11
26.76,10.71
19.22,5.23
19.46,6.59
23.18,2.09
11.79,2.2
24.54,7.21
24.08,13.48
23.03,6.55
8.34,2.38
6.34,2.28
20.28,4.39
24.55,10.24
25.04,10.09
21.54,10.46
20.63,9.75
17.94,5.15
16.65,6.39
12.44,5.73
25.12,7.82
26.64,13.06
26.69,13.81
23.4,15.74
22.2,14.88
16.83,10.78
21.38,7.77
24.49,9.93
25.77,12.32
28.11,14.39
23.55,12.23
15.05,7.01
18.77,7.43
11.55,8.28
13.37,5.03
20.16,7.03
21.04,8.66
25.21,12.73
29.58,15.71
30.05,19.57
23.83,14.11
22.12,8.8
21.1,10.02
25.19,18.1
28.78,18.28
30.96,18.21
30.12,20.03
29.62,16.5
28.56,19.07
30.03,21.76
26.05,17.35
24.09,16.88
25.73,13.97
27.09,16.62
26.25,8.28
23.71,11.43
26.8,16.0
29.68,17.39
28.11,18.93
25.0,18.76
23.71,19.15
25.91,19.4
23.61,9.2
23.66,10.77
24.2,13.7
19.74,7.38
23.68,12.53
25.31,17.41
26.36,18.31
27.08,18.74
26.32,18.52
28.33,19.33
23.01,15.24
25.57,16.43
24.25,16.53
28.75,18.36
24.78,16.91
28.28,17.55
31.16,19.11
30.78,18.41
31.77,19.71
32.12,21.33
32.43,18.43
31.35,20.04
32.69,20.17
29.68,20.04
31.04,20.65
32.22,21.26
30.22,20.79
31.3,20.06
29.78,18.06
31.5,19.67
32.5,21.4
31.03,17.72
29.36,14.31
31.47,17.39
31.92,20.57
31.09,22.01
30.62,22.04
30.41,21.03
32.53,23.11
32.63,22.14
33.18,22.35
32.37,21.59
25.99,14.86
26.05,13.27
26.15,13.07
27.36,14.52
28.82,15.83
30.4,17.72
30.94,18.85
30.6,19.41
29.63,18.02
28.47,16.31
30.13,17.81
29.72,16.2
30.07,14.82
30.74,15.89
31.61,17.01
30.3,18.28
29.53,16.85
30.87,18.29
30.14,14.96
28.61,14.16
30.14,17.88
28.49,20.7
30.21,18.85
31.24,15.89
28.87,15.38
30.25,17.52
30.47,19.8
33.1,19.57
33.43,20.48
32.04,18.14
30.57,19.62
26.72,18.42
23.39,12.24
25.36,13.38
27.65,15.4
21.44,19.95
26.11,14.45
25.92,11.48
27.88,14.12
29.71,19.26
25.44,17.63
30.1,18.01
28.13,15.34
29.99,17.89
29.03,13.56
25.43,12.14
28.49,14.13
23.77,11.7
25.54,14.16
30.28,16.4
34.54,18.72
32.84,18.62
33.0,19.7
33.18,15.94
27.42,13.0
31.03,15.85
32.28,17.23
29.37,14.6
30.61,15.54
30.8,16.41
30.15,17.75
31.05,15.79
31.15,17.83
28.02,9.04
25.86,10.13
29.76,13.03
25.97,9.73
32.25,13.26
32.8,18.75
33.42,17.99
33.78,17.4
33.64,17.65
33.67,17.23
32.2,11.33
22.07,8.37
26.87,9.41
23.08,12.25
19.24,5.3
22.39,6.06
23.03,8.42
26.87,12.46
22.34,1.26
13.51,0.24
20.11,1.54
20.24,2.81
23.42,5.41
10.18,1.23
15.2,0.83
17.52,1.64
22.17,4.58
24.01,10.23
21.96,10.56
16.32,2.28
18.58,2.75
20.22,6.91
15.04,9.29
18.19,10.63
18.21,3.52
20.34,4.83
16.14,9.52
13.44,10.4
10.69,-2.46
8.37,-2.79
10.97,-2.42
12.01,-1.82
15.84,2.58
10.75,-1.81
12.73,-0.94
6.42,-6.48
2.42,-6.65
8.43,-2.53
17.81,3.61
13.29,-8.57
-5.11,-12.82
-0.17,-11.25
5.72,-5.7
6.26,-5.69
8.05,-4.16
8.9,-3.62
5.52,-0.43
7.49,-1.0
8.89,3.44
12.47,4.52
7.18,-1.2
3.9,0.02
9.76,0.22
14.5,2.04
14.81,5.02
13.42,1.34
3.41,1.32
6.46,2.38
13.99,3.05
9.72,0.6
2.51,-0.48
3.61,-0.56
10.15,-2.57
11.08,-3.16
9.31,-4.44
7.31,-4.53
13.33,-1.52
13.54,-1.4
-1.47,-7.93
3.05,-7.46
6.75,-5.12
8.17,1.8
6.26,-0.79
1.74,-1.26
1.06,-0.67
2.21,-5.53
-0.85,-9.56
3.99,-8.22
7.87,-5.38
11.56,-3.45
12.56,-3.04
15.46,-1.91
15.57,-1.76
18.62,-1.16
17.27,8.56
14.8,7.53
15.8,7.73
16.22,5.16
5.3,1.24
2.45,0.1
9.07,-0.56
10.47,5.6
10.94,3.82
3.61,-2.13
8.7,-2.36
8.53,-2.43
8.97,-1.92
4.94,-2.24
14.08,-1.92
17.21,9.76
18.5,2.3
5.46,1.65
8.11,1.96
10.39,0.34
13.39,1.07
4.85,-5.11
2.43,-4.96
10.88,-7.83
-7.27,-10.17
-2.99,-8.61
0.13,-9.0
3.97,-8.4
9.01,0.0
7.74,1.21
1.67,-0.43
7.05,-2.98
3.46,-2.56
1.76,-0.06
2.23,-0.25
3.8,-0.24
3.6,-0.14
5.61,0.01
17.54,0.99
19.82,4.8
13.96,-0.03
2.74,-0.08
0.89,-3.01
1.11,-3.07
2.17,-4.96
10.16,-3.74
7.88,0.35
5.24,-1.8
2.54,-1.0
2.91,-11.91
-4.22,-12.8
7.19,-9.55
10.33,-1.73
12.05,-0.13
10.7,-3.85
6.58,-3.88
1.3,-10.0
3.29,-9.84
9.65,-6.84
13.46,1.07
6.94,4.37
8.11,2.27
3.41,-3.97
1.93,-4.16
2.88,-7.33
3.53,-6.7
16.78,-2.85
12.46,8.59
14.6,0.05
16.35,-0.69
15.35,-0.17
2.5,-4.82
10.3,-4.67
18.13,-0.2
17.74,8.69
13.63,5.95
11.17,3.45
16.77,4.36
11.31,1.97
5.99,1.03
7.07,1.1
8.6,3.39
11.84,3.16
15.99,4.9
20.15,12.24
21.97,0.4
3.33,-1.57
6.24,-1.23
11.97,2.8
11.95,3.32
17.08,3.86
20.97,7.05
24.9,12.73
26.44,16.41
18.57,7.77
16.45,5.06
8.24,4.41
11.7,0.29
16.36,2.6
20.84,6.33
22.08,7.93
15.64,7.93
21.27,9.49
25.92,13.76
27.25,7.61
13.0,0.33
10.95,1.06
16.96,5.25
16.68,9.92
9.39,1.08
8.58,-2.92
11.07,-3.81
10.17,-0.23
11.22,1.18
12.46,1.6
14.12,3.04
18.66,5.49
14.61,0.06
21.48,4.24
12.81,10.18
19.22,7.74
19.11,7.13
15.18,2.07
19.1,6.19
23.98,13.66
18.23,7.27
9.85,5.8
20.0,6.77
27.51,12.98
22.77,6.16
21.55,7.69
8.84,4.36
15.25,2.52
19.34,7.38
12.2,-2.36
13.14,0.9
18.08,2.93
10.45,1.52
15.77,5.46
13.8,8.54
27.56,13.96
23.38,16.29
26.63,17.56
25.85,16.18
19.38,14.22
18.24,11.51
14.55,11.23
18.29,12.55
24.99,14.13
27.82,16.99
29.98,17.25
30.46,17.4
29.46,18.95
25.47,18.39
27.34,17.31
24.08,13.02
22.78,10.49
22.13,7.44
25.07,12.5
30.79,18.38
31.26,20.58
28.94,17.62
30.27,18.15
32.72,15.94
29.02,15.89
30.39,18.99
28.92,23.08
31.33,14.65
27.01,12.45
29.17,12.32
26.55,13.07
23.52,11.14
25.03,13.18
26.87,13.73
28.07,14.16
28.26,16.31
31.26,17.28
32.13,17.89
29.43,19.31
29.71,19.82
26.04,15.78
26.98,13.9
28.73,16.85
30.61,21.41
25.94,19.83
27.13,21.12
30.43,20.1
28.99,20.03
31.7,19.6
31.88,18.2
32.25,19.3
33.51,19.67
33.46,20.05
32.4,19.92
32.9,20.66
32.85,20.45
32.9,20.98
29.38,18.06
31.0,17.02
27.99,16.08
28.1,15.5
30.51,16.59
31.55,20.73
27.73,17.31
30.56,20.0
32.51,22.19
33.04,21.19
31.9,21.3
32.22,20.2
28.99,20.85
29.07,18.65
30.3,17.22
31.03,19.06
32.93,21.32
31.67,20.68
30.08,17.54
31.2,20.26
23.2,19.84
25.6,19.83
27.82,17.21
26.48,17.13
27.2,16.71
24.87,11.97
24.15,13.74
25.9,14.4
26.52,12.96
28.33,15.56
30.75,17.86
28.64,19.07
28.58,19.43
28.22,20.2
29.95,20.61
26.59,18.81
29.86,18.21
27.8,15.59
29.36,17.02
24.55,13.75
25.27,12.52
26.46,14.76
27.56,16.92
26.67,17.49
28.7,18.14
30.34,19.33
31.7,19.61
30.86,21.05
28.27,22.25
28.06,20.6
28.98,13.7
26.02,16.24
26.24,17.74
27.49,20.48
27.73,20.83
28.66,16.31
25.96,10.08
26.73,12.11
27.18,15.35
29.24,16.77
30.18,16.12
30.51,16.82
30.44,18.37
22.73,17.01
28.63,17.47
27.22,14.25
25.99,11.17
22.44,8.81
25.96,9.51
26.74,11.13
19.99,6.1
20.24,4.75
22.6,6.15
23.24,6.6
23.59,8.2
22.39,10.03
24.27,10.73
25.96,12.0
24.68,13.46
26.19,13.7
19.49,6.16
17.55,6.7
24.02,5.16
19.82,2.33
16.61,3.86
18.45,6.67
17.34,0.18
17.41,1.49
22.48,4.75
28.61,6.8
25.63,7.55
27.37,9.57
22.92,16.59
25.23,16.68
24.41,4.77
20.92,4.85
25.33,6.38
16.76,0.03
14.25,-0.91
17.02,0.55
15.84,9.29
13.35,8.19
16.55,9.2
21.41,12.02
27.19,12.99
25.27,6.84
12.34,5.78
10.75,6.05
9.47,7.12
10.94,7.17
12.17,8.87
11.37,4.76
9.57,-0.76
14.77,0.63
11.1,-3.15
9.92,-2.36
18.02,0.78
21.7,5.52
19.2,3.69
21.31,3.47
23.37,3.88
26.75,9.39
26.27,11.05
25.5,12.06
12.87,0.11
13.01,0.11
13.87,-1.71
17.08,0.57
13.71,1.72
13.19,1.29
6.44,-2.15
9.92,-2.03
18.43,5.95
17.54,9.17
10.54,6.98
10.79,1.3
9.17,2.27
10.86,4.16
14.9,7.59
10.52,7.33
12.93,-0.39
9.6,-2.37
11.68,-2.36
2.87,-1.75
0.65,-6.34
6.51,-5.74
6.89,-3.58
6.78,-2.46
7.14,-3.75
3.76,-3.43
0.9,-1.72
2.24,-1.11
13.3,-1.43
16.27,-1.21
17.68,4.93
16.69,3.89
5.88,2.36
2.31,-6.4
2.25,-5.57
1.28,-1.37
0.19,-5.24
3.59,-5.45
5.33,0.02
6.95,0.35
9.13,0.35
7.53,-0.45
13.38,-0.67
-1.25,-10.6
-7.52,-11.6
3.42,-9.77
11.63,-1.28
2.86,-2.62
5.75,-3.21
11.55,-1.87
0.23,-2.39
10.48,0.29
3.52,1.19
2.42,-2.26
7.63,-1.74
1.57,-0.18
2.6,-1.11
3.58,-0.75
0.23,-2.04
0.09,-7.36
0.2,-7.55
-1.24,-4.55
2.57,-4.22
7.85,-2.23
8.91,-0.22
6.19,-1.35
1.33,-1.22
1.25,-1.45
2.02,-1.8
7.04,-2.4
2.9,-2.48
10.45,-1.85
3.03,-9.8
1.92,-9.69
1.24,-1.4
3.75,-0.26
7.24,-0.56
0.71,-8.92
-0.69,-11.38
1.33,-11.19
3.33,-3.62
5.92,-2.48
-1.07,-6.08
0.76,-6.62
2.55,-5.19
3.8,-3.34
3.25,-5.53
2.48,-10.72
-4.7,-11.66
2.17,-8.64
-0.38,-5.84
-4.13,-7.35
-2.85,-7.38
-1.09,-6.43
-2.11,-8.55
-3.06,-8.95
-6.35,-11.48
-6.42,-16.71
-3.83,-15.22
-0.91,-10.58
-1.55,-14.69
0.63,-11.21
8.06,-7.95
4.12,1.05
12.8,0.09
17.16,-2.19
8.5,-1.72
8.07,-0.28
13.2,6.42
16.58,2.32
7.97,-4.59
7.35,-4.5
17.11,-2.7
11.48,-3.93
8.55,-4.12
8.95,-3.81
11.07,-3.27
18.43,-1.24
19.54,0.65
21.06,8.51
18.1,7.55
15.9,4.8
12.5,-0.28
10.67,1.05
5.3,1.08
14.84,2.92
17.15,5.77
16.59,-0.06
10.94,-1.63
16.26,-1.51
19.39,2.03
19.82,4.41
19.81,9.44
22.55,6.85
17.78,8.08
13.92,4.09
23.23,6.75
11.04,-1.67
15.17,0.14
23.11,5.88
11.11,-1.58
4.31,-5.35
8.89,-3.51
17.42,0.79
23.12,5.47
24.37,7.22
25.2,9.24
26.97,13.17
20.75,10.93
26.5,11.96
17.92,9.09
11.18,7.78
20.11,7.87
18.83,9.4
16.32,3.03
13.26,0.03
16.58,2.53
13.25,1.18
17.35,3.2
19.51,2.57
18.41,-0.76
7.69,-1.06
12.46,-0.41
16.07,3.41
11.64,6.83
17.37,3.22
23.77,7.6
27.35,16.95
26.55,17.22
20.31,9.66
21.89,1.64
22.27,4.83
24.69,13.49
22.91,15.52
22.23,9.08
16.62,2.99
17.78,4.52
17.38,2.02
15.67,5.04
17.89,2.11
16.71,4.67
16.5,4.49
17.15,2.94
19.16,3.82
21.14,4.8
22.25,10.47
21.02,12.67
21.8,13.81
25.82,14.99
27.05,15.42
28.59,14.81
28.46,13.15
29.6,14.72
29.87,15.92
30.79,15.86
30.76,18.06
25.69,17.25
27.27,17.86
22.17,7.95
13.7,4.35
19.02,6.9
23.43,10.77
23.46,14.7
18.43,16.26
22.56,13.6
29.45,14.64
29.42,16.75
27.72,19.52
27.56,20.12
25.39,20.73
25.23,20.76
27.31,20.47
30.47,19.16
33.06,19.82
31.41,14.95
31.32,13.55
27.27,13.1
26.98,12.93
29.55,16.06
32.27,18.71
28.11,17.85
30.7,22.07
27.9,12.69
21.88,10.2
24.97,13.15
28.25,18.48
27.67,21.78
30.03,21.24
31.6,20.76
32.64,20.96
34.24,21.39
29.23,20.85
25.04,15.7
24.64,13.18
25.89,14.96
29.85,18.84
31.38,19.96
31.71,19.21
30.59,20.75
27.66,16.95
24.73,16.32
26.71,17.76
26.48,20.14
27.64,21.06
27.13,18.47
28.89,19.89
30.77,20.86
28.38,20.29
27.09,19.45
27.13,17.03
28.03,17.14
28.75,17.15
27.29,16.55
27.63,15.88
28.87,16.9
30.32,18.66
30.87,21.17
31.73,17.1
30.9,17.41
30.75,19.65
30.89,20.13
27.97,17.28
22.65,14.16
26.98,11.84
25.94,13.46
27.12,13.24
27.45,14.81
29.1,16.0
28.41,17.65
29.92,18.12
30.86,19.88
25.9,21.56
32.08,22.24
32.26,23.17
33.26,20.81
30.79,20.6
28.04,18.7
24.33,18.05
27.18,19.51
29.2,18.79
30.44,20.25
29.56,18.52
30.7,18.66
30.92,18.5
32.05,18.9
32.82,19.96
33.1,20.94
30.9,19.55
33.13,20.43
32.83,19.96
32.51,21.01
32.12,20.96
25.52,19.95
25.18,18.31
26.36,12.76
26.02,13.03
25.96,14.65
26.53,17.81
26.05,12.03
28.21,13.5
28.44,16.61
27.01,11.57
25.09,11.06
26.01,12.03
27.24,15.14
28.88,17.56
29.75,18.15
30.17,19.03
25.03,14.87
28.0,16.1
30.66,17.23
31.52,17.81
29.47,18.76
22.54,18.25
23.76,13.64
15.29,9.15
19.2,6.48
22.98,8.18
21.18,6.88
23.95,8.46
28.38,14.25
28.82,14.66
29.06,14.5
26.86,12.43
25.95,12.31
24.91,14.24
22.66,16.44
22.72,14.89
25.34,15.54
24.21,16.71
24.43,15.92
25.4,14.59
27.35,14.61
28.08,17.63
27.0,17.94
21.7,11.72
24.52,12.24
27.33,18.66
23.41,10.07
16.47,4.55
19.54,4.31
21.06,4.85
21.39,5.81
22.36,6.84
21.52,9.29
12.51,7.04
15.77,7.3
23.34,12.49
16.71,8.49
14.38,1.62
15.12,1.67
12.31,8.29
15.51,10.44
12.95,9.26
17.03,2.21
12.53,2.14
9.56,-2.93
9.63,-2.73
10.6,-2.74
12.01,-2.58
14.4,-1.67
17.43,-0.72
20.76,1.92
17.6,2.75
20.92,6.4
17.29,3.09
10.49,1.17
4.3,0.35
5.23,-2.82
5.18,-2.35
16.4,-0.36
19.24,4.15
8.36,-4.11
5.62,-4.59
12.11,-1.02
7.63,-1.54
4.49,-6.84
5.6,-6.98
12.73,-0.83
8.59,-3.88
1.6,-4.11
9.59,-0.17
7.89,-5.94
6.88,-6.51
12.86,-0.88
11.47,3.27
18.54,1.21
17.26,2.09
13.02,0.49
16.75,2.34
6.55,-5.82
-1.56,-5.26
5.33,-5.08
14.5,-1.29
18.66,9.8
16.89,-2.5
8.85,-3.03
11.89,-1.82
14.11,-1.0
17.92,11.71
16.28,-0.81
9.35,-0.54
12.37,-1.48
1.73,-5.59
6.48,-5.65
7.06,-5.03
2.73,-5.51
11.42,-3.97
17.38,9.55
20.77,7.72
15.43,6.7
20.81,5.7
12.46,4.36
9.92,5.9
9.2,5.87
17.44,8.72
14.19,3.0
2.0,-5.78
1.08,-7.08
6.12,-6.53
6.58,-8.86
-6.88,-12.74
-7.09,-13.08
6.06,-11.37
6.58,-8.5
0.05,-11.01
1.45,-10.59
10.27,-1.37
8.29,-1.76
1.72,-2.87
0.36,-6.4
0.73,-6.58
-2.26,-4.21
5.96,-4.7
9.88,-6.66
-3.54,-8.4
-2.96,-13.86
0.45,-13.79
2.59,-8.89
4.89,-6.85
-1.7,-15.11
-4.13,-15.66
1.99,-9.76
-1.03,-17.87
-2.95,-17.9
5.38,-7.77
5.36,-5.63
15.82,-0.23
8.05,-0.87
-0.46,-6.73
-4.46,-11.34
-4.47,-12.26
3.58,-9.81
2.75,-9.5
8.23,-8.07
11.07,-1.23
6.95,-2.47
12.99,-1.65
-1.16,-7.81
-1.57,-9.58
0.57,-9.1
12.44,-6.61
16.84,8.04
12.87,-4.73
1.6,-5.61
0.5,-6.44
14.77,-4.13
17.72,4.52
16.35,-1.93
-1.07,-2.46
2.54,-1.7
-0.13,-3.66
2.95,-5.83
9.53,-5.67
11.37,-3.64
19.0,1.83
20.5,2.25
8.61,-1.03
13.39,-0.9
23.61,7.67
20.82,12.55
15.15,0.37
4.83,0.37
9.67,-1.36
11.57,-0.93
8.31,-8.23
-2.32,-8.52
11.23,-3.78
17.8,2.97
19.87,2.63
21.82,2.94
22.39,5.2
17.51,8.38
8.74,2.12
17.32,1.94
21.43,3.61
19.52,9.43
19.82,6.46
11.77,4.43
7.29,2.59
5.05,-2.38
6.13,-6.05
6.57,-4.87
9.3,0.26
26.42,8.2
8.31,1.09
6.67,-2.83
11.99,-0.73
15.53,2.17
15.6,5.2
13.32,6.29
13.54,5.77
11.34,1.91
8.46,1.14
6.85,-1.85
17.84,0.44
17.29,10.63
21.9,11.52
20.81,4.28
16.22,4.21
21.09,7.89
17.51,1.43
10.61,1.9
6.68,0.94
11.48,1.79
19.3,6.67
18.12,6.98
26.17,11.3
28.74,16.31
27.86,18.26
20.28,3.11
14.81,1.82
18.39,4.6
18.86,7.43
22.38,11.82
25.92,13.38
23.25,6.18
22.41,10.44
25.99,10.21
15.26,10.35
17.31,12.2
22.3,9.96
16.23,7.72
21.29,10.17
25.87,12.75
28.52,17.15
29.99,11.82
29.48,15.06
28.72,15.16
29.16,13.67
29.9,13.05
25.05,10.2
27.76,13.14
23.22,14.98
27.44,15.94
30.39,20.79
29.3,17.65
20.07,10.9
17.7,9.68
23.46,11.99
28.76,18.19
22.28,14.33
19.83,11.29
22.77,12.01
27.36,15.32
30.7,17.98
30.78,18.01
31.12,19.07
24.04,12.45
26.7,11.35
28.04,12.62
28.16,15.62
27.24,18.16
27.09,16.29
28.76,13.97
25.14,14.16
22.13,14.48
25.74,15.29
29.48,19.61
33.52,23.9
34.27,22.93
33.94,23.42
33.35,23.99
29.68,15.41
25.81,10.93
26.15,11.81
30.46,13.13
33.35,17.98
34.24,15.94
29.77,14.43
30.67,15.3
30.74,17.93
29.07,14.38
26.17,10.88
25.44,9.76
29.07,13.93
32.59,20.17
32.58,20.84
30.2,19.4
30.12,17.04
32.15,21.39
35.36,23.48
34.53,22.23
27.51,21.33
25.14,20.19
25.48,15.96
29.27,16.77
30.22,19.86
30.21,16.65
29.77,17.91
28.87,15.71
28.8,19.83
31.22,21.27
24.28,20.96
28.45,19.15
30.44,21.15
32.86,19.98
31.05,18.91
32.53,20.38
31.05,22.52
31.91,22.06
27.18,20.0
25.86,18.96
28.38,20.9
30.19,20.88
26.76,14.73
26.89,17.26
25.93,18.28
29.3,19.65
27.82,18.69
32.23,21.28
28.97,21.24
27.98,21.6
30.14,20.17
31.25,20.95
31.37,21.73
30.03,21.24
27.26,15.83
28.41,15.09
25.17,13.04
27.03,15.71
26.32,17.93
26.29,15.07
27.17,15.13
27.16,14.84
28.46,14.64
29.38,16.55
28.8,18.08
26.37,17.13
25.99,15.16
27.41,13.43
28.54,14.25
29.21,16.34
29.28,17.56
29.74,18.87
32.26,20.84
31.54,20.02
28.44,13.28
27.34,13.18
29.32,15.03
29.86,17.99
25.66,18.61
26.9,19.34
27.8,20.12
25.75,15.97
26.31,13.05
26.02,13.18
28.92,15.98
28.15,18.27
25.93,13.93
22.05,12.17
21.24,12.67
26.48,12.83
27.7,12.68
28.23,13.27
28.39,13.84
28.74,15.63
28.27,15.43
30.98,16.2
34.16,16.53
21.6,6.12
19.97,7.68
25.05,12.27
23.64,10.02
20.7,5.17
19.45,3.32
16.03,4.36
19.91,5.31
21.52,6.61
23.05,6.86
21.77,6.89
21.3,3.13
21.97,3.19
24.15,4.92
23.88,8.06
16.31,0.22
14.74,-0.16
17.8,1.3
22.48,5.13
23.54,7.14
24.57,6.49
17.92,1.37
19.67,2.31
17.46,2.81
21.84,4.89
9.91,1.17
6.34,0.12
12.04,-2.07
14.61,-0.65
21.98,5.41
24.72,10.5
25.0,9.07
25.01,10.06
23.3,7.71
11.61,0.27
14.84,1.64
19.65,3.98
20.65,5.11
16.22,10.08
17.56,12.4
19.88,7.22
17.5,6.1
22.56,6.06
24.24,11.01
21.96,7.63
21.9,5.32
19.64,6.26
17.25,4.91
23.41,4.97
22.18,7.53
16.98,-0.35
0.06,-1.7
3.23,-1.66
6.67,-1.65
5.62,1.42
3.0,-1.75
-0.05,-3.45
1.43,-7.96
2.11,-8.01
1.48,-7.9
8.87,-5.7
13.57,-4.72
15.23,-3.47
17.41,-1.6
12.4,-3.54
12.63,-3.59
12.36,5.16
7.69,4.79
15.71,1.16
3.31,-6.52
4.43,-6.9
13.55,1.65
11.99,-6.52
5.56,-6.73
7.74,-3.83
11.32,6.38
10.29,5.44
7.31,5.02
9.32,4.85
8.12,4.48
7.88,1.98
7.27,-0.6
8.09,-0.63
12.44,5.0
7.19,1.07
4.79,-0.57
0.62,-4.16
0.97,-7.58
0.78,-7.42
7.46,-6.04
6.61,-5.79
6.85,-22.29
-16.55,-22.54
-8.73,-16.74
-6.66,-14.0
-2.85,-8.86
-0.2,-4.43
9.41,-3.47
13.99,8.47
16.52,9.18
