20170101
7.7,-2.16
12.25,6.02
12.95,-3.77
-1.61,-6.91
-5.56,-14.09
-9.66,-15.99
-8.18,-16.46
-5.34,-15.29
4.88,-6.64
12.66,-1.66
18.14,-0.75
18.67,-1.38
1.36,-1.04
2.74,0.55
3.61,0.51
15.07,4.02
15.15,3.03
4.8,1.04
10.34,2.4
14.6,7.16
18.51,5.55
15.77,6.41
8.4,3.45
7.16,2.04
15.11,1.74
2.41,-1.04
2.01,-4.11
1.52,-3.67
0.05,-6.56
7.04,-7.43
8.03,3.2
6.12,-2.0
2.28,-5.21
-0.55,-11.05
4.38,-11.35
10.97,-2.11
16.13,-1.09
16.03,2.28
5.23,-4.47
-2.1,-8.38
12.39,-3.7
18.43,9.4
15.5,-2.51
9.62,-2.75
11.71,1.91
7.49,-1.68
9.7,0.0
19.84,4.25
17.67,6.28
16.24,2.39
19.96,3.5
17.82,9.3
20.41,12.08
20.68,13.44
24.6,2.01
1.86,-5.98
8.67,-5.09
10.6,4.17
18.17,8.39
15.31,0.92
7.39,-1.77
4.38,-2.73
10.88,-1.05
19.63,-0.77
17.38,9.34
13.86,5.59
16.3,2.72
21.79,0.85
6.91,-3.75
3.05,-6.48
3.93,-5.78
2.71,-3.77
0.51,-6.94
2.17,-7.76
7.13,-6.59
9.14,1.49
5.88,0.07
11.05,1.81
18.19,4.97
17.41,-0.34
7.05,-1.53
15.16,-1.12
23.96,13.1
24.97,13.59
18.45,6.77
20.3,7.62
15.64,9.49
17.08,8.68
24.81,11.22
12.86,4.55
11.07,2.61
19.06,4.47
21.47,11.92
19.86,8.41
22.7,4.69
9.35,1.6
13.71,-0.26
19.02,1.97
25.74,9.88
26.15,15.18
19.66,5.36
20.89,6.24
26.61,8.17
28.55,12.15
28.64,17.26
27.47,12.22
21.63,8.89
25.85,11.1
28.11,16.9
27.85,9.59
15.88,7.41
13.45,5.22
20.66,6.18
24.68,8.52
24.88,12.03
29.11,15.28
18.04,7.45
20.26,9.4
26.69,15.03
24.7,13.0
16.76,7.6
18.73,4.36
12.46,6.41
12.73,7.27
11.94,4.58
17.29,3.36
17.65,1.38
18.66,4.26
20.77,11.07
29.23,13.39
20.19,11.5
20.04,7.42
24.12,10.99
27.76,13.32
28.59,14.12
29.76,16.6
28.9,20.42
28.96,18.58
28.3,15.05
27.06,14.5
25.59,8.72
22.73,9.66
23.81,13.31
18.01,13.08
18.24,10.48
26.55,13.92
28.73,16.72
24.54,14.8
28.28,13.62
26.81,12.68
27.08,10.28
26.72,10.47
29.18,12.12
31.02,15.08
31.19,18.47
30.57,14.69
25.57,12.2
20.96,9.93
24.75,11.55
28.72,14.27
29.85,16.13
31.36,18.57
33.06,20.87
30.47,19.17
31.25,19.16
28.18,18.23
31.01,18.83
31.0,20.56
27.84,16.29
27.47,14.81
29.54,16.74
32.08,19.65
28.06,21.2
24.39,16.23
25.71,11.74
25.46,11.3
24.02,10.56
23.79,10.96
27.41,15.06
30.99,20.32
29.0,19.42
28.88,16.75
29.98,16.94
30.7,18.42
30.27,19.13
29.34,20.41
26.17,18.8
31.04,16.95
27.78,13.92
28.96,16.88
29.53,21.88
26.53,19.86
32.09,21.62
30.12,21.88
29.23,15.01
28.16,15.76
30.03,17.25
30.63,19.1
31.47,18.22
31.08,19.64
32.33,22.19
33.26,22.86
33.28,21.29
29.46,19.46
29.2,16.3
27.45,15.77
29.84,17.69
28.66,22.24
28.26,15.5
25.93,13.12
28.5,15.15
29.88,17.22
29.04,17.93
29.24,17.16
30.07,18.66
23.84,11.02
25.31,12.73
22.24,17.0
25.3,13.95
26.67,11.35
27.49,13.01
29.15,15.43
27.65,16.37
27.07,13.32
27.95,15.53
28.1,17.09
30.7,18.35
31.82,20.22
30.85,19.92
29.41,18.39
31.31,18.3
32.14,18.98
32.15,20.49
28.22,14.75
26.4,11.35
26.04,11.73
25.53,11.03
25.91,11.78
27.64,13.64
26.9,16.29
25.99,14.89
27.73,15.59
27.4,15.44
16.11,12.55
21.61,12.32
27.72,13.47
30.72,15.81
23.01,8.81
19.95,7.88
21.2,7.92
25.16,9.7
23.34,8.67
23.1,8.57
22.72,9.64
21.07,14.46
18.45,15.94
22.82,12.97
27.75,13.31
29.28,15.28
30.32,16.81
27.93,19.39
27.05,17.88
30.68,18.41
32.68,19.26
32.69,17.71
32.45,16.9
32.74,15.28
32.03,15.5
32.25,17.17
29.26,12.28
23.23,8.05
25.24,7.53
23.96,6.11
24.31,6.95
27.04,11.12
29.36,14.6
26.49,17.51
23.12,17.4
27.24,17.75
28.74,13.41
19.73,14.4
22.02,15.19
21.83,15.93
18.43,13.76
17.76,12.93
23.38,11.81
28.84,14.94
22.93,7.35
17.5,3.51
20.34,3.63
21.71,4.88
24.55,7.47
25.53,7.9
24.18,10.33
25.93,14.18
17.61,8.01
11.19,5.1
11.45,0.2
17.3,0.27
13.46,2.02
4.43,1.49
4.22,-1.06
7.5,-0.25
7.76,-0.12
15.38,1.86
20.05,12.27
16.12,6.54
19.14,8.9
23.45,9.17
12.7,6.68
9.28,4.29
11.82,-0.63
13.68,-2.03
3.12,-4.17
6.86,-3.62
8.35,2.09
7.25,0.65
11.76,0.22
9.99,0.63
5.02,-1.15
15.79,0.74
18.21,1.83
3.98,-3.64
10.02,-3.38
13.68,-3.23
5.11,-4.89
8.41,-2.57
14.28,-1.11
15.5,-2.03
12.58,-2.54
17.76,1.01
17.78,4.78
14.93,3.27
12.69,-2.35
12.2,-2.64
13.23,-1.68
15.07,-1.31
18.41,3.03
9.24,-2.18
7.37,-2.39
-0.25,-8.51
0.2,-9.18
-0.31,-6.65
3.31,-6.27
8.98,-4.47
0.0,-8.02
7.7,-6.01
-0.06,-6.3
1.01,-4.77
10.7,-0.63
7.42,2.7
7.71,5.14
9.63,1.8
8.99,-1.93
12.92,-1.78
12.15,2.67
3.27,-1.58
1.56,-6.22
-1.91,-8.49
-5.76,-16.3
-9.02,-16.94
-4.98,-12.76
-3.55,-7.58
-5.77,-15.1
-9.15,-18.57
-11.92,-21.25
-7.42,-21.27
-3.63,-17.09
-7.11,-17.7
-8.23,-19.83
-6.53,-19.98
2.88,-10.21
3.21,0.12
5.14,-0.39
14.76,4.03
14.63,-1.39
-0.58,-9.87
-4.62,-16.06
-5.46,-16.08
-2.13,-15.82
-11.63,-17.59
-5.42,-13.9
0.62,-12.23
4.47,-6.78
9.22,0.09
12.49,6.29
13.43,2.66
3.63,-0.76
-0.23,-5.78
8.38,-5.14
14.45,-0.31
9.93,-2.74
11.47,-3.62
1.66,-4.89
1.01,-5.8
11.66,-1.18
6.33,-10.76
-3.87,-11.58
4.38,-6.46
3.2,-10.62
-2.24,-10.82
0.02,-4.18
-0.08,-8.46
0.59,-8.01
10.28,-1.08
4.96,-0.75
1.35,-6.58
4.34,-6.85
6.93,-4.85
15.09,5.13
19.96,8.42
7.18,-1.41
2.55,-1.24
12.4,-0.98
23.25,12.58
25.34,11.67
11.1,3.68
10.95,4.23
16.04,7.19
15.05,6.54
9.27,-0.91
13.21,-1.2
16.54,0.08
13.21,9.23
14.2,-0.06
9.37,-3.05
10.52,-2.06
11.07,-0.93
8.89,0.2
14.02,-0.41
4.27,-2.48
-0.08,-4.49
7.05,-3.71
10.9,-0.75
6.79,-1.92
5.36,-3.8
5.32,-5.26
5.55,-5.09
14.88,-2.54
8.44,-2.35
6.57,-1.54
14.81,0.51
17.13,-0.19
1.81,-1.79
4.74,-3.9
8.6,-3.37
10.81,-1.89
1.7,-2.08
7.99,-1.93
15.17,3.24
13.15,9.81
14.24,9.75
14.59,4.81
9.29,0.41
15.58,1.48
9.33,-0.82
9.54,-0.73
22.83,1.08
2.75,-3.34
10.89,-2.15
14.95,-2.08
6.2,-4.49
6.36,-2.08
5.87,-1.61
6.91,-1.6
18.68,0.16
26.85,13.23
27.19,15.71
20.91,10.83
11.9,0.65
2.29,-0.53
10.27,0.41
22.09,1.72
13.2,-0.52
16.58,1.5
17.84,5.81
19.66,8.63
14.65,9.79
13.61,10.7
19.41,4.54
20.42,4.47
21.7,6.07
14.45,0.37
17.36,0.96
23.53,5.15
27.88,14.31
29.12,18.42
25.56,17.4
26.67,12.96
20.55,11.89
27.83,9.18
23.19,8.17
26.06,9.89
28.73,15.39
28.8,14.98
30.42,18.25
29.52,16.55
31.5,18.42
32.65,20.01
31.57,18.36
25.58,16.25
28.64,17.04
23.31,17.98
25.55,17.19
30.73,17.84
29.82,18.41
29.84,14.77
27.71,14.16
28.46,14.06
30.82,17.56
30.44,17.91
33.03,18.19
33.79,20.09
31.31,21.74
27.04,20.35
29.46,19.67
29.66,18.13
30.36,19.54
27.13,12.7
24.93,12.39
28.97,13.26
26.33,15.19
31.22,18.4
32.22,18.1
32.78,17.76
25.26,18.19
25.88,18.55
27.37,19.69
29.16,13.62
28.77,14.7
31.06,18.28
33.74,21.15
34.01,22.12
33.38,22.82
32.96,20.79
30.55,21.36
26.4,18.64
25.06,18.19
24.27,17.22
27.6,19.55
23.89,19.74
24.79,19.31
28.7,18.04
30.33,19.73
32.06,20.23
32.79,22.6
32.98,22.47
32.07,21.99
31.64,22.05
34.09,22.61
33.71,21.2
27.99,12.97
27.37,13.58
31.05,17.64
32.8,19.84
33.05,20.25
29.62,15.91
29.31,15.94
31.8,17.12
33.06,20.94
29.91,21.31
30.63,18.75
30.8,14.77
29.98,15.27
29.95,17.26
28.95,18.65
24.81,18.93
26.72,16.45
25.84,16.33
28.76,17.46
30.26,16.9
29.59,16.15
26.76,14.28
27.2,15.1
27.2,17.43
23.71,18.45
23.99,17.38
26.72,15.91
28.94,16.7
30.05,19.3
31.75,19.85
32.39,20.26
32.14,20.35
29.82,20.55
29.67,18.14
29.38,18.86
30.24,19.72
29.6,16.79
29.77,16.81
29.34,16.55
30.5,19.33
25.29,19.79
26.91,20.4
27.44,19.92
28.54,18.54
29.8,19.05
28.54,19.8
27.14,17.46
24.97,11.64
26.33,12.31
24.17,13.79
28.16,20.23
32.31,21.86
32.23,21.55
32.7,21.65
30.98,18.82
28.42,17.23
30.73,18.03
29.42,19.87
32.0,20.9
33.2,21.03
33.6,20.75
33.28,20.99
31.31,20.61
26.81,18.05
18.83,14.75
16.1,13.4
19.61,12.66
22.87,13.12
23.14,15.2
29.87,16.33
30.97,17.33
31.25,19.25
30.18,20.05
30.45,18.85
32.74,18.86
32.67,19.57
33.25,20.43
30.82,14.86
16.68,12.85
25.02,13.06
21.63,16.73
25.31,18.89
21.72,11.14
16.6,7.59
23.15,8.16
22.25,9.28
27.33,11.8
29.63,14.48
30.14,19.23
30.88,19.53
26.41,17.24
31.12,18.52
31.5,18.15
31.76,18.48
31.53,19.81
30.68,19.5
24.62,11.57
16.01,2.38
12.02,2.62
12.36,3.5
12.74,7.33
12.07,1.35
12.1,1.37
16.09,-0.14
14.44,-0.28
13.48,1.32
17.35,-1.8
12.03,-1.61
19.4,1.64
17.15,1.02
14.07,1.33
14.41,3.49
9.22,6.06
12.31,4.02
18.6,3.33
16.74,2.63
21.03,5.53
18.36,8.0
10.37,4.99
8.33,0.76
13.59,0.6
16.29,7.37
15.95,8.58
15.51,3.41
12.6,-1.2
6.31,-0.3
6.79,-6.42
2.53,-6.99
6.41,-5.65
7.01,-0.32
2.05,-6.13
0.48,-6.02
1.35,-1.27
3.89,-1.01
7.45,0.83
10.37,0.79
5.31,1.83
3.57,-2.7
8.5,-3.7
10.49,-3.15
11.21,-1.54
13.1,0.46
14.86,0.38
2.3,-5.59
-3.81,-7.04
0.88,-7.47
5.88,-0.56
10.94,4.93
14.41,7.42
17.11,3.64
4.47,0.35
1.36,-2.03
-0.28,-3.48
4.87,-6.36
3.29,-7.1
-2.18,-6.22
4.41,-7.88
0.25,-9.34
7.58,-7.55
10.82,0.75
9.26,3.84
10.29,5.59
8.27,3.09
9.93,-0.79
9.78,-3.47
7.56,-3.75
12.37,-1.9
8.47,5.13
6.2,-0.48
4.69,-1.75
2.46,-3.06
7.04,-2.98
8.19,-4.2
9.01,-3.77
13.5,4.44
13.76,-0.19
2.03,-2.92
6.42,-3.11
16.89,4.37
5.39,3.03
4.75,0.17
4.62,-1.38
10.46,-0.64
12.16,-0.56
12.02,-0.28
14.24,7.19
16.22,-1.91
-0.86,-6.31
-1.5,-6.74
0.93,-8.38
1.09,-1.97
0.28,-3.61
0.25,-8.16
0.91,-5.05
1.93,0.28
4.55,0.85
2.37,-0.06
3.08,-10.1
-7.35,-17.53
-7.02,-17.35
7.09,-8.29
10.39,-4.57
-0.28,-11.8
-3.32,-12.01
1.97,-3.29
-0.68,-6.09
8.75,-9.51
-5.78,-16.93
-15.27,-20.39
-7.68,-19.64
0.82,-7.92
9.5,-2.86
18.12,2.38
13.54,3.22
11.1,3.28
14.32,8.66
16.76,-6.99
-2.76,-10.11
-0.62,-10.1
2.03,-4.18
9.25,1.53
11.21,-4.18
3.22,-3.76
13.34,0.99
1.52,-4.06
2.7,-5.02
0.25,-2.31
0.18,-5.18
1.99,-5.69
7.95,-1.37
7.57,-2.09
5.99,0.65
14.87,3.87
7.34,-5.58
4.68,-5.53
10.51,-3.16
14.35,-1.81
1.42,-1.04
4.08,-0.92
5.09,-0.38
0.1,-10.6
-6.28,-13.39
-3.83,-12.63
-0.66,-11.08
2.2,-4.46
3.12,-0.54
15.42,1.52
9.39,0.11
10.95,-2.73
10.71,-2.5
21.18,6.33
21.75,6.47
7.06,-0.76
9.02,-2.66
11.78,-2.97
9.48,-3.16
10.72,-2.39
13.06,2.24
7.84,1.99
10.74,-3.19
13.96,-2.54
14.46,5.44
8.95,-2.02
9.31,-2.4
15.47,-1.28
21.98,4.89
16.57,10.95
15.1,-1.74
3.34,-4.5
8.41,-3.39
15.32,-0.42
16.68,3.09
21.47,8.69
15.89,8.9
20.64,9.48
20.89,12.16
23.36,10.13
21.42,6.2
21.27,7.9
27.43,9.84
19.51,5.15
19.15,6.0
21.17,1.92
12.53,2.15
25.02,7.07
24.78,12.93
22.9,6.0
8.15,3.26
6.91,2.28
20.89,4.44
25.27,10.01
24.76,9.62
19.17,10.13
20.03,8.6
18.33,5.38
16.45,5.32
12.66,5.37
25.0,7.91
25.55,12.38
26.73,13.97
22.61,15.3
21.44,14.01
15.56,9.36
21.99,7.79
25.04,9.11
26.18,11.2
28.48,13.0
23.55,11.13
13.94,6.08
18.01,6.77
10.83,7.76
14.23,4.8
20.64,6.68
21.64,9.27
25.86,11.91
29.53,16.13
30.69,18.23
24.01,13.24
21.1,8.97
19.07,9.69
25.33,16.67
29.47,18.01
31.35,18.74
30.41,20.02
29.54,16.67
28.85,18.41
30.41,21.72
26.75,17.27
25.2,16.51
26.34,14.71
27.73,16.34
26.03,8.88
24.54,11.13
26.95,15.29
29.92,18.01
28.78,18.55
26.5,18.75
24.4,19.01
25.69,19.4
23.23,9.73
24.62,10.8
25.29,12.94
19.84,8.06
24.22,11.28
24.13,16.88
26.47,18.46
26.6,19.06
27.0,19.15
27.66,19.61
23.0,14.99
25.7,15.93
24.46,16.73
28.69,18.45
25.06,16.67
28.67,17.32
31.59,19.37
31.06,19.15
31.98,19.82
32.6,21.02
33.0,19.0
31.92,20.07
33.18,20.68
30.77,19.67
31.66,20.37
32.78,21.66
30.93,21.33
31.45,20.12
29.82,17.92
32.01,18.99
33.46,21.37
31.52,17.03
29.61,14.93
32.14,17.1
32.66,20.5
31.59,21.83
30.65,21.87
31.14,21.43
33.39,23.24
33.16,22.87
33.62,23.05
33.22,21.73
25.47,14.5
26.84,13.62
26.62,13.22
27.92,14.5
29.43,15.47
30.63,18.08
31.13,19.11
30.94,19.59
29.82,17.95
28.56,16.08
30.09,17.26
29.86,15.93
30.22,15.29
31.26,16.37
32.13,17.54
30.47,18.33
29.76,17.53
31.29,17.88
30.28,15.03
29.22,14.56
30.18,17.04
28.4,20.64
29.95,19.25
31.5,16.63
29.11,15.93
30.2,17.8
29.7,19.74
33.11,19.49
33.36,20.13
31.87,19.08
29.88,19.76
26.14,18.79
24.22,12.68
25.52,13.2
27.47,14.74
21.82,20.08
26.56,14.95
26.14,12.11
28.24,13.82
29.39,18.78
23.94,17.31
29.2,17.8
28.22,15.62
29.75,17.02
28.32,13.77
25.31,12.7
27.67,13.8
23.92,12.57
25.14,14.9
30.06,15.92
34.19,18.02
32.61,19.34
32.79,19.78
32.9,15.73
27.83,13.42
30.18,15.29
31.78,16.91
28.76,14.99
30.26,15.05
30.83,15.6
30.83,17.97
31.1,16.44
31.03,17.64
27.61,9.75
26.12,10.0
29.36,13.23
25.83,9.48
32.35,11.63
32.03,17.86
32.67,18.05
33.94,17.23
33.67,18.0
33.37,17.69
31.33,11.01
21.9,8.48
26.78,9.04
21.71,12.46
20.62,5.92
23.09,6.28
24.43,7.23
27.07,11.6
22.04,1.48
13.78,0.79
20.71,1.8
20.22,2.81
23.81,4.57
10.68,1.92
15.57,1.18
17.8,1.44
22.21,4.02
24.28,9.89
21.44,9.95
16.4,2.64
18.96,2.94
18.81,7.29
14.65,8.9
18.3,9.98
18.4,3.8
19.68,4.28
16.05,9.16
12.79,9.53
10.22,-2.46
8.5,-2.81
10.95,-2.2
12.18,-1.45
15.68,2.77
11.19,-1.11
12.43,-0.49
5.91,-6.77
2.6,-7.0
8.66,-2.56
17.72,3.95
11.76,-10.02
-4.99,-13.07
-0.35,-11.84
6.2,-5.38
6.74,-5.19
8.03,-4.1
8.71,-3.53
5.52,-0.96
7.41,-1.19
8.35,3.44
12.26,4.48
7.46,-1.66
3.56,-0.67
9.91,0.24
14.57,2.29
14.75,5.43
13.36,1.46
3.47,1.32
6.15,2.5
13.46,3.11
9.28,0.92
2.59,-0.67
4.09,-0.68
10.18,-2.49
11.11,-2.84
9.6,-4.63
7.38,-4.76
13.35,-1.54
13.49,-2.66
-1.7,-7.85
2.99,-7.39
6.61,-5.21
7.83,0.6
6.34,-1.28
1.55,-1.66
0.9,-1.42
2.29,-6.13
-0.78,-10.36
3.94,-9.08
7.56,-5.83
11.45,-3.92
12.58,-3.67
14.81,-2.38
16.12,-2.08
18.44,-0.93
17.63,8.04
14.77,5.78
15.78,6.44
16.35,4.86
5.39,1.22
2.61,-0.22
9.15,-0.66
10.47,5.83
10.41,3.41
3.77,-2.0
9.06,-2.48
8.74,-2.63
9.03,-2.33
4.29,-3.04
14.01,-2.63
17.19,9.4
18.13,1.99
5.38,0.9
7.59,1.11
9.69,-0.69
12.58,0.39
4.64,-5.26
2.88,-4.79
10.67,-8.4
-7.64,-10.12
-2.92,-9.01
0.14,-9.23
3.58,-8.4
8.4,0.19
7.57,1.33
1.84,-0.51
6.91,-3.25
2.84,-2.51
1.55,0.09
2.14,0.03
3.92,0.05
3.35,0.0
5.69,-0.1
17.69,1.09
20.15,3.53
14.11,0.14
2.83,-0.51
0.32,-2.84
1.4,-3.03
1.91,-4.6
9.93,-3.26
6.33,0.14
5.28,-1.76
2.45,-1.18
2.63,-12.59
-4.5,-13.15
7.23,-9.82
10.14,-1.99
11.69,-0.31
10.05,-3.71
6.31,-4.06
0.92,-9.56
3.3,-9.4
9.6,-6.23
13.23,0.82
6.78,4.49
7.17,1.74
2.67,-3.72
2.12,-4.19
2.36,-6.95
3.82,-6.8
17.01,-2.63
12.08,8.29
14.5,0.58
16.05,-1.0
15.56,-0.44
2.65,-4.55
10.32,-4.72
18.3,-0.02
17.83,9.01
13.48,5.24
10.66,3.6
16.49,3.83
11.32,2.07
5.73,1.05
7.43,1.12
9.26,3.6
12.33,3.51
15.29,4.79
19.92,11.43
21.59,0.22
3.36,-1.48
5.76,-1.22
11.21,2.47
11.64,3.03
17.15,3.7
20.2,6.63
23.4,12.63
25.71,16.15
18.46,7.82
16.44,5.1
7.94,4.18
11.71,0.42
16.63,2.03
21.01,6.85
20.57,7.12
14.22,6.89
21.34,8.24
26.45,14.07
27.44,7.05
12.66,0.3
10.9,0.75
17.05,5.58
16.88,8.24
9.1,0.47
8.88,-2.99
10.6,-3.92
10.08,-0.32
10.58,0.95
12.86,1.42
14.94,3.0
18.99,4.83
14.19,0.28
22.29,3.45
13.23,9.8
19.88,7.79
19.83,6.64
16.51,2.11
19.57,5.25
24.72,13.53
18.22,6.98
9.65,5.84
20.13,6.44
28.0,13.05
22.11,6.41
20.82,7.48
9.39,4.51
15.81,3.28
19.8,6.75
12.75,-2.03
13.33,-0.12
18.19,3.27
10.32,1.94
16.22,3.95
14.37,8.15
27.44,13.4
23.89,15.65
26.79,17.08
25.46,15.5
19.85,14.18
18.75,12.0
14.3,11.58
17.8,12.71
25.17,14.04
28.15,16.99
30.38,17.78
31.0,18.02
30.36,19.17
26.17,18.78
27.43,17.73
24.81,12.64
23.22,11.11
22.28,7.9
25.03,12.33
31.15,18.22
31.7,19.9
29.39,18.2
30.88,18.29
32.73,15.94
29.4,15.94
31.04,18.49
28.99,22.24
31.44,15.11
27.38,13.13
29.7,13.04
26.15,12.79
24.41,10.74
25.42,12.64
27.89,14.0
28.85,14.52
29.2,15.85
31.59,17.36
32.83,18.3
29.05,18.68
30.08,19.29
26.33,16.45
27.24,14.7
29.14,16.85
31.33,20.91
25.48,20.0
27.41,20.77
30.44,20.28
29.88,19.93
31.78,19.83
31.68,18.62
32.52,19.62
33.73,20.09
33.88,20.82
32.83,20.55
33.03,21.01
32.75,20.57
33.57,21.14
30.17,18.97
31.71,17.31
28.32,15.85
28.41,15.63
30.5,16.62
31.68,19.26
26.5,17.86
31.05,19.09
32.76,22.62
33.39,20.86
31.49,20.69
32.04,20.38
29.07,20.88
29.97,18.26
30.18,17.51
30.92,18.28
33.15,21.51
32.06,19.61
30.22,17.7
31.08,19.53
22.79,19.31
26.11,19.19
26.77,17.31
26.79,17.38
27.25,16.85
24.87,12.26
24.2,13.02
25.62,13.98
26.76,13.3
28.56,15.9
30.91,18.66
29.72,19.31
28.91,19.49
28.68,19.69
29.92,20.01
27.91,18.87
30.33,18.8
28.43,16.32
29.67,17.12
24.14,13.61
25.55,12.88
26.72,13.34
27.73,16.35
28.14,18.19
28.99,18.91
31.21,19.96
32.4,20.22
31.31,21.43
28.18,22.34
28.68,20.69
29.33,13.77
26.31,15.32
26.69,17.76
27.35,19.65
27.24,19.53
28.97,14.76
25.92,8.99
27.16,10.73
26.59,15.79
29.6,17.28
30.75,16.48
30.88,16.73
29.4,18.13
23.3,17.41
28.53,17.77
27.52,14.01
25.77,11.42
23.22,8.8
25.92,9.18
27.39,10.55
19.79,5.96
20.51,4.61
23.03,5.26
24.03,6.55
24.43,8.52
22.95,10.02
24.8,10.68
26.11,11.57
24.73,13.64
26.35,14.07
17.96,6.47
18.09,6.59
24.53,5.18
20.24,2.56
17.38,3.65
18.74,6.99
16.02,0.24
17.65,1.31
23.26,5.01
29.44,6.82
26.25,7.41
28.29,9.0
24.08,15.5
26.37,15.7
25.01,4.59
20.98,4.59
25.85,6.32
16.98,-0.26
14.94,-1.45
17.15,0.77
16.52,9.02
11.49,7.76
16.97,8.37
19.66,12.16
27.5,13.11
25.55,6.45
12.57,5.8
11.05,6.38
9.23,6.87
10.47,7.0
11.68,8.28
10.4,3.72
10.03,-1.19
14.78,0.07
10.73,-3.08
9.82,-2.58
18.6,0.31
22.2,5.39
19.9,4.12
21.51,3.54
23.43,3.96
26.69,9.16
26.08,10.69
25.32,11.35
12.83,-0.29
13.12,-0.4
13.05,-2.25
17.04,-0.44
13.89,1.65
13.46,1.21
6.51,-2.12
10.05,-1.83
18.55,5.78
17.66,8.4
9.94,6.14
8.86,1.46
9.58,1.39
10.65,4.42
14.63,7.92
10.56,7.31
12.61,-0.5
9.71,-2.66
11.94,-2.18
2.71,-2.12
1.23,-6.03
6.9,-5.86
6.99,-3.85
7.45,-2.7
6.86,-4.21
3.32,-3.78
1.11,-1.73
2.71,-0.89
13.63,-1.81
16.21,-1.62
17.87,4.11
16.17,3.62
5.62,1.78
2.11,-6.4
1.63,-6.11
1.01,-1.73
0.25,-5.53
3.57,-5.79
5.38,0.21
6.72,0.3
9.34,0.3
7.62,-0.86
13.3,-1.57
-1.9,-11.17
-7.72,-11.72
3.62,-9.91
11.77,-2.0
2.53,-3.65
5.3,-4.28
10.78,-2.46
0.27,-2.64
9.7,0.28
3.57,1.12
2.45,-2.39
7.76,-2.15
1.85,-0.27
2.88,-0.54
3.68,-0.69
0.5,-2.08
0.29,-7.11
0.17,-6.71
-1.61,-4.63
3.35,-4.08
8.38,-2.13
9.12,-0.31
6.1,-1.53
1.57,-1.53
1.36,-1.66
2.39,-2.06
6.95,-2.96
3.16,-3.05
10.71,-2.1
2.74,-9.87
1.9,-9.83
1.22,-1.5
3.29,-0.7
7.08,-0.8
0.49,-8.58
-0.63,-10.68
1.51,-10.62
3.33,-3.53
4.88,-2.54
-0.85,-6.14
1.06,-6.43
2.85,-5.53
3.87,-4.09
3.18,-6.44
2.02,-11.74
-4.97,-12.72
1.13,-8.66
-1.14,-6.05
-4.36,-7.53
-3.28,-7.51
-1.66,-6.6
-2.31,-9.92
-3.75,-10.52
-6.93,-11.89
-6.54,-17.04
-4.21,-15.93
-1.54,-12.24
-2.24,-14.68
0.74,-11.21
7.98,-8.6
4.98,1.05
13.03,0.25
16.87,-2.51
8.48,-2.56
7.88,-0.54
13.15,6.19
16.63,1.91
8.3,-4.68
7.34,-4.62
17.52,-2.04
11.91,-3.91
8.74,-4.7
9.15,-3.95
11.24,-3.57
18.74,-1.43
19.35,1.12
20.97,8.93
18.46,6.88
15.94,4.62
12.89,-0.51
10.78,0.91
4.92,1.03
14.31,3.0
17.15,5.63
15.5,-0.2
10.7,-2.2
16.14,-2.04
19.27,0.83
19.83,4.38
19.99,8.84
22.75,6.74
17.68,7.82
13.89,4.23
23.36,5.76
11.17,-1.54
15.19,-0.28
23.06,5.43
11.63,-1.83
5.04,-5.57
9.51,-4.23
18.46,0.59
24.35,5.46
25.38,7.52
26.15,9.26
27.6,12.35
21.42,10.56
27.12,11.09
18.57,8.84
11.85,8.28
20.63,7.95
19.76,8.73
17.75,2.93
13.74,0.59
17.03,2.29
14.58,1.53
18.3,2.88
20.43,2.82
16.82,-1.6
8.53,-1.59
12.96,0.16
16.22,3.85
11.98,6.15
17.52,3.27
24.33,6.54
28.26,16.53
26.22,17.17
20.93,9.61
21.71,1.84
23.08,4.98
25.39,13.53
22.32,15.21
20.19,8.73
16.89,3.27
17.41,3.8
17.62,1.81
15.18,4.53
15.94,1.8
16.31,4.58
16.12,3.53
17.22,3.08
19.76,4.16
21.59,5.27
22.59,10.59
21.57,12.83
20.94,13.88
25.43,14.55
27.15,15.4
29.03,15.01
28.88,13.61
29.69,14.85
30.18,15.88
31.22,16.07
31.19,18.35
25.35,17.01
27.55,17.65
21.91,7.7
15.06,4.53
19.78,6.84
23.44,10.34
24.06,14.27
18.87,15.87
22.44,14.21
29.57,14.72
29.34,16.71
28.13,19.19
27.68,20.29
25.27,20.56
25.48,20.71
27.28,20.11
30.76,19.5
33.24,19.9
31.6,14.99
31.2,13.88
27.47,13.4
27.2,13.46
29.64,15.47
32.55,18.57
28.24,18.28
30.62,21.85
27.41,12.4
22.34,10.97
25.22,12.63
27.75,19.32
27.37,22.14
29.76,21.96
31.4,20.95
32.31,21.11
33.8,21.31
28.55,20.24
26.52,14.54
24.38,13.38
25.99,14.65
30.2,18.4
31.41,19.55
31.92,19.52
31.01,20.88
27.54,16.08
23.8,16.18
25.36,17.55
25.77,20.06
28.23,20.8
27.36,18.94
29.02,20.13
31.05,20.4
28.21,20.51
27.08,19.17
27.72,17.26
28.25,17.36
28.99,17.52
27.34,16.79
27.72,16.6
29.07,17.47
30.39,19.32
30.76,20.86
31.66,17.27
31.26,18.27
31.0,19.94
31.16,20.31
27.81,17.46
22.86,13.76
27.08,12.57
25.86,13.3
27.05,13.64
27.85,14.84
29.17,16.33
28.4,18.51
30.26,18.79
30.83,19.42
26.02,21.5
32.38,22.99
32.49,23.82
33.82,21.06
30.31,20.45
28.35,18.66
24.77,18.28
27.73,19.18
28.99,19.4
30.92,20.47
30.21,19.14
31.04,19.23
31.38,19.07
32.77,19.81
33.13,20.19
33.56,21.12
30.52,20.18
33.55,20.2
33.51,20.14
33.02,21.19
32.45,21.0
25.92,19.89
26.5,18.63
26.74,13.4
26.36,13.24
26.08,14.39
25.74,17.65
26.66,12.9
29.04,13.85
29.16,16.81
27.67,12.44
25.46,11.65
26.22,12.39
27.88,15.39
29.86,18.06
30.27,18.49
30.8,19.52
25.01,14.82
28.01,15.58
31.16,17.05
32.14,18.03
30.13,19.01
23.03,18.55
24.42,13.97
15.04,9.95
19.44,6.81
23.37,8.05
21.66,7.32
24.36,8.77
29.24,14.64
29.31,14.74
29.61,14.29
27.66,12.5
26.87,12.55
24.24,15.01
24.12,16.43
23.01,14.59
26.01,15.59
24.75,16.94
24.63,15.86
26.19,14.42
28.65,14.66
28.86,17.88
27.74,17.73
20.26,11.46
25.2,12.13
27.97,18.63
24.87,9.66
17.09,4.68
20.44,4.32
21.94,4.83
21.96,6.05
23.03,6.99
21.14,9.89
12.46,7.2
15.69,7.58
23.0,12.33
16.55,8.23
14.39,1.37
15.35,1.53
12.67,8.53
16.22,10.61
13.41,9.05
17.49,2.51
12.38,2.02
9.7,-2.59
9.98,-2.62
10.84,-2.73
11.9,-2.65
14.6,-1.71
17.73,-0.78
21.26,2.14
17.4,3.55
20.58,6.12
16.85,2.99
10.82,1.59
4.26,0.5
5.04,-2.7
4.89,-2.2
16.45,-0.33
18.91,4.12
8.49,-3.74
5.97,-4.31
11.89,-1.61
8.08,-1.75
4.87,-6.45
5.9,-6.47
13.03,-0.6
9.08,-4.09
1.54,-4.55
9.23,-0.28
8.19,-5.67
7.22,-6.06
13.02,-0.28
11.29,2.93
18.33,1.84
17.12,1.54
13.29,0.45
16.93,1.61
6.55,-5.9
-1.81,-5.62
5.56,-5.62
14.56,-1.37
18.99,9.27
17.2,-2.63
9.39,-2.85
12.2,-1.88
14.38,-1.48
18.22,11.65
16.4,-1.24
7.95,-1.2
11.34,-1.79
1.96,-5.26
6.81,-5.32
7.35,-4.9
2.93,-5.49
11.47,-3.68
17.62,8.76
20.49,6.89
15.48,5.68
20.5,5.35
11.39,4.31
9.5,5.57
9.06,5.36
17.42,8.35
14.12,2.07
1.8,-5.67
1.28,-6.75
6.03,-6.2
6.19,-8.99
-6.84,-12.95
-6.71,-13.32
6.14,-10.75
6.4,-8.64
0.37,-10.72
1.66,-10.45
10.04,-1.55
8.22,-1.77
1.9,-3.47
0.19,-6.73
1.44,-6.9
-1.97,-4.43
6.25,-4.78
9.66,-7.1
-3.59,-8.81
-2.88,-13.22
0.51,-13.04
2.63,-7.89
4.85,-7.76
-1.62,-14.94
-4.46,-15.44
1.79,-9.48
-1.15,-16.98
-2.87,-16.89
5.28,-7.63
5.5,-6.75
16.13,-0.21
7.61,-1.54
-1.38,-7.3
-4.37,-11.95
-5.09,-12.69
3.35,-10.38
1.85,-9.84
8.5,-8.3
11.12,-1.31
6.45,-2.61
12.05,-1.98
-1.38,-8.17
-2.19,-9.71
0.53,-9.68
12.41,-7.31
16.84,7.79
12.72,-5.42
1.94,-6.14
0.68,-6.42
15.12,-4.32
17.67,3.99
16.58,-2.21
-1.36,-3.05
2.45,-1.87
-0.22,-4.1
3.45,-5.65
9.9,-5.53
11.79,-3.8
19.43,1.98
21.15,2.12
8.34,-1.08
13.22,-1.06
23.9,6.9
21.88,10.47
14.79,0.45
4.72,0.25
9.86,-1.26
11.61,-1.08
7.6,-8.46
-2.04,-8.71
11.54,-3.73
18.28,2.65
20.0,2.75
22.03,3.02
22.73,5.07
17.53,8.32
9.18,2.33
17.88,1.83
21.75,3.76
18.67,9.41
19.96,6.63
11.79,4.68
7.47,2.49
5.2,-2.46
6.62,-5.83
6.85,-5.01
8.97,0.54
26.5,7.94
8.63,1.11
6.78,-2.96
13.12,-1.55
15.87,1.4
16.54,5.35
13.97,6.04
14.32,5.69
11.98,2.3
9.31,1.14
7.66,-1.91
18.24,-0.15
18.26,10.38
21.96,10.86
20.8,3.87
16.77,3.8
22.28,7.69
17.55,1.35
11.2,1.67
7.3,0.74
11.91,1.51
19.39,6.65
19.12,7.85
26.29,10.56
29.41,15.76
28.52,17.67
19.41,3.28
14.92,1.96
18.89,3.76
18.94,7.41
23.04,11.7
26.1,13.36
22.74,6.37
22.42,9.47
26.07,9.98
15.55,10.17
16.37,11.99
22.13,9.51
17.93,7.84
21.81,9.69
26.2,12.63
29.45,17.19
31.02,12.79
30.37,14.54
29.73,14.97
29.96,13.69
30.57,13.01
25.71,11.08
28.11,13.34
22.24,14.69
27.98,15.81
30.71,20.09
29.01,16.48
20.26,10.61
19.23,10.08
24.27,11.7
28.91,18.08
22.44,14.06
20.35,10.82
22.89,12.26
27.77,14.85
30.88,17.73
31.21,18.73
30.75,18.95
24.45,12.5
27.16,11.76
28.42,12.87
28.55,15.47
27.6,18.31
27.3,15.87
27.95,14.1
25.45,13.8
22.41,14.36
25.78,15.14
29.25,19.63
33.38,23.41
34.47,23.38
33.86,23.5
33.17,24.1
30.72,15.71
26.31,11.39
26.58,12.39
30.63,13.52
33.68,18.01
34.45,16.3
30.31,14.93
31.01,15.58
30.76,17.69
28.82,14.87
26.72,10.45
26.48,10.31
29.61,14.02
33.03,20.26
33.22,20.89
30.51,19.2
30.93,17.65
32.7,21.14
35.94,23.86
34.45,22.5
27.78,21.78
25.36,20.32
26.78,15.86
29.65,16.71
30.58,19.46
30.55,17.02
30.42,17.78
29.52,16.18
28.92,20.03
31.64,21.21
24.94,20.65
28.74,19.34
30.95,20.92
33.41,20.15
31.64,19.75
32.86,20.76
31.01,22.61
31.87,22.06
26.88,19.81
25.07,19.17
28.73,20.91
30.45,20.46
27.26,15.11
27.52,17.26
26.91,18.93
29.55,19.53
27.93,19.0
32.47,21.06
27.89,20.84
28.55,21.48
31.19,20.88
31.86,21.42
32.09,21.68
28.95,21.23
27.75,16.07
28.94,15.21
25.31,13.1
26.95,15.53
25.95,18.33
26.66,15.56
27.7,15.49
27.8,14.95
29.03,14.98
29.92,16.75
29.28,18.42
27.07,17.57
26.91,15.54
27.97,14.1
29.27,14.69
29.48,16.25
29.67,17.36
29.84,18.45
32.64,20.85
31.9,19.98
28.87,13.84
27.56,13.78
29.62,15.34
30.09,17.95
24.14,18.74
27.07,19.59
27.67,19.86
26.16,15.91
26.61,13.3
26.27,13.45
28.92,15.62
28.96,18.45
25.68,13.56
21.87,12.33
21.12,12.55
26.81,12.99
28.14,12.89
28.3,13.82
28.84,14.11
29.32,16.25
28.35,15.61
31.08,16.4
34.48,16.61
21.54,6.37
19.81,7.6
25.16,12.24
23.53,10.4
20.7,5.27
19.37,4.25
16.65,4.86
19.95,5.53
21.8,6.2
23.46,6.99
22.01,6.34
21.51,3.07
22.6,3.35
25.02,5.22
24.23,8.1
16.36,0.49
14.85,-0.07
18.36,2.02
23.46,4.85
24.2,8.04
23.63,6.1
17.91,1.14
19.91,2.03
17.45,3.26
22.38,4.0
9.69,1.03
7.05,-0.18
12.38,-2.06
15.19,-0.38
22.83,5.26
25.25,10.36
25.54,9.8
25.25,10.66
22.6,8.03
12.36,-0.19
14.54,0.73
19.4,2.79
21.08,3.83
16.27,9.07
17.48,12.32
20.09,7.34
17.9,6.31
22.75,6.35
24.34,11.47
21.46,7.76
21.55,5.54
19.16,5.96
17.16,4.65
23.17,4.9
22.58,7.96
17.12,-0.63
0.1,-1.92
4.0,-2.21
6.37,-1.95
5.2,1.35
2.99,-1.98
0.07,-3.15
1.33,-7.82
2.19,-8.53
1.8,-8.4
9.43,-5.1
13.95,-4.05
15.37,-3.2
17.1,-1.68
12.34,-3.46
12.84,-3.31
12.42,5.38
7.9,4.84
15.86,0.62
3.52,-6.34
4.16,-6.98
13.67,1.73
11.36,-6.48
5.64,-6.84
7.82,-3.82
10.63,6.1
9.9,4.88
7.24,4.47
8.97,4.92
7.96,4.48
7.89,2.38
7.43,-0.57
7.98,-0.53
12.52,4.85
7.03,1.18
4.43,-0.82
1.24,-4.44
1.43,-7.74
0.81,-7.67
7.56,-5.77
6.46,-5.49
6.64,-22.1
-16.34,-22.27
-8.76,-16.82
-6.7,-14.43
-3.31,-9.07
-0.27,-4.92
9.87,-3.46
14.34,8.45
15.56,8.23
