20170101
8.32,-0.52
13.08,6.16
13.33,-3.55
-1.37,-6.65
-5.09,-13.34
-9.1,-15.64
-8.06,-16.33
-5.21,-15.2
5.13,-6.22
12.88,-1.05
18.02,0.5
18.8,-0.67
2.19,-0.51
3.33,0.81
4.14,0.78
14.99,4.1
15.35,3.22
5.52,1.78
11.22,2.99
15.2,7.92
18.44,6.51
15.77,7.0
9.28,3.51
7.65,2.09
15.29,1.68
2.77,-0.93
2.2,-3.81
2.5,-3.88
0.52,-6.53
7.4,-7.54
8.13,3.04
6.98,-2.01
2.51,-5.04
-0.39,-10.6
5.04,-10.84
11.36,-1.45
16.32,-0.39
16.05,2.98
6.63,-4.34
-1.63,-8.37
13.06,-4.15
18.5,8.71
16.63,-2.66
9.61,-2.55
11.76,1.84
7.68,-1.74
10.46,-0.36
19.82,4.46
17.08,6.53
15.85,2.35
20.56,3.42
18.86,9.87
20.97,12.32
20.61,13.62
24.99,2.27
2.53,-5.86
8.86,-5.24
11.41,5.34
18.68,8.49
16.04,0.59
8.0,-1.71
4.54,-2.47
11.94,-1.04
19.59,0.07
17.63,9.5
13.96,5.48
16.41,3.01
21.62,1.35
7.0,-3.15
3.16,-5.59
4.53,-5.09
3.69,-4.0
0.81,-6.86
2.19,-7.58
6.78,-5.9
9.72,1.62
6.99,-0.6
10.94,0.7
19.17,5.34
17.35,-0.05
7.22,-1.37
15.48,-0.71
24.29,13.17
25.14,13.41
19.16,6.88
20.55,7.76
16.32,9.27
17.38,8.81
24.83,10.97
13.11,4.63
10.15,2.28
19.49,4.39
21.57,12.4
20.45,8.7
24.37,5.27
9.39,1.44
14.11,-0.36
19.37,4.2
25.62,9.74
26.44,15.11
18.92,5.5
21.46,6.68
26.9,8.68
28.58,12.31
28.22,17.04
26.76,13.37
21.94,10.63
25.53,13.61
27.79,16.78
27.52,10.29
16.08,7.57
13.09,5.64
19.2,6.53
24.14,9.49
24.41,12.12
28.79,15.43
18.11,7.18
21.97,9.49
27.45,15.66
26.01,12.79
17.57,7.84
19.8,4.75
13.81,7.43
14.71,7.56
10.81,4.6
17.26,3.76
18.19,1.16
19.0,5.37
22.44,11.55
29.38,14.35
21.49,11.93
19.08,7.09
24.04,10.85
28.08,13.04
28.64,14.33
29.66,17.35
28.72,20.57
28.93,18.1
28.54,16.33
28.3,16.39
25.33,8.78
22.05,9.61
24.03,13.48
18.04,12.93
18.49,10.23
26.58,14.76
28.74,16.69
24.1,15.19
28.32,13.24
27.5,12.65
27.54,10.78
27.11,10.44
29.09,12.44
31.06,14.45
30.91,18.8
30.23,15.33
25.3,11.78
20.82,10.09
24.3,10.74
28.43,14.31
29.89,15.81
31.28,18.78
32.99,21.04
31.32,19.11
31.52,19.14
28.5,18.73
31.05,18.66
31.29,21.11
28.53,16.58
27.78,14.88
29.66,17.11
32.4,20.2
27.64,20.96
25.67,16.48
26.0,11.85
26.32,11.3
24.59,10.61
24.22,11.12
27.68,16.35
31.17,20.66
29.48,20.02
29.25,17.03
30.27,16.82
30.92,19.46
29.94,19.43
29.14,20.64
26.0,18.34
30.97,16.67
28.18,14.49
29.25,17.73
30.15,22.42
27.37,19.94
32.24,22.07
31.14,21.8
29.74,15.53
28.38,16.15
30.12,17.63
31.07,19.77
31.76,17.97
31.33,19.93
32.73,22.24
33.89,23.48
33.83,21.03
29.75,19.59
29.95,16.89
28.08,16.49
30.69,18.5
29.43,22.7
28.41,15.99
26.32,13.16
28.41,15.3
30.01,17.97
29.11,17.85
29.53,17.28
30.18,19.15
24.46,11.09
25.4,13.46
22.4,16.82
25.04,14.15
27.07,11.51
27.58,14.02
29.12,15.51
27.62,16.98
27.44,13.52
28.17,16.16
28.01,17.54
30.85,18.57
31.96,21.07
31.26,20.48
29.44,18.3
31.54,18.27
32.29,18.96
32.12,20.89
29.16,14.92
26.71,11.06
26.27,11.71
25.85,11.39
26.14,12.17
28.14,13.87
26.67,16.52
26.64,14.67
28.0,15.7
27.94,14.87
16.02,12.12
22.06,11.6
27.68,12.84
30.46,15.64
22.88,8.3
20.12,7.0
21.29,7.03
24.96,8.95
23.83,7.91
23.51,7.75
22.5,8.62
21.17,14.31
18.5,15.73
23.11,12.85
28.07,13.07
29.6,14.72
30.18,15.98
28.08,18.97
26.61,17.37
30.62,17.97
32.41,18.93
32.34,17.23
32.03,16.24
32.38,15.0
31.72,15.15
31.95,16.94
29.9,12.49
23.28,7.69
25.25,7.12
23.0,5.67
23.72,6.63
26.46,10.91
28.29,14.15
26.98,16.89
24.37,16.19
27.34,16.98
28.15,13.8
20.1,14.76
22.83,15.74
22.49,16.44
18.78,13.55
17.98,11.72
23.6,10.88
28.51,13.41
23.82,6.99
17.31,2.98
20.18,3.31
21.16,4.3
24.0,6.68
25.05,7.13
24.39,10.01
25.43,14.43
17.49,7.85
11.8,4.85
11.01,0.1
17.45,0.13
14.52,1.66
4.39,0.91
3.86,-1.44
9.13,-0.57
7.9,-0.48
15.77,2.35
20.29,13.5
16.6,7.47
19.62,9.62
23.97,9.63
12.56,6.86
9.18,4.71
11.53,-0.49
13.45,-1.66
3.5,-3.76
7.08,-3.56
9.45,2.3
8.03,1.4
11.49,1.13
9.96,0.85
5.13,-1.36
15.82,0.71
18.23,2.43
3.89,-3.72
9.81,-3.52
13.56,-2.63
5.55,-4.06
8.91,-2.64
14.18,-1.37
15.44,-1.7
12.49,-2.41
17.37,0.19
17.63,4.77
14.76,2.91
12.45,-2.17
12.34,-2.33
13.72,-1.43
15.52,-1.32
18.62,4.72
9.75,-2.29
7.43,-2.39
0.23,-8.04
0.19,-8.73
0.14,-6.63
3.69,-6.38
9.63,-4.18
0.33,-7.69
8.04,-5.84
0.88,-5.9
1.48,-4.44
10.43,-0.82
7.41,2.96
8.0,4.94
10.5,2.36
10.19,-1.16
13.12,-1.26
12.42,3.19
3.65,-0.99
1.75,-5.97
-1.58,-7.38
-4.31,-15.88
-8.44,-16.18
-4.84,-12.24
-2.98,-7.04
-5.29,-14.55
-8.58,-18.76
-11.38,-21.28
-7.62,-21.32
-3.39,-16.73
-6.89,-17.72
-8.07,-19.13
-6.51,-19.59
3.55,-10.29
3.52,-0.08
5.95,-0.17
14.97,4.28
15.54,-1.91
-0.88,-10.34
-5.08,-16.23
-5.35,-16.46
-2.01,-16.21
-11.77,-17.78
-6.02,-14.45
0.5,-12.18
5.49,-6.71
9.79,0.72
13.07,7.0
13.75,2.39
3.88,-1.24
0.76,-5.59
8.84,-4.97
14.1,0.6
10.96,-2.33
11.77,-3.37
1.82,-5.62
1.21,-6.17
12.09,-0.7
6.95,-10.78
-3.89,-11.68
4.6,-6.44
4.05,-9.84
-1.65,-9.98
0.78,-3.9
-0.11,-8.32
0.65,-8.05
11.15,-1.3
6.02,-0.41
2.01,-6.2
4.93,-6.47
7.44,-4.26
15.4,5.77
20.35,8.9
8.33,-1.49
2.83,-1.69
13.07,-1.8
23.37,12.97
25.61,11.43
12.24,3.84
11.64,4.19
16.55,7.88
15.39,6.82
9.37,-0.62
13.47,-0.67
16.75,0.49
13.59,10.05
14.34,0.13
9.8,-2.31
10.9,-1.99
11.45,-0.74
9.88,0.27
14.17,-0.51
4.08,-2.05
1.33,-4.44
7.58,-3.88
10.64,-0.5
7.52,-1.57
5.64,-3.68
6.07,-5.44
5.64,-4.89
15.44,-2.05
9.65,-1.98
9.43,-1.06
14.92,0.05
16.76,0.06
2.56,-1.76
5.02,-4.36
8.47,-3.78
10.94,-1.37
2.57,-1.68
8.71,-1.3
15.41,3.66
14.15,10.27
14.82,10.51
14.96,5.45
10.31,0.36
16.19,1.3
9.94,-0.5
10.14,0.1
23.57,1.04
3.52,-3.42
11.3,-1.92
15.45,-2.16
6.37,-4.42
6.61,-1.9
6.91,-1.25
7.34,-1.96
18.55,-0.15
26.73,13.36
26.78,16.05
20.59,10.63
12.0,0.67
2.53,-0.42
11.66,0.53
23.42,1.54
12.7,-0.83
16.75,1.66
18.95,5.47
20.14,9.14
14.98,9.73
13.54,10.6
19.56,4.93
20.6,4.19
21.84,6.58
14.85,0.0
17.42,0.8
23.21,5.0
27.39,13.68
28.83,18.25
25.75,17.81
26.17,14.19
19.04,11.76
27.3,10.1
23.35,8.01
25.9,9.72
28.62,15.5
29.01,14.7
30.36,18.09
29.71,17.19
31.29,17.94
32.53,20.11
31.77,18.83
26.49,16.47
28.26,17.57
24.01,18.21
26.0,16.85
31.05,17.82
30.02,18.44
29.73,15.1
27.85,13.98
28.55,13.24
30.88,18.23
30.39,18.3
32.1,18.97
32.62,20.12
30.89,21.42
27.26,20.53
28.84,19.5
29.13,18.04
30.82,19.65
27.35,12.52
24.98,11.8
28.51,14.04
26.72,15.0
31.04,17.92
31.98,18.11
32.81,17.51
26.39,17.85
25.91,18.67
28.17,19.69
29.02,14.64
29.03,15.34
31.37,18.51
33.82,20.64
34.29,21.83
33.47,22.28
32.88,21.25
31.08,21.45
27.06,19.02
24.9,18.18
25.33,18.05
28.16,20.23
24.02,19.91
26.38,19.46
28.76,18.55
30.83,19.98
32.03,19.96
32.75,22.57
32.73,22.38
32.22,21.76
31.12,21.98
34.6,22.79
34.35,21.56
28.35,13.46
27.65,15.24
31.54,17.91
32.84,19.9
33.02,20.71
30.09,15.97
29.59,15.77
31.91,17.42
33.13,20.64
28.78,21.13
29.77,20.15
30.57,15.15
29.79,15.54
30.42,18.32
29.15,18.15
25.07,18.85
26.76,16.79
25.93,16.64
28.7,17.14
30.27,17.23
29.89,16.42
27.06,14.28
27.29,15.0
27.71,18.08
24.84,18.78
25.23,17.5
26.89,16.44
29.34,16.85
30.51,19.52
32.01,19.41
32.81,19.98
32.35,20.12
30.0,20.69
29.89,18.33
29.66,18.45
30.45,19.83
30.47,17.13
30.29,16.87
29.91,16.27
30.96,18.59
25.81,19.41
27.22,20.63
28.13,19.97
29.27,18.29
30.2,19.37
28.61,20.23
27.29,17.3
25.39,11.48
26.51,12.47
24.65,14.15
28.69,20.54
32.23,21.91
32.43,21.72
32.74,21.32
31.3,19.47
29.03,17.59
30.88,19.04
29.88,19.51
32.23,20.82
33.25,20.95
33.55,20.38
32.63,21.01
30.68,20.39
28.46,19.11
19.71,15.07
16.53,13.8
19.54,13.15
22.21,13.86
24.1,14.94
30.22,16.57
31.32,17.53
31.61,19.45
29.08,20.36
29.9,18.49
32.81,18.53
33.15,19.3
33.44,20.81
31.13,15.57
17.22,14.23
23.77,14.24
21.67,17.33
25.28,19.81
21.96,11.62
16.28,7.47
22.78,9.15
22.89,9.95
27.11,11.73
29.54,14.47
30.2,19.25
30.69,19.55
27.48,17.77
31.39,18.77
31.52,17.92
31.61,18.12
31.34,19.62
30.78,19.35
24.99,11.96
16.28,1.99
12.77,2.67
12.41,3.85
13.27,7.27
12.85,1.34
12.03,1.47
16.67,-0.19
14.75,-0.38
14.77,0.63
17.22,-2.27
12.29,-1.98
18.99,1.07
17.93,0.39
14.91,1.09
13.89,3.46
9.94,6.12
12.4,3.72
18.5,2.87
16.7,2.44
20.67,5.45
18.73,8.19
11.55,4.99
9.32,0.45
14.01,0.45
16.35,7.0
16.1,9.03
15.64,3.37
12.79,-1.18
6.38,-0.31
6.68,-6.63
3.2,-7.18
7.05,-6.02
7.02,-0.38
2.27,-6.18
0.82,-6.19
1.38,-1.54
4.52,-1.34
8.03,0.62
11.11,0.66
6.03,1.81
3.79,-2.86
8.97,-3.53
10.85,-2.94
11.85,-0.99
13.62,0.4
15.55,0.11
2.31,-5.57
-3.58,-7.25
1.0,-7.8
7.11,-0.67
11.87,5.73
14.94,7.94
16.9,3.99
4.84,0.39
1.75,-1.97
0.49,-3.34
5.03,-5.7
3.81,-6.7
-1.83,-5.91
5.05,-7.59
2.18,-9.09
7.53,-7.42
11.18,1.33
10.44,4.64
10.49,6.08
8.92,3.22
10.11,-0.63
10.1,-3.16
8.02,-3.49
12.79,-1.49
8.63,5.11
6.69,-0.28
5.01,-1.56
3.38,-2.93
7.65,-3.17
8.5,-3.91
9.49,-3.6
14.05,4.63
14.0,-0.14
2.4,-2.61
7.3,-2.82
17.21,4.8
5.74,3.13
5.02,0.42
5.02,-0.88
10.18,0.17
12.3,-0.17
12.57,-0.02
14.64,7.8
16.19,-1.32
-0.22,-6.5
-0.78,-7.24
0.99,-6.82
1.66,-1.5
0.8,-3.25
0.6,-6.86
1.24,-4.05
2.6,0.47
5.31,1.09
2.9,0.44
4.26,-10.29
-6.54,-16.79
-6.19,-16.83
7.73,-8.05
10.46,-4.35
-0.1,-11.78
-2.73,-11.96
2.38,-3.53
0.08,-5.63
8.91,-9.77
-5.64,-16.92
-15.1,-20.44
-6.72,-18.39
1.6,-7.2
10.58,-2.95
18.33,2.9
13.79,4.27
12.99,4.02
14.87,9.78
17.56,-6.81
-2.24,-9.89
-0.17,-9.61
2.93,-3.51
10.43,1.64
11.86,-3.65
3.69,-3.61
13.56,1.01
2.36,-3.84
3.19,-4.41
0.96,-1.88
0.51,-5.26
2.32,-5.29
8.63,-1.2
7.74,-1.41
6.37,0.95
14.78,4.53
7.6,-4.89
4.97,-5.35
11.25,-3.06
15.48,-1.26
1.65,-0.69
3.84,-0.6
5.16,-0.39
0.77,-11.16
-6.05,-13.26
-3.33,-12.45
-0.39,-10.32
1.95,-3.76
3.38,-0.39
15.67,1.63
10.3,0.16
11.23,-2.19
10.65,-2.16
20.88,6.51
22.07,6.45
7.26,-0.89
9.29,-2.71
11.84,-3.26
9.43,-3.35
10.8,-2.44
13.55,2.17
7.89,1.37
11.52,-2.69
14.0,-1.91
14.7,5.53
9.67,-1.89
9.56,-2.32
15.74,-1.29
21.78,4.96
17.25,11.24
16.08,-1.28
3.99,-4.42
8.38,-3.03
14.79,-0.27
16.96,2.97
21.9,9.19
15.32,9.61
20.34,10.4
20.34,12.69
22.61,9.94
21.39,5.7
21.91,7.91
26.94,10.61
19.32,5.09
19.54,6.47
22.9,2.01
11.99,2.12
24.66,7.15
24.44,13.25
22.97,6.31
8.26,2.24
6.55,1.97
20.57,4.16
24.81,10.13
25.34,10.0
21.85,10.28
20.92,9.41
18.12,5.16
16.69,5.95
12.65,5.66
25.31,7.55
27.03,13.13
26.86,13.86
23.6,15.75
22.26,14.85
17.02,10.73
21.59,7.87
24.56,9.95
25.93,12.28
28.23,14.39
23.59,12.04
14.87,6.99
18.84,7.46
11.89,8.13
13.86,5.17
20.31,6.81
21.18,8.88
25.52,12.46
29.76,15.88
30.23,19.32
24.13,13.9
22.35,8.87
21.3,10.04
25.62,18.03
29.06,18.37
31.06,18.53
30.22,20.08
29.66,16.73
28.87,18.84
30.12,21.7
26.19,17.3
24.26,16.94
25.67,14.16
27.13,16.63
26.49,8.53
23.91,11.52
26.91,15.69
29.85,17.55
28.07,18.94
24.89,18.72
24.16,19.19
25.97,19.42
23.93,9.42
23.77,10.92
24.18,13.54
20.22,7.47
23.84,12.28
25.68,17.35
26.71,18.33
27.2,18.89
26.38,18.76
28.46,19.37
23.37,15.1
25.69,16.31
24.7,16.82
28.93,18.39
24.95,16.93
28.36,17.62
31.24,19.08
30.85,18.48
31.86,19.75
32.2,21.34
32.61,18.56
31.34,20.08
32.71,20.19
29.93,19.92
31.15,20.74
32.3,21.46
30.36,21.13
31.44,20.23
29.91,18.34
31.69,19.82
32.65,21.63
31.26,18.02
29.54,14.73
31.6,17.67
32.02,20.73
30.97,22.08
30.66,22.09
30.66,21.34
32.68,23.29
32.81,22.4
33.33,22.58
32.55,21.66
26.03,14.97
26.31,13.63
26.39,13.4
27.59,14.82
29.04,16.08
30.59,17.83
31.09,19.05
30.74,19.71
29.6,18.25
28.69,16.54
30.18,17.78
29.95,16.5
30.29,15.38
30.9,16.13
31.75,17.17
30.5,18.43
29.68,17.09
30.96,18.39
30.58,15.33
28.98,14.56
30.36,17.84
28.81,20.68
30.32,19.31
31.49,16.29
28.95,15.64
30.46,17.55
30.63,19.87
33.33,19.58
33.73,20.46
32.42,18.23
30.98,19.67
27.04,18.74
23.53,12.46
25.51,13.45
27.74,15.24
21.68,20.16
26.36,14.77
26.24,11.81
28.13,14.06
29.98,19.21
26.12,17.69
30.34,17.97
28.38,15.42
30.28,17.68
29.41,13.63
25.7,12.29
28.91,14.02
23.86,11.89
25.67,14.15
30.47,16.3
34.71,18.54
33.02,18.7
33.08,19.7
33.32,15.97
27.6,13.12
31.15,15.55
32.37,17.27
29.55,14.66
30.57,15.52
30.9,16.23
30.39,17.79
31.17,15.91
31.33,17.46
28.22,9.25
25.92,10.13
29.89,13.02
26.12,9.86
32.46,12.89
32.89,18.66
33.47,18.07
34.02,16.97
33.89,17.49
33.84,17.09
32.37,10.91
22.29,8.16
27.2,9.01
23.24,12.17
19.21,5.26
22.46,5.99
22.52,7.89
27.07,12.3
22.35,1.08
13.68,0.27
20.26,1.45
20.49,2.7
23.57,5.11
10.35,1.2
15.33,0.88
17.59,1.5
22.25,4.34
23.91,10.06
22.16,10.19
16.58,2.22
18.67,2.39
20.2,6.8
15.07,9.05
18.42,10.49
18.27,3.41
20.04,4.69
16.16,9.36
13.65,10.03
10.51,-2.5
8.46,-2.73
11.13,-2.32
12.13,-1.84
15.91,2.56
10.91,-1.72
12.77,-0.9
6.69,-6.45
2.31,-6.52
8.7,-2.57
17.84,3.6
13.1,-8.8
-5.14,-12.74
0.01,-11.32
6.16,-5.67
6.18,-5.62
8.06,-4.02
8.72,-3.71
5.81,-0.38
7.2,-1.04
8.57,3.52
12.73,4.51
7.35,-1.09
4.06,-0.14
9.92,0.25
14.76,2.06
15.02,5.32
13.76,1.35
3.61,1.27
6.5,2.4
14.16,3.12
9.88,0.61
2.4,-0.5
4.04,-0.51
10.37,-2.31
11.52,-2.86
9.55,-4.07
7.53,-4.39
13.68,-1.2
13.84,-1.64
-1.2,-7.74
3.53,-7.43
7.22,-4.96
8.16,1.78
6.32,-0.78
1.76,-1.31
1.37,-0.66
2.5,-5.45
-0.79,-9.25
4.24,-8.11
8.0,-5.17
11.45,-3.16
12.5,-2.85
15.78,-1.63
16.0,-1.45
18.77,-0.92
17.33,8.74
15.02,7.59
16.03,7.92
16.41,5.07
5.5,1.2
2.69,-0.06
9.16,-0.7
10.64,5.89
10.88,3.49
3.85,-2.14
9.03,-2.48
8.65,-2.4
9.11,-1.91
5.44,-2.25
14.21,-1.81
17.53,10.11
18.59,2.27
5.54,1.35
8.05,1.9
10.9,0.23
13.89,1.14
5.07,-5.01
3.32,-4.79
11.02,-7.7
-6.9,-10.13
-3.2,-8.69
0.17,-8.93
3.97,-8.35
9.03,0.13
7.81,1.05
1.63,-0.59
7.1,-2.85
3.83,-2.38
1.88,-0.02
2.54,-0.32
4.12,-0.3
3.84,0.02
5.95,-0.35
17.53,1.17
20.32,4.64
14.22,0.03
2.86,-0.19
0.75,-2.91
1.3,-3.0
2.33,-4.72
10.54,-3.54
7.59,0.32
5.36,-1.5
2.63,-0.85
2.94,-11.89
-4.2,-12.69
7.47,-9.61
10.35,-1.75
12.15,0.06
10.59,-3.6
6.68,-3.86
1.66,-9.59
3.28,-9.34
9.69,-6.57
13.47,1.67
7.29,4.57
8.19,2.06
3.45,-3.73
2.43,-4.03
3.19,-6.85
3.86,-6.5
17.24,-2.66
12.72,8.61
14.7,0.46
16.6,-0.5
15.5,-0.04
2.79,-4.81
10.32,-4.74
18.28,-0.22
17.76,8.9
13.86,5.93
11.43,3.54
16.86,4.17
11.52,2.33
6.11,1.15
7.16,1.16
8.77,3.47
12.17,3.36
16.08,5.21
20.33,12.31
22.06,0.42
3.49,-1.46
6.46,-1.2
12.33,2.98
12.05,3.33
17.12,3.93
21.31,6.99
25.36,12.94
26.51,16.47
18.78,7.71
16.61,5.3
8.37,4.18
11.91,0.07
16.49,2.14
20.95,6.09
21.89,7.71
16.29,7.61
21.55,9.19
25.98,13.59
27.42,7.25
13.06,0.12
11.1,0.75
17.05,5.2
16.54,9.45
9.42,0.79
8.63,-3.02
11.28,-3.99
10.28,-0.51
11.53,0.85
12.59,1.23
14.27,2.96
18.84,5.06
14.86,-0.05
21.84,3.94
13.14,10.01
19.29,7.59
18.8,6.89
15.36,1.85
19.23,5.51
23.95,13.38
18.34,7.04
9.97,5.61
20.19,6.57
27.59,13.09
23.06,6.32
21.71,7.83
9.09,4.37
15.38,2.83
19.44,7.29
12.53,-2.3
13.4,0.67
18.38,2.9
10.73,1.67
15.89,5.14
13.72,8.59
27.58,13.81
23.84,16.41
26.76,17.47
25.58,16.14
19.61,14.19
18.87,11.64
14.77,11.29
18.5,12.45
25.12,14.07
28.09,17.04
29.91,17.39
30.48,17.49
29.43,18.95
25.42,18.33
27.37,17.29
24.36,13.05
22.94,10.64
22.28,7.71
25.14,12.49
30.75,18.13
31.23,20.43
28.89,17.63
30.23,18.3
32.69,15.99
29.09,15.94
30.39,18.82
28.84,23.16
31.31,14.69
27.07,12.68
29.33,12.51
27.0,13.23
23.67,11.09
25.1,13.2
26.89,13.88
28.15,14.31
28.44,16.35
31.38,17.49
32.21,18.06
29.0,19.22
29.96,19.71
26.15,16.15
27.16,14.13
28.87,16.8
30.83,21.27
26.04,19.88
27.3,21.1
30.55,20.14
29.09,20.2
31.6,19.93
31.98,18.58
32.36,19.64
33.64,20.01
33.56,20.44
32.65,20.34
33.22,20.98
32.74,20.63
33.11,21.16
29.73,18.45
31.43,17.07
28.24,16.3
28.19,15.78
30.62,16.81
31.65,20.57
27.47,17.75
30.56,20.04
32.62,22.51
33.16,21.5
31.85,21.29
32.23,20.33
29.33,21.0
29.33,18.8
30.46,17.56
31.18,19.23
33.02,21.53
31.85,20.93
30.3,18.03
31.3,20.3
23.55,19.86
25.58,19.95
27.72,17.28
26.63,17.25
27.35,16.79
25.08,12.27
24.39,13.87
26.12,14.56
26.72,13.05
28.51,15.46
30.73,17.97
28.96,19.13
28.85,19.6
28.31,20.39
29.91,20.66
26.98,18.91
30.01,18.37
27.98,15.84
29.61,17.15
25.19,14.04
25.46,12.83
26.61,14.56
27.67,16.96
27.03,17.65
28.91,18.29
30.57,19.48
31.88,19.83
30.98,21.12
28.57,22.28
28.38,20.71
29.19,13.99
26.16,16.26
26.27,17.81
27.47,20.43
27.75,20.64
28.65,16.19
26.02,9.87
26.78,11.82
27.31,15.32
29.32,16.8
30.22,16.12
30.48,16.8
30.39,18.33
22.75,17.17
28.54,17.52
27.25,14.3
26.03,11.3
22.52,8.9
25.98,9.57
26.76,11.08
20.04,6.08
20.25,4.76
22.65,6.0
23.4,6.66
23.53,8.23
22.35,9.95
24.23,10.87
26.01,11.98
24.64,13.37
26.2,13.75
19.38,6.27
17.62,6.7
24.49,5.01
20.17,2.12
16.89,3.49
18.49,6.45
16.98,-0.16
17.44,1.09
22.62,4.68
28.76,6.74
25.92,7.45
27.58,9.61
23.12,16.3
25.67,16.24
24.77,4.54
21.06,4.57
25.59,6.21
16.97,-0.34
14.57,-1.13
17.17,0.27
16.08,9.0
13.15,7.95
16.72,8.9
21.76,11.84
27.36,12.88
25.49,6.68
12.52,5.73
10.68,5.96
9.52,6.91
10.93,6.94
12.22,8.56
11.6,4.11
9.8,-0.86
14.95,0.51
11.2,-3.23
9.91,-2.5
18.04,0.6
21.79,5.4
19.36,3.7
21.28,3.48
23.36,3.86
26.73,9.54
26.24,11.11
25.42,11.97
13.14,0.02
13.1,0.03
13.94,-1.6
17.34,0.65
13.76,1.74
13.36,1.34
6.61,-2.31
10.03,-2.13
18.53,6.09
17.57,9.11
10.79,6.9
10.41,1.1
9.29,1.96
11.18,4.23
15.18,7.69
10.58,7.31
13.06,-0.41
9.61,-2.39
11.63,-2.39
2.97,-1.86
1.01,-6.2
6.69,-5.81
6.84,-3.55
6.84,-2.43
7.34,-3.75
4.08,-3.45
1.19,-1.53
2.46,-1.0
13.57,-1.26
16.42,-1.01
17.91,5.03
16.72,3.95
6.1,2.36
2.42,-6.34
2.47,-5.73
1.59,-1.27
0.31,-5.39
3.55,-5.6
5.63,0.14
7.05,0.46
9.47,0.46
7.64,-0.56
13.58,-0.81
-1.26,-10.56
-7.65,-11.52
3.68,-9.67
11.93,-1.16
3.34,-2.55
6.01,-3.11
11.76,-1.88
0.38,-2.23
11.06,0.37
3.8,1.35
2.64,-2.53
7.93,-2.07
1.87,-0.14
2.81,-1.18
3.77,-0.68
0.48,-1.98
0.06,-6.95
0.24,-7.05
-1.12,-4.42
2.84,-4.16
8.13,-2.16
9.33,-0.15
6.29,-1.26
1.52,-1.13
1.36,-1.5
2.49,-1.7
7.35,-2.36
3.25,-2.68
10.57,-1.71
3.36,-9.42
2.1,-9.43
1.53,-1.15
4.24,-0.12
7.63,-0.24
0.97,-8.81
-0.58,-11.09
1.5,-10.9
3.75,-3.49
6.35,-2.05
-0.78,-5.76
1.01,-6.2
3.02,-4.85
4.14,-3.2
3.71,-4.98
2.94,-10.08
-4.24,-11.3
2.29,-8.42
-0.06,-5.38
-3.5,-7.13
-2.57,-7.15
-1.17,-6.29
-2.03,-8.48
-2.85,-8.96
-6.24,-11.36
-6.6,-16.31
-3.65,-14.9
-0.94,-11.2
-1.4,-14.34
0.74,-11.21
8.24,-7.74
4.49,1.19
13.26,0.5
17.38,-1.94
8.81,-1.69
7.97,0.04
13.06,6.55
16.95,2.28
8.13,-4.54
7.53,-4.51
17.2,-2.69
12.01,-3.84
8.57,-4.29
9.24,-3.72
11.32,-3.17
18.46,-1.39
19.66,0.54
21.21,8.7
18.51,7.46
16.0,4.98
12.88,-0.14
10.32,1.17
5.69,1.15
15.9,3.06
17.26,5.69
17.26,-0.03
11.21,-1.72
16.3,-1.6
19.42,1.67
19.86,4.29
19.71,9.19
22.63,6.91
18.01,8.1
14.45,4.1
23.25,6.42
11.37,-1.64
15.24,-0.06
23.22,5.77
11.55,-1.57
4.8,-5.46
9.12,-3.62
17.78,0.66
23.56,5.46
24.71,7.29
25.55,9.4
27.23,13.0
21.19,10.9
26.79,11.77
18.31,9.09
11.51,7.72
20.41,7.9
19.05,9.25
16.33,3.02
13.81,0.2
16.85,2.25
13.6,1.45
17.64,3.21
19.85,2.56
18.93,-0.86
8.13,-1.01
12.73,-0.23
16.3,3.48
11.83,6.81
17.72,3.22
24.11,7.3
27.6,16.78
26.59,17.07
20.74,9.79
22.22,1.98
22.58,5.02
24.61,13.53
23.05,15.5
22.43,9.0
17.07,3.1
18.12,4.46
17.8,2.4
15.84,5.19
18.19,2.35
16.95,4.64
16.77,4.54
17.45,3.13
19.46,3.94
21.36,4.76
22.57,9.99
21.19,12.58
22.6,14.19
26.0,15.34
27.24,15.7
28.79,14.82
28.69,13.18
29.77,14.73
30.21,15.89
30.93,15.89
31.01,17.98
25.74,17.24
27.49,17.9
22.6,7.92
13.69,4.43
19.5,6.74
23.46,10.61
23.51,14.59
18.51,16.24
22.54,13.66
29.32,14.67
29.42,16.76
27.63,19.46
27.54,20.09
25.3,20.72
25.31,20.7
27.39,20.42
30.38,19.11
33.03,19.84
31.54,15.08
31.48,13.63
27.28,13.19
27.14,13.16
29.6,16.08
32.28,18.66
28.28,17.94
30.8,21.66
27.9,12.75
22.07,10.39
25.15,13.19
28.31,18.11
27.74,21.77
30.11,21.24
31.62,20.79
32.67,20.96
34.26,21.34
29.26,20.82
25.02,15.36
24.79,13.2
26.0,14.9
29.84,18.61
31.36,19.82
31.74,19.15
30.54,20.76
28.15,17.26
24.92,16.49
26.91,18.01
26.28,20.23
27.78,21.07
27.28,18.64
28.99,19.85
30.84,20.85
28.63,20.44
27.27,19.4
27.2,17.09
28.12,17.25
28.88,17.36
27.56,16.87
27.72,16.19
28.94,17.07
30.32,18.68
30.89,21.32
31.83,17.3
31.04,17.67
30.82,19.62
31.02,20.26
27.9,16.94
22.7,14.39
27.23,12.24
26.14,13.62
27.36,13.51
27.81,14.95
29.31,16.06
28.72,17.7
30.25,18.36
31.12,19.78
26.09,21.55
32.44,22.69
32.52,23.59
33.55,20.96
30.99,20.66
28.26,19.06
24.28,18.47
27.51,19.68
29.25,19.03
30.72,20.35
29.74,18.8
30.89,18.86
31.14,18.87
32.34,19.33
33.11,20.2
33.38,21.15
31.39,19.75
33.49,20.44
33.1,20.13
32.85,21.04
32.47,21.18
26.19,20.0
25.42,18.49
26.64,13.06
26.19,13.16
26.17,14.47
26.64,17.82
26.17,12.41
28.49,13.46
28.73,16.65
27.31,11.96
25.43,11.49
26.17,12.24
27.5,15.27
29.11,17.71
30.02,18.23
30.4,19.27
25.28,15.12
28.23,16.15
30.81,17.42
31.68,18.13
29.57,18.83
22.86,18.4
24.15,13.76
15.45,9.13
19.53,6.79
23.12,8.12
21.44,7.19
24.11,8.4
28.6,14.18
29.13,15.0
29.41,14.95
27.57,12.9
26.35,12.85
25.02,15.03
23.37,16.33
22.99,14.95
25.36,15.69
24.29,16.66
24.57,15.85
25.88,14.37
27.92,14.41
28.43,17.79
27.12,17.86
21.54,11.67
24.43,12.27
27.79,18.61
23.81,9.74
16.88,4.53
19.92,4.41
21.43,4.96
21.6,5.76
22.62,7.04
21.53,9.36
12.91,6.84
16.19,6.95
23.89,12.59
16.73,8.53
14.4,1.85
15.36,1.82
12.34,8.29
16.19,10.27
13.28,9.18
17.24,2.62
12.66,2.3
9.77,-2.52
9.68,-2.43
10.77,-2.45
12.12,-2.28
14.53,-1.46
17.47,-0.6
20.97,2.05
17.77,3.18
21.1,6.76
17.25,3.12
10.61,1.42
4.44,0.39
5.65,-2.65
5.33,-2.19
16.76,-0.06
19.42,4.34
8.55,-3.94
5.72,-4.48
12.49,-1.06
7.93,-1.2
4.71,-6.53
5.8,-6.62
12.97,-0.67
8.74,-3.95
1.66,-4.23
10.0,-0.06
8.2,-5.59
7.19,-6.16
13.21,-0.35
11.89,3.48
18.8,1.77
17.86,2.09
13.26,0.87
17.18,2.64
6.98,-5.41
-1.32,-5.07
5.73,-5.08
14.92,-1.15
18.92,9.99
17.04,-2.5
9.05,-2.89
12.16,-1.72
14.34,-0.81
18.27,11.7
16.55,-0.37
9.37,-0.26
12.57,-1.48
1.78,-5.34
6.61,-5.37
7.37,-4.66
3.02,-5.27
11.62,-3.79
17.57,9.5
20.91,8.05
15.65,6.95
20.98,5.94
13.24,4.5
10.14,5.96
9.48,5.89
17.71,8.53
14.38,3.33
2.58,-5.39
1.23,-6.73
6.31,-6.24
6.81,-8.51
-6.71,-12.73
-6.94,-13.15
6.31,-10.98
6.67,-8.33
0.64,-10.49
1.64,-10.24
10.46,-1.07
8.47,-1.51
2.21,-2.4
0.72,-6.07
0.93,-6.3
-1.96,-4.44
6.37,-4.85
10.1,-6.62
-3.4,-8.39
-2.79,-13.38
0.51,-13.29
2.96,-7.93
5.63,-6.67
-1.36,-14.58
-4.15,-15.11
2.32,-9.44
-0.65,-16.89
-2.78,-16.79
5.56,-7.22
5.51,-5.48
16.14,-0.11
8.16,-0.96
-0.4,-6.6
-4.15,-11.04
-4.35,-12.05
3.87,-9.73
2.79,-8.86
8.88,-7.71
11.43,-1.25
7.37,-2.13
13.39,-1.69
-1.17,-7.59
-1.15,-9.01
1.02,-8.97
13.1,-6.66
17.2,8.18
13.37,-4.65
1.83,-5.47
1.02,-6.05
15.13,-4.07
18.09,4.38
16.49,-1.8
-1.03,-2.51
2.84,-1.53
0.11,-3.57
3.38,-5.39
9.8,-5.29
11.69,-3.57
19.28,2.17
20.94,2.35
9.2,-0.93
13.95,-0.91
23.71,7.73
21.03,12.17
15.5,0.42
4.97,0.39
10.12,-1.07
11.84,-0.71
8.86,-8.27
-2.11,-8.58
11.49,-3.55
18.14,2.91
20.13,2.88
21.88,3.05
22.53,5.19
17.8,8.35
8.85,2.13
17.65,1.91
21.6,3.67
19.9,9.47
20.01,6.46
11.78,4.28
7.57,2.8
5.86,-2.45
6.7,-5.83
6.96,-4.83
9.48,0.48
26.57,8.1
8.25,1.09
6.91,-2.9
12.61,-1.17
15.94,1.53
15.79,5.51
13.8,6.32
13.75,5.79
11.81,2.08
8.9,1.13
7.48,-1.83
18.23,-0.05
17.71,10.63
22.36,11.4
21.38,4.04
16.62,3.97
21.44,7.85
17.9,1.58
10.74,1.91
7.3,0.88
11.82,1.51
19.75,6.67
18.6,7.26
26.45,10.88
29.05,16.12
28.12,18.06
20.2,3.15
15.13,1.95
19.05,4.31
19.43,7.58
22.63,11.97
26.3,13.62
23.39,6.4
22.64,10.06
26.16,10.43
15.48,10.5
17.42,12.52
22.56,10.21
16.68,7.95
21.61,10.22
26.15,12.89
28.84,17.36
30.43,12.39
29.94,15.09
29.15,15.32
29.43,13.84
30.11,13.14
25.39,10.53
28.13,13.36
23.12,14.83
27.76,16.03
30.64,20.71
29.56,17.7
20.28,11.07
18.12,9.93
23.59,12.03
29.0,18.23
22.53,14.2
20.3,11.37
22.85,12.08
27.64,15.14
30.93,18.18
30.95,18.25
31.14,19.07
24.18,12.62
26.78,11.55
28.2,12.63
28.37,15.56
27.48,18.17
27.31,16.45
28.92,14.07
25.43,14.39
21.93,14.51
25.99,15.29
29.7,19.65
33.73,23.93
34.37,23.04
34.07,23.61
33.43,24.09
29.84,15.65
26.04,11.22
26.18,11.97
30.66,13.44
33.5,18.01
34.46,16.41
30.03,14.86
30.83,15.71
30.99,18.01
29.15,14.67
26.41,11.13
25.62,9.94
29.24,13.97
32.78,19.91
32.81,21.13
30.46,19.42
30.23,17.53
32.41,21.17
35.65,23.73
34.74,22.49
27.66,21.4
25.52,20.39
25.46,16.1
29.43,16.91
30.46,19.69
30.43,16.85
29.97,18.1
29.22,16.05
28.9,19.75
31.41,21.34
24.57,20.94
28.65,19.48
30.66,21.2
33.08,20.15
31.28,19.11
32.81,20.64
31.36,22.62
32.0,22.06
27.34,20.0
25.92,19.07
28.63,21.05
30.42,20.97
27.01,15.21
26.97,17.21
26.28,18.57
29.52,19.86
27.94,18.98
32.52,21.3
29.02,21.28
28.15,21.6
30.63,20.4
31.61,21.02
31.8,21.91
30.31,21.31
27.62,16.47
28.86,15.49
25.5,13.29
27.27,15.75
26.56,18.38
26.57,15.46
27.56,15.42
27.54,15.21
28.88,15.18
29.79,16.74
29.26,18.44
26.76,17.44
26.56,15.54
27.9,13.98
28.97,14.58
29.65,16.38
29.83,17.93
30.14,19.03
32.74,20.96
31.93,20.2
28.92,13.69
27.54,13.33
29.44,15.2
30.11,17.84
25.8,18.57
26.83,19.34
27.84,20.03
25.9,15.96
26.59,13.43
26.09,13.21
29.07,15.7
28.52,18.28
25.97,13.76
22.22,12.13
21.45,12.62
26.61,12.99
27.91,12.97
28.37,13.69
28.65,14.26
29.0,15.58
28.62,15.81
31.3,16.51
34.42,16.56
21.8,6.21
19.93,7.69
25.34,12.26
24.06,10.27
20.9,5.47
19.77,3.35
16.3,4.26
20.0,5.36
21.74,6.46
23.39,6.8
22.07,6.93
21.56,3.28
22.22,3.3
24.46,4.8
24.29,8.18
16.74,0.31
14.97,-0.11
18.06,0.97
22.83,5.1
23.86,7.21
24.67,6.48
18.3,1.41
20.06,2.21
17.83,2.86
22.06,4.74
10.2,1.05
6.73,0.07
12.36,-2.05
14.94,-1.08
22.28,5.3
25.12,10.46
25.26,9.3
25.33,10.05
23.41,7.61
11.86,0.46
14.99,1.58
19.75,3.81
20.93,4.8
16.25,10.11
17.64,12.31
19.86,7.52
17.67,6.4
22.75,6.23
24.41,11.18
21.89,7.83
22.03,5.66
19.87,6.51
17.6,5.14
23.6,5.12
22.31,7.57
17.22,-0.17
0.16,-1.73
3.22,-1.73
6.81,-1.74
5.65,1.48
3.41,-1.74
0.17,-3.54
1.6,-7.9
2.3,-7.95
1.71,-7.82
9.08,-5.73
13.75,-4.34
15.32,-3.21
17.38,-1.34
12.74,-3.31
12.77,-3.49
12.63,5.27
7.89,4.81
15.94,1.05
3.54,-6.39
4.55,-6.69
13.68,1.64
12.4,-6.28
5.51,-6.53
7.75,-3.78
11.64,6.16
10.52,5.51
7.64,5.1
9.27,5.02
8.32,4.69
8.07,1.76
7.51,-0.56
8.38,-0.44
12.46,5.15
7.28,1.07
4.89,-0.63
0.88,-4.08
1.39,-7.44
0.96,-7.3
7.48,-5.7
6.82,-5.53
6.95,-22.11
-16.26,-22.41
-8.57,-16.6
-6.45,-13.97
-2.68,-8.8
-0.11,-4.63
9.65,-3.54
14.11,8.66
16.69,9.22
