20170101
8.17,-0.3
13.13,6.29
13.39,-3.26
-1.19,-6.54
-5.06,-13.35
-9.07,-15.5
-8.2,-16.26
-5.18,-15.15
5.09,-6.16
12.8,-0.96
17.94,0.7
18.77,-0.51
2.26,-0.35
3.3,0.86
4.09,0.79
15.02,4.1
15.56,3.24
5.57,1.87
11.22,3.03
15.32,7.82
18.33,6.44
15.86,7.06
9.48,3.61
7.59,2.02
15.28,1.75
2.78,-0.85
2.23,-3.71
2.41,-3.74
0.49,-6.44
7.49,-7.5
8.16,3.21
7.07,-1.84
2.53,-4.99
-0.44,-10.65
5.13,-10.9
11.41,-1.51
16.3,-0.51
16.05,3.15
6.59,-4.07
-1.65,-8.32
12.98,-4.14
18.49,8.65
16.8,-2.61
9.56,-2.5
11.69,1.95
7.7,-1.74
10.34,-0.32
19.86,4.24
16.99,6.32
15.75,2.13
20.5,3.34
19.03,9.68
20.98,12.32
20.56,13.63
25.05,2.43
2.57,-5.82
8.75,-5.26
11.39,5.21
18.65,8.33
16.18,0.77
7.9,-1.61
4.47,-2.41
11.72,-1.02
19.54,0.04
17.59,9.48
13.89,5.44
16.31,2.8
21.72,1.39
7.0,-3.22
3.12,-5.55
4.54,-5.01
3.81,-3.97
0.76,-6.81
2.16,-7.57
6.75,-5.84
9.72,1.51
7.03,-0.83
10.82,0.52
18.88,5.31
17.34,-0.07
7.24,-1.37
15.65,-0.63
24.32,13.19
25.22,13.41
19.27,6.7
20.73,7.74
16.33,9.23
17.34,8.73
24.83,11.04
13.23,4.69
9.81,2.23
19.44,4.4
21.48,12.49
20.36,8.72
24.75,5.49
9.17,1.43
13.98,-0.39
19.18,4.51
25.6,9.67
26.49,15.09
18.92,5.59
21.43,6.84
26.79,8.8
28.57,12.32
28.14,16.99
26.86,13.61
22.02,10.8
25.56,14.08
27.73,16.68
27.57,10.41
16.22,7.61
13.02,5.7
18.94,6.66
24.09,9.72
24.35,12.22
28.72,15.49
18.29,7.17
22.2,9.59
27.46,15.82
26.39,12.93
17.73,7.91
19.84,4.79
14.01,7.55
15.04,7.58
10.23,4.63
17.17,3.8
18.15,1.0
19.05,5.49
21.8,11.52
29.34,14.31
21.54,11.98
18.9,7.03
23.82,11.01
28.12,12.99
28.62,14.34
29.66,17.48
28.72,20.59
28.9,18.0
28.58,16.42
28.62,16.43
25.34,8.8
22.0,9.66
24.08,13.49
18.31,12.99
18.42,10.18
26.55,14.89
28.73,16.77
23.88,15.27
28.3,13.26
27.51,12.63
27.52,10.83
27.08,10.4
29.05,12.53
31.07,14.39
30.88,19.0
30.0,15.4
25.31,11.79
20.56,10.24
24.28,10.8
28.33,14.4
29.82,15.86
31.19,18.92
32.98,21.21
31.12,19.1
31.06,19.14
28.42,18.85
30.97,18.69
31.3,21.29
28.55,16.65
27.64,14.93
29.57,17.34
32.33,20.42
27.67,20.96
25.77,16.62
25.94,11.83
26.27,11.35
24.46,10.63
24.14,11.21
27.64,16.55
31.16,20.8
29.49,20.12
29.34,16.99
30.31,16.76
30.96,19.59
29.9,19.48
29.14,20.74
25.94,18.26
30.92,16.58
28.11,14.38
29.17,17.89
30.18,22.35
27.29,19.9
32.2,22.12
31.21,21.84
29.75,15.55
28.31,16.23
30.07,17.67
31.05,19.91
31.78,17.98
31.3,19.99
32.71,22.2
33.89,23.42
33.78,21.1
29.71,19.66
29.95,16.89
28.04,16.42
30.68,18.52
29.45,22.7
28.3,16.0
26.28,13.11
28.37,15.4
30.03,18.1
28.97,17.73
29.52,17.18
30.12,19.17
24.48,11.04
25.36,13.54
22.36,16.79
24.88,14.22
27.07,11.35
27.55,14.14
29.05,15.51
27.57,17.07
27.38,13.42
28.17,16.15
27.86,17.53
30.83,18.52
32.0,21.13
31.18,20.59
29.36,18.16
31.5,18.17
32.22,18.92
32.04,20.87
29.22,14.93
26.71,10.93
26.2,11.65
25.81,11.34
26.11,12.19
28.18,13.8
26.51,16.54
26.59,14.54
27.95,15.69
27.83,14.82
15.94,12.13
21.55,11.61
27.51,12.75
30.29,15.56
22.84,8.27
19.97,6.97
21.14,7.0
24.78,8.97
23.69,7.93
23.39,7.76
22.4,8.37
21.06,14.33
18.35,15.72
22.96,12.67
27.86,12.93
29.38,14.66
29.97,15.84
28.03,18.88
26.41,17.25
30.41,17.9
32.22,18.81
32.18,17.2
31.91,16.16
32.25,14.87
31.57,15.04
31.79,16.79
29.95,12.49
23.24,7.61
25.13,7.1
22.92,5.71
23.68,6.88
26.46,10.98
28.34,13.9
27.02,16.72
24.35,16.08
27.31,17.02
28.14,13.96
20.2,14.91
22.89,15.81
22.63,16.59
19.11,13.73
18.06,11.58
23.57,10.85
28.45,13.26
23.92,7.13
17.32,2.95
20.21,3.36
21.19,4.35
23.89,6.6
25.15,7.05
24.49,10.05
25.42,14.11
17.51,7.88
11.92,5.12
11.1,0.16
17.39,0.17
14.89,1.81
4.37,1.03
3.79,-1.38
9.23,-0.45
7.97,-0.39
15.79,2.62
20.32,13.76
16.59,7.55
19.46,9.64
24.13,9.74
12.61,6.92
9.1,4.84
11.59,-0.41
13.45,-1.48
3.51,-3.68
6.98,-3.48
9.65,2.37
7.92,1.65
11.49,1.36
9.99,0.89
4.74,-1.1
15.72,0.84
18.23,2.65
3.93,-3.68
9.7,-3.54
13.58,-2.36
5.56,-4.07
8.86,-2.61
14.1,-1.45
15.43,-1.65
12.38,-2.29
17.34,0.02
17.6,4.6
14.74,2.8
12.37,-2.21
12.33,-2.32
13.51,-1.52
15.26,-1.36
18.49,4.44
10.15,-2.29
7.35,-2.38
0.35,-7.88
0.16,-8.61
-0.1,-6.56
3.52,-6.42
9.44,-4.3
0.32,-7.72
8.01,-5.78
0.86,-6.04
1.33,-4.62
10.51,-0.73
7.38,2.79
8.07,4.87
10.53,2.44
10.12,-1.12
13.25,-1.22
12.5,3.4
3.9,-0.83
1.86,-5.78
-1.61,-7.21
-4.11,-15.68
-8.4,-15.98
-4.77,-12.07
-2.72,-6.82
-5.19,-14.32
-8.53,-18.73
-11.55,-21.44
-7.63,-21.44
-3.39,-16.8
-7.04,-17.95
-8.18,-19.16
-6.45,-19.61
3.46,-10.55
3.47,-0.01
5.74,-0.17
14.97,4.0
15.38,-1.64
-0.75,-10.42
-5.19,-16.16
-5.28,-16.42
-1.9,-16.05
-11.72,-17.59
-5.98,-14.32
0.49,-12.25
5.18,-6.87
9.85,0.62
13.09,6.54
13.71,2.14
3.93,-1.3
0.69,-5.7
8.52,-5.2
14.16,0.21
10.7,-2.19
11.64,-3.36
1.78,-5.42
1.12,-5.98
12.16,-0.65
7.09,-10.62
-3.9,-11.56
4.61,-6.4
4.05,-9.51
-1.62,-9.62
0.92,-3.58
-0.25,-8.14
0.52,-7.87
11.08,-1.34
6.24,-0.27
2.17,-5.96
5.01,-6.21
7.47,-4.11
15.44,5.83
20.39,9.18
8.52,-1.41
2.87,-1.52
13.13,-1.7
23.42,12.9
25.64,11.94
12.59,3.91
11.62,4.2
16.66,8.15
15.42,7.01
9.24,-0.53
13.44,-0.61
16.69,0.38
13.49,10.05
14.42,0.24
9.76,-2.29
10.85,-1.9
11.44,-0.7
9.99,0.23
14.23,-0.41
4.04,-1.85
1.07,-4.35
7.53,-3.82
10.55,-0.45
7.68,-1.46
5.73,-3.63
5.91,-5.33
5.55,-4.75
15.39,-2.09
9.55,-1.86
9.31,-0.96
14.97,0.08
16.85,0.15
2.65,-1.71
4.7,-4.4
8.34,-3.78
10.94,-1.34
2.61,-1.65
8.78,-1.23
15.51,3.87
14.18,10.47
14.88,10.71
15.17,5.62
10.08,0.22
16.25,1.24
9.95,-0.38
10.09,0.21
23.69,1.15
3.55,-3.32
11.26,-1.8
15.46,-2.17
6.34,-4.3
6.55,-1.8
6.88,-1.09
7.37,-1.85
18.5,-0.08
26.68,13.41
26.77,16.29
20.53,10.97
12.05,0.8
2.49,-0.36
11.65,0.66
23.48,1.61
12.63,-0.75
16.66,1.79
18.93,5.51
20.14,9.22
15.03,9.78
13.51,10.7
19.53,5.03
20.59,4.29
21.83,6.75
14.74,0.07
17.34,1.0
23.12,5.11
27.39,13.81
28.82,18.32
25.88,17.84
26.21,14.32
18.8,11.74
27.14,10.15
23.35,7.96
25.84,9.75
28.64,15.54
28.94,14.66
30.34,17.98
29.64,17.15
31.27,17.89
32.5,20.19
31.86,18.89
26.43,16.51
28.21,17.62
24.17,18.24
25.93,16.84
31.05,17.85
30.06,18.52
29.76,15.1
27.7,13.96
28.55,13.14
30.89,18.33
30.34,18.33
32.04,19.08
32.63,20.17
30.98,21.37
27.34,20.57
28.76,19.56
28.99,18.04
30.8,19.79
27.33,12.58
24.95,11.76
28.42,14.09
26.6,14.93
30.92,17.94
31.88,18.17
32.77,17.58
26.56,17.93
25.88,18.75
28.05,19.77
29.0,14.63
29.03,15.33
31.36,18.41
33.82,20.69
34.36,21.8
33.49,22.24
32.88,21.3
31.09,21.57
26.94,19.11
24.78,18.24
25.44,18.14
28.2,20.24
23.87,19.94
26.37,19.55
28.66,18.62
30.87,20.05
32.01,19.92
32.79,22.54
32.63,22.38
32.18,21.77
30.98,21.96
34.61,22.73
34.34,21.61
28.4,13.51
27.75,15.4
31.58,17.94
32.82,19.79
32.98,20.78
30.12,15.87
29.68,15.74
31.94,17.43
33.12,20.57
28.74,21.12
29.72,20.28
30.55,15.11
29.83,15.57
30.46,18.38
28.79,18.1
25.02,18.87
26.81,16.84
25.94,16.72
28.45,17.05
30.2,17.27
29.81,16.55
27.0,14.25
27.22,14.94
27.74,18.09
25.11,18.89
25.42,17.51
26.94,16.45
29.28,16.76
30.53,19.53
32.03,19.21
32.82,19.8
32.26,19.93
29.99,20.59
29.88,18.14
29.66,18.26
30.46,19.74
30.49,16.97
30.17,16.75
29.84,16.08
30.87,18.35
25.88,19.32
27.12,20.71
28.04,19.96
29.32,18.12
30.17,19.33
28.49,20.29
27.25,17.19
25.29,11.2
26.39,12.39
24.76,14.22
28.51,20.62
32.19,21.84
32.34,21.69
32.61,21.18
31.22,19.51
28.96,17.47
30.89,19.2
29.76,19.36
32.1,20.77
33.17,20.96
33.47,20.29
32.57,20.94
30.67,20.34
28.5,19.22
19.71,15.01
16.33,13.84
19.24,13.33
21.97,14.11
24.14,14.94
30.24,16.7
31.47,17.58
31.67,19.5
29.03,20.44
29.74,18.31
32.77,18.39
33.15,19.21
33.42,20.85
31.25,15.6
17.01,14.33
23.67,14.38
21.46,17.36
25.4,20.03
21.92,11.66
16.03,7.45
22.76,9.31
22.8,10.11
27.11,11.69
29.57,14.47
30.2,19.3
30.71,19.56
27.58,17.96
31.44,18.76
31.57,17.88
31.65,18.14
31.38,19.58
30.91,19.33
25.08,12.21
16.36,1.94
12.82,2.79
12.42,4.04
13.32,7.35
12.93,1.49
12.03,1.56
16.75,-0.3
14.77,-0.32
14.94,0.62
17.21,-2.12
12.22,-1.82
18.97,1.11
17.94,0.46
14.85,1.16
13.78,3.49
9.99,6.24
12.27,3.72
18.48,2.87
16.63,2.41
20.59,5.36
18.77,8.3
11.66,5.06
9.1,0.39
13.97,0.4
16.35,6.81
16.13,9.36
15.72,3.43
12.77,-1.09
6.31,-0.3
6.69,-6.41
3.13,-7.13
7.11,-6.08
7.02,-0.33
2.36,-6.01
0.76,-6.04
1.38,-1.53
4.45,-1.18
7.98,0.76
11.28,0.77
6.03,1.97
3.77,-2.76
8.89,-3.41
10.65,-2.84
11.76,-1.02
13.48,0.33
15.29,0.16
2.32,-5.34
-3.62,-7.18
0.84,-7.77
6.87,-0.73
11.62,5.68
14.95,7.91
17.19,4.07
4.77,0.46
1.73,-1.91
0.4,-3.44
5.17,-5.68
3.84,-6.68
-1.95,-5.78
5.02,-7.6
2.36,-9.16
7.44,-7.58
11.06,1.21
10.4,4.44
10.66,6.05
9.07,3.25
9.81,-0.66
10.02,-3.15
8.03,-3.5
12.73,-1.63
8.68,5.11
6.71,-0.24
4.87,-1.6
3.38,-2.97
7.53,-3.22
8.44,-3.99
9.38,-3.67
14.04,4.5
14.22,-0.02
2.41,-2.56
7.27,-2.79
17.23,4.85
5.84,3.18
5.1,0.56
4.82,-0.82
10.19,0.29
12.28,-0.17
12.52,-0.08
14.68,7.62
16.28,-1.28
-0.22,-6.33
-0.83,-7.06
0.98,-6.71
1.58,-1.48
0.74,-3.01
0.52,-6.85
1.27,-4.07
2.53,0.45
5.25,1.15
2.77,0.55
4.28,-10.31
-6.6,-16.86
-6.21,-16.9
7.66,-8.06
10.52,-4.13
-0.09,-11.65
-2.74,-11.82
2.41,-3.43
0.1,-5.55
8.94,-9.63
-5.66,-16.8
-15.08,-20.42
-6.59,-18.33
1.5,-7.12
10.6,-2.76
18.23,2.78
13.82,4.49
13.12,4.36
15.07,10.06
17.68,-6.58
-2.12,-9.73
-0.07,-9.5
2.96,-3.43
10.55,1.8
12.08,-3.46
3.6,-3.45
13.57,1.36
2.56,-3.69
3.27,-4.3
0.93,-1.74
0.5,-5.33
2.35,-5.32
8.72,-1.15
7.73,-1.31
6.39,1.1
14.75,4.61
7.73,-4.7
4.93,-5.19
11.32,-2.82
15.74,-1.07
1.71,-0.59
3.75,-0.44
5.22,-0.23
0.75,-10.73
-5.88,-13.2
-3.19,-12.34
-0.35,-10.26
1.92,-3.69
3.23,-0.35
15.63,1.56
10.26,0.21
11.09,-2.11
10.5,-2.03
20.81,6.45
21.94,6.43
7.27,-0.74
9.13,-2.67
11.77,-3.24
9.27,-3.29
10.74,-2.3
13.72,2.0
7.93,1.42
11.34,-2.68
13.98,-1.93
15.21,5.6
9.64,-1.76
9.55,-2.2
15.75,-1.14
21.78,4.75
17.23,11.26
16.22,-1.17
3.84,-4.33
8.33,-2.81
14.78,-0.19
16.91,3.01
21.95,9.26
15.32,9.66
20.37,10.54
20.36,12.85
22.59,9.88
21.36,5.62
21.89,7.97
26.92,10.69
19.32,5.08
19.57,6.52
23.19,2.0
11.87,2.1
24.65,7.26
24.32,13.31
23.07,6.3
8.3,2.14
6.47,2.02
20.49,4.21
24.74,10.3
25.39,9.98
21.91,10.26
20.93,9.58
18.2,5.16
16.8,5.98
12.59,5.71
25.35,7.52
26.99,13.08
26.85,13.75
23.66,15.75
22.32,14.89
17.1,10.78
21.55,7.87
24.57,10.09
25.9,12.4
28.22,14.41
23.58,12.08
14.96,7.0
18.89,7.42
11.9,8.19
13.72,5.15
20.27,6.95
21.16,8.83
25.47,12.55
29.77,15.88
30.22,19.49
24.05,14.0
22.33,8.75
21.34,10.02
25.55,18.06
29.0,18.29
31.06,18.38
30.2,20.08
29.75,16.61
28.81,18.87
30.13,21.62
26.15,17.27
24.22,16.91
25.75,14.11
27.15,16.73
26.43,8.43
23.8,11.62
26.92,15.88
29.85,17.47
28.06,18.95
24.89,18.69
24.05,19.17
25.99,19.39
23.86,9.35
23.66,10.95
24.2,13.73
20.03,7.45
23.78,12.52
25.63,17.39
26.63,18.28
27.16,18.78
26.4,18.64
28.46,19.32
23.25,15.1
25.65,16.35
24.52,16.78
28.91,18.35
24.9,16.96
28.32,17.66
31.23,19.12
30.88,18.41
31.87,19.77
32.19,21.44
32.63,18.48
31.34,20.09
32.73,20.17
29.82,19.97
31.12,20.76
32.27,21.39
30.31,21.03
31.4,20.18
29.88,18.28
31.58,19.85
32.59,21.58
31.19,17.98
29.46,14.69
31.55,17.74
32.0,20.72
31.05,22.06
30.72,22.07
30.58,21.24
32.64,23.23
32.75,22.29
33.29,22.48
32.49,21.66
26.06,14.95
26.24,13.49
26.35,13.34
27.53,14.79
28.96,16.03
30.55,17.82
31.1,18.99
30.7,19.64
29.66,18.23
28.64,16.47
30.21,17.82
29.93,16.43
30.25,15.15
30.89,16.01
31.75,17.09
30.44,18.33
29.66,16.97
30.95,18.39
30.48,15.24
28.86,14.43
30.34,18.01
28.72,20.69
30.32,19.1
31.47,16.08
28.93,15.52
30.44,17.55
30.63,19.85
33.27,19.59
33.65,20.51
32.34,18.04
30.96,19.65
27.05,18.5
23.42,12.29
25.45,13.44
27.74,15.36
21.59,20.08
26.3,14.56
26.13,11.67
28.08,14.09
29.98,19.26
25.94,17.69
30.39,17.97
28.36,15.34
30.17,17.81
29.37,13.53
25.61,12.18
28.87,14.05
23.73,11.7
25.68,14.03
30.4,16.41
34.73,18.65
33.02,18.57
33.06,19.7
33.29,15.93
27.5,13.07
31.08,15.71
32.37,17.2
29.57,14.56
30.62,15.54
30.9,16.32
30.31,17.78
31.16,15.86
31.28,17.51
28.21,9.12
25.84,10.1
29.94,12.99
26.11,9.84
32.41,13.07
32.94,18.7
33.55,18.01
33.99,17.01
33.91,17.45
33.89,17.03
32.47,10.85
22.27,8.1
27.19,9.05
23.35,12.07
19.13,5.18
22.44,6.01
22.54,8.1
27.07,12.45
22.42,1.0
13.63,0.3
20.22,1.61
20.46,2.74
23.57,5.3
10.3,1.14
15.31,0.8
17.53,1.47
22.26,4.48
23.93,10.07
22.23,10.19
16.59,2.19
18.64,2.41
20.36,6.81
15.12,9.02
18.39,10.51
18.26,3.37
20.25,4.8
16.19,9.4
13.66,10.12
10.65,-2.46
8.42,-2.68
11.15,-2.32
12.12,-1.79
15.96,2.58
10.84,-1.73
12.85,-0.87
6.73,-6.42
2.32,-6.51
8.65,-2.45
17.88,3.59
13.36,-8.66
-5.1,-12.68
0.04,-11.15
6.1,-5.66
6.12,-5.6
8.07,-4.04
8.72,-3.59
5.76,-0.34
7.24,-0.97
8.76,3.54
12.79,4.48
7.26,-1.07
4.14,-0.08
9.91,0.22
14.73,2.1
15.02,5.22
13.78,1.32
3.58,1.25
6.56,2.41
14.22,3.14
9.88,0.6
2.44,-0.46
3.92,-0.47
10.33,-2.28
11.4,-2.86
9.51,-4.09
7.51,-4.4
13.6,-1.07
13.79,-1.5
-1.16,-7.68
3.47,-7.38
7.2,-4.9
8.21,2.06
6.37,-0.7
1.77,-1.23
1.35,-0.59
2.47,-5.38
-0.82,-9.2
4.18,-8.0
7.95,-5.1
11.4,-3.17
12.43,-2.76
15.76,-1.58
15.77,-1.44
18.72,-0.92
17.32,8.78
14.94,7.71
16.06,7.99
16.35,5.1
5.55,1.28
2.67,0.05
9.15,-0.63
10.64,5.72
10.92,3.53
3.82,-2.11
8.94,-2.41
8.56,-2.34
9.11,-1.85
5.43,-2.13
14.18,-1.7
17.5,10.09
18.63,2.31
5.53,1.45
8.13,2.0
10.95,0.39
13.98,1.17
5.1,-5.03
3.31,-4.84
11.04,-7.69
-6.81,-10.13
-3.18,-8.63
0.09,-8.84
4.04,-8.3
9.14,0.15
7.82,1.04
1.67,-0.51
7.11,-2.8
3.85,-2.34
1.91,-0.03
2.51,-0.33
4.04,-0.32
3.81,0.0
5.92,-0.34
17.52,1.11
20.2,4.83
14.18,0.01
2.8,-0.17
0.81,-2.93
1.21,-3.02
2.35,-4.78
10.51,-3.6
7.89,0.42
5.33,-1.54
2.62,-0.85
3.0,-11.85
-4.18,-12.67
7.43,-9.54
10.31,-1.7
12.23,0.12
10.69,-3.67
6.69,-3.88
1.64,-9.68
3.23,-9.44
9.66,-6.59
13.44,1.74
7.26,4.55
8.41,2.11
3.55,-3.8
2.33,-4.09
3.2,-6.94
3.8,-6.47
17.14,-2.61
12.74,8.57
14.67,0.38
16.63,-0.41
15.47,0.06
2.76,-4.81
10.3,-4.72
18.23,-0.22
17.74,8.73
13.79,5.97
11.47,3.54
16.86,4.26
11.52,2.3
6.16,1.13
7.07,1.14
8.64,3.44
12.03,3.32
16.2,5.2
20.33,12.33
22.14,0.41
3.46,-1.44
6.51,-1.18
12.39,2.99
12.11,3.29
17.08,3.94
21.39,7.05
25.46,12.86
26.61,16.44
18.75,7.66
16.57,5.25
8.36,4.13
11.9,0.06
16.45,2.27
20.93,6.11
22.07,7.76
16.32,7.68
21.54,9.27
26.01,13.64
27.4,7.22
13.11,0.1
11.07,0.81
17.09,5.21
16.55,9.51
9.41,0.77
8.68,-2.91
11.35,-3.91
10.31,-0.3
11.59,0.92
12.54,1.29
14.22,2.92
18.88,5.14
14.91,-0.09
21.77,3.82
13.06,9.98
19.26,7.54
18.91,6.87
15.31,1.86
19.21,5.7
23.97,13.35
18.41,7.02
9.97,5.58
20.13,6.5
27.59,13.08
23.14,6.26
21.75,7.82
9.0,4.31
15.36,2.73
19.42,7.38
12.47,-2.32
13.34,0.77
18.39,2.89
10.72,1.63
15.9,5.35
13.75,8.64
27.63,13.89
23.77,16.44
26.79,17.56
25.74,16.16
19.55,14.18
18.76,11.54
14.78,11.24
18.49,12.42
25.13,14.06
28.03,17.05
29.96,17.34
30.47,17.42
29.45,18.95
25.43,18.31
27.45,17.25
24.31,13.05
22.88,10.67
22.21,7.66
25.12,12.5
30.76,18.24
31.23,20.49
28.86,17.6
30.2,18.27
32.66,15.92
29.1,15.94
30.4,18.91
28.92,23.18
31.34,14.62
27.03,12.6
29.26,12.46
26.97,13.22
23.57,11.1
25.07,13.24
26.83,13.86
28.1,14.26
28.36,16.38
31.31,17.44
32.16,18.04
29.11,19.29
29.9,19.76
26.12,16.07
27.09,14.1
28.81,16.87
30.78,21.34
26.03,19.86
27.22,21.1
30.47,20.11
29.04,20.17
31.71,19.88
32.0,18.56
32.36,19.63
33.59,19.95
33.55,20.32
32.58,20.16
33.1,20.89
32.9,20.63
33.02,21.13
29.55,18.37
31.29,17.15
28.16,16.31
28.14,15.79
30.58,16.85
31.62,20.61
27.6,17.64
30.54,20.12
32.56,22.39
33.07,21.43
31.96,21.38
32.28,20.35
29.23,21.01
29.17,18.81
30.45,17.53
31.15,19.29
33.03,21.45
31.78,20.76
30.27,17.96
31.3,20.37
23.48,19.9
25.56,19.92
27.81,17.21
26.59,17.16
27.34,16.75
25.07,12.13
24.38,13.87
26.14,14.53
26.65,12.96
28.46,15.5
30.77,17.89
28.83,19.06
28.8,19.54
28.22,20.38
29.93,20.65
26.86,18.88
29.97,18.24
27.9,15.7
29.58,17.09
25.17,13.91
25.47,12.69
26.58,14.67
27.69,16.9
26.93,17.5
28.88,18.2
30.49,19.4
31.84,19.77
30.97,21.07
28.52,22.22
28.31,20.68
29.13,13.86
26.13,16.31
26.24,17.8
27.5,20.53
27.7,20.72
28.59,16.25
25.98,9.99
26.74,11.99
27.24,15.3
29.28,16.77
30.2,16.1
30.44,16.8
30.45,18.31
22.72,17.08
28.56,17.44
27.22,14.25
26.02,11.2
22.46,8.87
26.0,9.58
26.72,11.11
20.08,6.06
20.25,4.77
22.63,6.13
23.37,6.63
23.51,8.16
22.32,9.99
24.26,10.89
26.05,11.99
24.69,13.36
26.22,13.73
19.5,6.2
17.57,6.72
24.45,5.03
20.18,2.17
16.89,3.47
18.49,6.48
17.13,-0.02
17.42,1.19
22.59,4.48
28.73,6.77
25.86,7.44
27.55,9.56
23.05,16.43
25.61,16.37
24.69,4.66
21.07,4.68
25.56,6.18
16.93,-0.14
14.55,-1.01
17.16,0.3
16.05,9.18
13.4,7.97
16.66,9.08
21.78,11.95
27.36,12.89
25.53,6.79
12.52,5.76
10.63,6.0
9.47,7.02
10.88,7.07
12.25,8.73
11.63,4.51
9.68,-0.78
14.94,0.63
11.23,-3.19
9.94,-2.44
17.97,0.58
21.7,5.45
19.25,3.68
21.25,3.48
23.34,3.88
26.73,9.61
26.26,11.16
25.44,12.03
13.12,0.05
13.11,0.07
14.02,-1.51
17.33,0.77
13.75,1.78
13.33,1.37
6.61,-2.28
10.01,-2.11
18.5,6.03
17.56,9.14
10.92,7.0
10.74,1.16
9.22,2.12
11.17,4.2
15.18,7.6
10.58,7.3
13.08,-0.4
9.58,-2.33
11.58,-2.35
2.98,-1.75
0.89,-6.2
6.59,-5.75
6.83,-3.5
6.76,-2.4
7.36,-3.69
4.12,-3.36
1.12,-1.54
2.36,-1.03
13.49,-1.19
16.39,-0.88
17.83,5.11
16.77,3.96
6.09,2.4
2.43,-6.31
2.51,-5.62
1.6,-1.26
0.29,-5.31
3.54,-5.51
5.56,0.1
7.05,0.44
9.4,0.46
7.59,-0.47
13.54,-0.65
-1.13,-10.49
-7.6,-11.48
3.62,-9.66
11.83,-1.03
3.35,-2.48
6.03,-3.03
11.87,-1.78
0.36,-2.16
11.08,0.37
3.81,1.36
2.63,-2.55
7.9,-2.04
1.8,-0.07
2.76,-1.26
3.76,-0.7
0.46,-1.96
0.06,-6.93
0.26,-7.13
-1.07,-4.38
2.74,-4.15
8.06,-2.16
9.26,-0.13
6.34,-1.22
1.5,-1.09
1.35,-1.43
2.46,-1.63
7.34,-2.3
3.21,-2.6
10.53,-1.67
3.38,-9.38
2.1,-9.37
1.51,-1.13
4.22,-0.08
7.64,-0.21
1.01,-8.9
-0.59,-11.11
1.46,-10.93
3.72,-3.49
6.4,-2.08
-0.81,-5.71
0.95,-6.2
2.93,-4.79
4.08,-3.1
3.69,-4.86
2.93,-10.07
-4.28,-11.24
2.36,-8.39
-0.03,-5.36
-3.52,-7.12
-2.54,-7.14
-1.11,-6.27
-2.01,-8.39
-2.82,-8.82
-6.2,-11.32
-6.6,-16.3
-3.62,-14.83
-0.88,-11.01
-1.34,-14.32
0.7,-11.14
8.24,-7.63
4.37,1.16
13.19,0.39
17.37,-1.95
8.78,-1.61
7.98,0.03
13.04,6.52
16.89,2.33
8.03,-4.47
7.46,-4.42
17.17,-2.6
11.86,-3.82
8.48,-4.12
9.13,-3.65
11.24,-3.02
18.41,-1.28
19.67,0.55
21.19,8.61
18.42,7.6
16.0,4.97
12.8,-0.11
10.35,1.16
5.7,1.16
15.9,2.97
17.22,5.76
17.41,-0.02
11.22,-1.62
16.26,-1.49
19.38,1.86
19.83,4.35
19.68,9.3
22.62,6.92
17.97,8.09
14.42,4.14
23.17,6.68
11.3,-1.57
15.18,0.07
23.2,6.01
11.44,-1.54
4.62,-5.43
9.02,-3.52
17.69,0.76
23.49,5.49
24.64,7.15
25.49,9.33
27.22,13.06
21.05,10.99
26.68,11.81
18.14,9.07
11.38,7.7
20.37,7.89
18.93,9.35
16.37,2.99
13.66,0.11
16.74,2.27
13.4,1.3
17.59,3.17
19.76,2.51
18.81,-0.81
7.97,-0.96
12.64,-0.28
16.28,3.43
11.72,6.83
17.62,3.18
23.98,7.47
27.54,16.89
26.65,17.08
20.62,9.79
22.17,1.87
22.5,5.08
24.62,13.48
23.01,15.57
22.51,9.01
16.95,3.05
18.08,4.57
17.68,2.29
15.86,5.21
18.2,2.26
16.91,4.61
16.76,4.57
17.36,3.15
19.35,3.96
21.26,4.84
22.49,10.21
21.11,12.62
22.54,14.07
25.95,15.36
27.18,15.69
28.7,14.9
28.62,13.18
29.76,14.83
30.14,15.93
30.9,15.91
30.98,18.22
25.79,17.22
27.42,17.83
22.48,8.01
13.55,4.38
19.38,6.84
23.49,10.71
23.45,14.7
18.45,16.26
22.56,13.57
29.36,14.7
29.48,16.83
27.64,19.51
27.55,20.08
25.36,20.74
25.26,20.72
27.39,20.49
30.43,19.1
33.05,19.86
31.52,15.08
31.5,13.65
27.3,13.15
27.11,13.12
29.6,16.23
32.29,18.67
28.26,17.88
30.8,21.72
27.94,12.75
22.03,10.4
25.1,13.38
28.36,18.2
27.76,21.74
30.13,21.14
31.63,20.8
32.7,20.97
34.28,21.41
29.3,20.94
24.98,15.5
24.83,13.19
26.01,15.0
29.87,18.72
31.41,20.01
31.77,19.23
30.57,20.82
28.03,17.19
24.9,16.48
26.92,17.98
26.42,20.22
27.77,21.08
27.23,18.62
28.99,19.91
30.86,20.94
28.54,20.4
27.24,19.53
27.19,17.09
28.15,17.24
28.91,17.29
27.52,16.83
27.72,16.09
28.97,17.03
30.39,18.87
30.92,21.27
31.85,17.29
31.05,17.57
30.82,19.74
30.99,20.21
27.87,17.03
22.73,14.4
27.19,12.07
26.14,13.6
27.33,13.44
27.73,14.93
29.27,16.07
28.65,17.59
30.19,18.33
31.07,19.95
26.0,21.59
32.37,22.55
32.45,23.41
33.48,20.93
30.97,20.63
28.21,18.94
24.29,18.33
27.44,19.67
29.27,18.91
30.65,20.33
29.7,18.71
30.85,18.77
31.11,18.7
32.26,19.12
33.05,20.15
33.3,21.14
31.3,19.67
33.4,20.52
33.02,20.09
32.72,21.04
32.39,21.12
26.05,19.99
25.29,18.45
26.53,12.91
26.14,13.12
26.13,14.58
26.65,17.84
26.09,12.25
28.43,13.48
28.63,16.63
27.25,11.81
25.43,11.36
26.17,12.2
27.44,15.26
29.0,17.65
30.0,18.21
30.35,19.16
25.16,15.09
28.18,16.25
30.86,17.45
31.74,18.06
29.54,18.8
22.69,18.36
24.02,13.69
15.39,9.06
19.49,6.74
23.13,8.17
21.38,7.11
24.12,8.42
28.59,14.12
29.09,14.94
29.36,14.96
27.4,12.79
26.17,12.67
25.11,14.9
23.12,16.35
22.92,14.88
25.33,15.62
24.27,16.64
24.6,15.87
25.76,14.38
27.74,14.43
28.33,17.72
27.03,17.87
21.74,11.65
24.44,12.21
27.69,18.62
23.55,9.76
16.76,4.46
19.8,4.33
21.33,4.94
21.56,5.7
22.55,6.99
21.68,9.28
12.85,6.78
16.13,6.97
23.8,12.54
16.81,8.49
14.37,1.73
15.24,1.75
12.33,8.23
16.01,10.27
13.19,9.19
17.18,2.47
12.63,2.26
9.71,-2.56
9.63,-2.45
10.71,-2.47
12.11,-2.32
14.49,-1.45
17.4,-0.58
20.87,2.0
17.76,2.97
21.1,6.78
17.28,3.11
10.59,1.33
4.41,0.35
5.61,-2.65
5.33,-2.21
16.71,-0.12
19.43,4.3
8.52,-3.99
5.65,-4.55
12.47,-0.99
7.85,-1.22
4.63,-6.55
5.73,-6.65
12.87,-0.64
8.65,-3.96
1.63,-4.21
9.99,-0.06
8.12,-5.61
7.1,-6.23
13.21,-0.44
11.9,3.41
18.8,1.6
17.82,2.17
13.23,0.82
17.11,2.65
6.95,-5.41
-1.25,-4.99
5.69,-4.98
14.89,-1.21
18.85,10.05
16.96,-2.45
8.97,-2.86
12.1,-1.72
14.28,-0.81
18.2,11.66
16.52,-0.35
9.55,-0.22
12.69,-1.44
1.73,-5.36
6.56,-5.38
7.28,-4.65
2.97,-5.22
11.61,-3.81
17.53,9.6
20.97,8.03
15.61,6.98
21.03,5.93
13.25,4.45
10.18,5.99
9.49,5.91
17.7,8.55
14.36,3.4
2.57,-5.45
1.22,-6.81
6.32,-6.31
6.88,-8.5
-6.69,-12.68
-6.97,-13.1
6.28,-11.06
6.7,-8.32
0.62,-10.55
1.59,-10.27
10.47,-1.12
8.47,-1.57
2.17,-2.39
0.7,-6.03
0.79,-6.27
-1.93,-4.38
6.3,-4.83
10.12,-6.57
-3.38,-8.37
-2.81,-13.47
0.5,-13.39
2.94,-8.14
5.61,-6.6
-1.42,-14.62
-4.11,-15.17
2.31,-9.48
-0.67,-17.08
-2.81,-16.94
5.57,-7.29
5.46,-5.15
16.05,-0.11
8.24,-0.84
-0.26,-6.54
-4.23,-10.92
-4.25,-11.93
3.88,-9.61
2.91,-8.8
8.79,-7.62
11.41,-1.18
7.46,-2.03
13.53,-1.59
-1.11,-7.5
-1.06,-8.95
0.97,-8.86
13.08,-6.45
17.13,8.1
13.36,-4.52
1.77,-5.36
0.99,-6.01
15.07,-3.95
18.04,4.4
16.45,-1.71
-0.95,-2.4
2.83,-1.48
0.1,-3.51
3.25,-5.37
9.73,-5.27
11.62,-3.5
19.2,2.06
20.87,2.3
9.21,-0.86
13.91,-0.8
23.64,7.72
20.92,12.44
15.5,0.4
4.92,0.39
10.01,-1.12
11.83,-0.69
8.79,-8.23
-2.1,-8.49
11.44,-3.49
18.05,2.91
20.12,2.71
21.89,2.94
22.48,5.16
17.72,8.32
8.76,2.11
17.58,1.94
21.53,3.49
19.95,9.45
19.94,6.45
11.84,4.28
7.52,2.8
5.76,-2.38
6.66,-5.9
6.9,-4.77
9.61,0.4
26.55,8.13
8.13,1.08
6.73,-2.82
12.39,-0.96
15.91,1.71
15.77,5.33
13.67,6.31
13.66,5.81
11.71,2.03
8.83,1.11
7.26,-1.79
18.04,0.07
17.48,10.54
22.24,11.42
21.18,4.07
16.55,4.05
21.32,7.88
17.78,1.44
10.65,1.88
7.05,0.89
11.71,1.5
19.62,6.57
18.39,7.03
26.39,11.08
28.97,16.22
28.07,18.11
20.2,3.0
15.08,1.93
18.84,4.45
19.3,7.46
22.62,11.87
26.22,13.53
23.33,6.29
22.54,10.15
26.13,10.33
15.35,10.41
17.32,12.39
22.5,10.21
16.57,7.83
21.49,10.29
26.08,12.89
28.74,17.31
30.33,12.21
29.79,15.17
29.0,15.35
29.49,13.81
30.14,13.11
25.33,10.38
28.08,13.35
23.12,14.89
27.64,15.99
30.55,20.78
29.53,17.7
20.2,11.01
17.96,9.78
23.47,12.03
28.98,18.16
22.4,14.27
20.19,11.37
22.85,12.05
27.54,15.18
30.93,18.12
30.93,18.16
31.21,19.07
24.16,12.56
26.81,11.52
28.17,12.69
28.32,15.64
27.48,18.21
27.27,16.5
28.98,14.05
25.43,14.41
21.97,14.49
25.95,15.28
29.71,19.6
33.72,24.0
34.42,22.98
34.13,23.59
33.48,24.04
29.74,15.57
25.97,11.17
26.14,11.93
30.68,13.32
33.52,18.11
34.48,16.3
29.99,14.79
30.83,15.66
30.95,18.03
29.19,14.54
26.34,11.26
25.55,9.91
29.19,14.11
32.78,20.01
32.8,21.13
30.4,19.48
30.22,17.43
32.35,21.35
35.66,23.71
34.83,22.41
27.51,21.36
25.42,20.37
25.42,16.1
29.38,16.95
30.4,19.82
30.38,16.8
29.96,18.1
29.1,15.99
28.83,19.8
31.34,21.32
24.51,20.96
28.61,19.45
30.58,21.26
32.99,20.14
31.25,18.98
32.73,20.6
31.24,22.64
31.98,22.09
27.3,20.05
25.93,19.05
28.54,21.06
30.36,20.98
26.91,15.13
26.89,17.27
26.23,18.48
29.45,19.82
27.85,18.9
32.44,21.37
29.02,21.34
28.14,21.65
30.55,20.31
31.54,21.01
31.68,21.88
30.24,21.28
27.51,16.32
28.74,15.39
25.39,13.21
27.22,15.84
26.48,18.28
26.51,15.35
27.46,15.33
27.47,15.13
28.8,15.07
29.68,16.72
29.09,18.34
26.64,17.35
26.36,15.39
27.74,13.8
28.83,14.47
29.54,16.36
29.67,17.87
30.05,19.07
32.61,20.96
31.88,20.15
28.77,13.55
27.42,13.31
29.4,15.07
30.06,17.96
25.79,18.62
26.93,19.37
27.86,20.04
25.78,16.09
26.4,13.3
26.06,13.29
29.01,15.9
28.38,18.26
25.96,13.83
22.17,12.16
21.3,12.74
26.55,12.99
27.83,12.88
28.32,13.39
28.59,14.13
28.94,15.58
28.5,15.82
31.22,16.44
34.37,16.66
21.61,6.28
19.97,7.62
25.27,12.3
23.94,10.23
20.91,5.33
19.71,3.41
16.11,4.38
19.97,5.4
21.66,6.47
23.36,6.74
22.05,6.92
21.54,3.26
22.19,3.27
24.42,4.78
24.25,8.14
16.69,0.23
14.95,-0.02
18.05,1.02
22.75,5.15
23.79,7.21
24.7,6.48
18.29,1.47
20.06,2.17
17.72,2.92
22.1,4.87
10.18,1.07
6.65,0.14
12.31,-1.95
14.93,-0.99
22.25,5.32
25.07,10.51
25.24,9.33
25.27,10.07
23.42,7.64
11.71,0.49
14.98,1.66
19.78,3.98
20.84,5.03
16.24,10.25
17.63,12.29
19.86,7.55
17.61,6.42
22.7,6.21
24.41,11.23
21.98,7.8
22.05,5.67
19.9,6.49
17.57,5.18
23.57,5.13
22.24,7.57
17.18,-0.15
0.22,-1.66
3.19,-1.64
6.84,-1.66
5.7,1.43
3.39,-1.68
0.16,-3.53
1.59,-7.85
2.29,-7.9
1.67,-7.76
9.01,-5.76
13.71,-4.35
15.29,-3.14
17.39,-1.22
12.71,-3.32
12.71,-3.47
12.58,5.23
7.85,4.84
15.88,1.12
3.54,-6.35
4.62,-6.64
13.64,1.66
12.53,-6.24
5.51,-6.44
7.67,-3.53
11.68,6.37
10.54,5.53
7.64,5.22
9.32,5.03
8.36,4.71
8.09,1.7
7.47,-0.49
8.4,-0.44
12.45,5.17
7.34,1.06
5.0,-0.56
0.82,-3.96
1.34,-7.29
0.95,-7.16
7.46,-5.73
6.87,-5.58
7.03,-22.07
-16.22,-22.37
-8.5,-16.54
-6.38,-13.84
-2.54,-8.71
-0.07,-4.53
9.53,-3.43
14.07,8.59
16.87,9.29
