20170101
7.8,-0.28
13.01,6.37
13.27,-2.98
-1.17,-6.48
-5.22,-13.45
-9.15,-15.42
-8.47,-16.23
-5.19,-15.09
4.91,-6.19
12.77,-1.09
17.81,0.91
18.64,-0.45
2.08,-0.34
3.12,0.77
4.0,0.76
15.02,3.98
15.52,3.16
5.27,1.9
11.06,2.9
15.49,7.63
18.26,6.32
15.93,7.07
9.56,3.76
7.38,1.88
15.18,1.77
2.62,-0.68
2.1,-3.57
1.94,-3.53
0.27,-6.32
7.47,-7.53
8.3,3.36
6.95,-1.77
2.38,-5.06
-0.54,-10.69
5.02,-10.88
11.28,-1.7
16.18,-0.69
16.03,3.06
6.4,-3.96
-2.0,-8.29
12.46,-4.15
18.44,8.63
16.64,-2.49
9.4,-2.47
11.54,1.88
7.33,-1.65
9.77,-0.21
19.94,4.02
16.85,6.11
15.51,1.98
20.26,3.28
19.0,9.51
20.76,12.31
20.49,13.57
25.04,2.52
2.45,-5.76
8.58,-5.27
11.17,5.13
18.4,8.25
15.95,0.83
7.53,-1.53
4.24,-2.44
11.14,-1.01
19.41,-0.06
17.36,9.39
13.81,5.23
16.23,2.39
21.68,1.23
6.98,-3.38
2.86,-5.58
4.21,-5.06
3.52,-3.91
0.57,-6.84
1.98,-7.57
6.68,-6.05
9.56,1.25
6.9,-1.1
10.58,0.18
18.21,5.13
17.19,-0.18
7.06,-1.45
15.77,-0.65
24.23,13.08
25.21,13.35
19.24,6.56
20.75,7.66
16.25,9.18
17.11,8.47
24.76,11.05
13.25,4.82
9.56,2.23
19.07,4.48
21.23,12.58
20.18,8.7
24.92,5.68
8.78,1.58
13.5,-0.35
18.63,4.68
25.44,9.86
26.35,15.07
18.9,5.73
21.21,6.96
26.42,8.94
28.34,12.27
27.88,16.9
26.8,13.76
21.87,10.93
25.4,14.31
27.54,16.67
27.44,10.54
16.19,7.68
12.77,5.71
18.53,6.69
23.8,9.97
24.16,12.37
28.56,15.55
18.39,7.19
22.26,9.74
27.24,16.08
26.5,12.97
17.8,7.96
19.67,4.74
13.94,7.63
15.17,7.62
9.74,4.66
16.93,3.89
17.93,0.84
18.93,5.53
21.25,11.52
29.1,14.28
21.54,11.91
18.66,6.96
23.56,10.95
27.95,12.96
28.38,14.32
29.49,17.47
28.55,20.52
28.64,17.97
28.39,16.43
28.59,16.6
25.2,8.81
21.74,9.61
23.96,13.55
18.3,13.05
18.24,10.16
26.4,14.98
28.55,16.82
23.62,15.35
28.05,13.21
27.34,12.56
27.39,10.72
26.92,10.17
28.94,12.45
30.92,14.36
30.76,19.14
29.86,15.41
25.13,11.73
20.22,10.28
24.18,10.7
28.11,14.51
29.65,15.95
31.04,18.93
32.97,21.36
30.87,19.07
30.59,19.06
28.29,18.97
30.81,18.59
31.28,21.3
28.54,16.72
27.51,14.92
29.42,17.46
32.21,20.54
27.69,20.93
25.81,16.67
25.82,11.64
26.17,11.39
24.28,10.58
23.96,11.2
27.54,16.6
31.15,20.83
29.47,20.23
29.34,16.88
30.32,16.74
30.94,19.71
29.83,19.47
29.11,20.76
25.91,18.24
30.85,16.55
28.09,14.31
29.11,17.92
30.18,22.37
27.17,19.84
32.13,22.26
31.23,21.82
29.69,15.51
28.22,16.26
29.95,17.65
31.0,20.02
31.74,17.88
31.24,20.04
32.68,22.19
33.86,23.37
33.63,21.07
29.67,19.68
29.85,16.83
27.99,16.39
30.61,18.61
29.39,22.71
28.2,15.96
26.21,12.98
28.29,15.45
29.96,18.28
28.73,17.59
29.4,17.11
29.97,19.23
24.34,11.03
25.19,13.62
22.18,16.92
24.63,14.3
26.89,11.17
27.42,14.19
28.81,15.66
27.42,17.26
27.21,13.36
28.06,16.23
27.54,17.66
30.71,18.42
31.9,21.14
31.02,20.69
29.16,17.96
31.4,18.03
32.01,18.84
31.9,20.85
29.18,14.86
26.61,10.74
26.05,11.56
25.67,11.24
25.97,12.13
28.03,13.79
26.28,16.5
26.48,14.41
27.8,15.68
27.67,14.79
15.78,12.01
20.89,11.63
27.28,12.9
30.07,15.18
22.94,8.17
19.67,6.99
20.91,7.02
24.52,8.99
23.49,7.75
23.23,7.61
22.3,8.11
20.93,14.33
18.08,15.64
22.75,12.44
27.59,12.67
29.05,14.32
29.69,15.64
27.93,18.65
26.17,17.22
30.11,17.8
31.95,18.72
32.03,17.05
31.76,15.98
32.19,14.61
31.36,14.62
31.57,16.55
29.96,12.26
23.11,7.44
24.96,6.92
22.55,5.8
23.42,7.22
26.28,11.15
28.33,13.75
26.94,16.61
24.12,16.08
27.13,17.2
28.06,14.16
20.19,15.03
22.83,15.96
22.66,16.8
19.25,13.87
18.04,11.38
23.18,10.77
28.22,13.22
23.8,7.21
17.12,3.02
20.06,3.56
21.11,4.53
23.57,6.86
25.08,7.18
24.37,10.28
25.28,14.07
17.39,7.88
11.9,5.49
11.02,0.29
17.19,0.33
15.25,1.96
4.27,1.22
3.64,-1.2
9.18,-0.24
7.91,-0.2
15.72,2.72
20.18,13.95
16.14,7.5
18.92,9.44
24.11,9.8
12.6,6.86
8.89,4.85
11.48,-0.34
13.37,-1.4
3.26,-3.65
6.66,-3.42
9.59,2.43
7.49,2.05
11.37,1.62
10.03,0.86
4.14,-0.85
15.51,0.93
18.12,2.76
3.86,-3.55
9.56,-3.41
13.47,-2.2
5.26,-3.95
8.45,-2.59
13.85,-1.41
15.27,-1.54
12.19,-2.16
17.34,0.13
17.5,4.64
14.63,2.85
12.29,-2.21
12.23,-2.3
13.34,-1.49
15.15,-1.37
18.36,4.27
10.07,-2.24
7.26,-2.25
0.21,-7.71
0.14,-8.53
-0.14,-6.41
3.33,-6.36
9.18,-4.38
0.19,-7.64
7.9,-5.76
0.66,-6.23
1.24,-4.82
10.42,-0.54
7.26,2.88
8.04,4.68
10.46,2.5
9.92,-1.08
13.11,-1.13
12.4,3.51
3.84,-0.6
1.85,-5.72
-1.58,-7.11
-4.16,-15.69
-8.4,-15.97
-4.74,-12.01
-2.74,-6.42
-5.29,-14.19
-8.68,-18.74
-11.78,-21.67
-7.77,-21.66
-3.54,-17.04
-7.2,-18.16
-8.26,-19.44
-6.53,-19.9
3.38,-10.69
3.4,0.07
5.66,-0.22
14.92,3.8
15.29,-1.36
-0.71,-10.42
-5.21,-16.2
-5.36,-16.42
-1.95,-15.98
-11.8,-17.58
-6.05,-14.17
0.33,-12.26
5.02,-6.97
9.74,0.46
12.94,6.36
13.64,2.14
3.89,-1.23
0.56,-5.84
8.36,-5.39
14.16,-0.17
10.54,-2.22
11.58,-3.26
1.88,-5.23
1.05,-5.8
12.08,-0.61
7.04,-10.55
-3.95,-11.5
4.53,-6.34
3.93,-9.32
-1.75,-9.49
0.83,-3.14
-0.41,-8.03
0.36,-7.76
10.82,-1.26
6.1,-0.2
2.11,-5.81
4.87,-6.12
7.34,-4.07
15.34,5.83
20.32,9.4
8.36,-1.41
2.82,-1.33
12.97,-1.57
23.33,12.76
25.53,12.24
12.77,3.85
11.33,4.09
16.56,8.32
15.36,7.12
9.05,-0.46
13.31,-0.54
16.55,0.44
13.35,10.02
14.38,0.27
9.51,-2.45
10.54,-1.81
11.35,-0.68
9.88,0.15
14.16,-0.36
3.96,-1.85
0.57,-4.22
7.17,-3.68
10.54,-0.56
7.67,-1.53
5.78,-3.66
5.44,-5.21
5.37,-4.69
15.12,-2.34
9.04,-1.74
8.6,-1.04
14.95,-0.04
16.86,0.1
2.63,-1.6
4.25,-4.4
8.15,-3.69
10.84,-1.41
2.48,-1.76
8.61,-1.32
15.48,4.01
13.99,10.53
14.87,10.77
15.16,5.68
9.5,0.17
16.14,1.35
9.87,-0.24
10.01,0.32
23.61,1.19
3.4,-3.14
11.1,-1.6
15.28,-2.16
6.18,-4.12
6.44,-1.76
6.72,-0.93
7.28,-1.68
18.31,0.2
26.51,13.42
26.62,16.41
20.35,11.4
12.03,0.86
2.37,-0.34
11.48,0.8
23.33,1.83
12.49,-0.69
16.48,1.93
18.72,5.82
19.9,9.28
14.95,9.82
13.38,10.82
19.35,5.11
20.37,4.46
21.61,6.92
14.45,0.17
17.13,1.27
22.92,5.22
27.37,13.43
28.65,18.47
25.91,17.85
26.34,14.59
18.61,11.8
26.82,10.3
23.19,8.11
25.64,9.79
28.4,15.77
28.61,14.69
30.22,17.93
29.47,17.18
31.08,17.93
32.32,20.36
31.71,18.95
26.02,16.57
27.9,17.62
24.21,18.17
25.66,16.9
30.86,17.92
29.91,18.63
29.62,15.13
27.43,14.06
28.26,13.12
30.72,18.38
30.02,18.26
31.82,19.25
32.47,20.3
30.91,21.31
27.29,20.59
28.57,19.59
28.72,17.96
30.68,19.93
27.14,12.61
24.87,11.69
28.27,14.16
26.23,14.82
30.76,18.06
31.78,18.16
32.65,17.72
26.69,18.07
25.82,18.73
27.8,19.8
28.94,14.56
28.94,15.29
31.16,18.37
33.75,20.73
34.35,21.72
33.47,22.23
32.83,21.32
31.08,21.71
26.68,19.22
24.57,18.21
25.39,18.17
28.08,20.35
23.62,19.94
26.24,19.64
28.48,18.65
30.8,20.12
31.99,19.88
32.86,22.48
32.46,22.23
32.1,21.75
30.7,21.89
34.49,22.66
34.25,21.64
28.28,13.42
27.72,15.52
31.5,18.08
32.66,19.65
32.83,20.78
29.92,15.7
29.68,15.65
31.89,17.45
33.05,20.49
28.65,21.1
29.61,20.35
30.44,14.91
29.83,15.52
30.39,18.58
28.39,18.03
24.97,18.95
26.81,16.83
25.89,16.67
28.2,16.9
30.11,17.28
29.73,16.68
26.86,14.07
27.1,14.86
27.7,17.96
25.31,18.92
25.47,17.56
26.79,16.47
29.26,16.7
30.48,19.57
31.87,19.03
32.7,19.76
32.09,19.84
29.94,20.62
29.77,17.95
29.59,18.09
30.41,19.73
30.4,16.8
29.94,16.67
29.71,15.91
30.7,18.14
25.86,19.22
26.99,20.77
27.85,19.91
29.27,17.96
29.99,19.35
28.32,20.3
27.1,17.06
25.04,11.0
26.18,12.41
24.81,14.22
28.22,20.63
32.05,21.76
32.14,21.66
32.35,21.04
31.03,19.55
28.82,17.37
30.83,19.28
29.72,19.22
32.02,20.75
33.08,20.9
33.35,20.18
32.39,20.92
30.5,20.24
28.7,19.26
19.76,14.9
16.26,13.85
19.13,13.5
21.76,14.36
24.27,14.96
30.33,16.74
31.54,17.67
31.68,19.58
28.86,20.53
29.66,18.22
32.74,18.26
33.19,19.11
33.45,20.81
31.38,15.64
17.01,14.42
23.48,14.47
21.37,17.5
25.36,20.25
21.89,11.67
15.84,7.31
22.73,9.4
22.82,10.27
27.03,11.71
29.5,14.63
30.15,19.44
30.63,19.69
27.52,18.12
31.38,18.7
31.49,17.88
31.58,18.21
31.33,19.67
30.95,19.38
25.03,12.36
16.47,1.97
12.76,2.89
12.44,4.16
13.3,7.5
12.92,1.57
12.01,1.62
16.75,-0.3
14.76,-0.25
15.02,0.75
17.06,-2.04
12.11,-1.74
18.93,1.21
17.84,0.5
14.73,1.2
13.59,3.61
9.88,6.37
11.98,3.82
18.31,2.97
16.48,2.49
20.47,5.33
18.67,8.53
11.41,5.08
8.62,0.27
13.9,0.32
16.34,6.63
16.1,9.66
15.7,3.36
12.62,-1.12
6.2,-0.4
6.68,-6.25
3.01,-7.11
7.06,-6.17
7.03,-0.27
2.37,-5.86
0.64,-5.89
1.3,-1.5
4.17,-1.02
7.75,0.9
11.22,0.8
5.83,2.04
3.66,-2.63
8.6,-3.32
10.26,-2.89
11.4,-1.36
13.1,0.27
15.12,0.27
2.28,-5.08
-3.79,-7.09
0.47,-7.74
6.25,-0.78
10.93,5.39
14.72,7.57
17.35,4.06
4.78,0.43
1.61,-1.93
0.04,-3.56
5.32,-6.06
3.57,-6.91
-2.13,-5.89
4.74,-7.77
2.05,-9.39
7.43,-7.78
10.84,0.96
10.14,3.97
10.69,5.85
8.78,3.34
9.54,-0.58
9.7,-3.36
7.84,-3.69
12.47,-1.84
8.62,5.12
6.59,-0.3
4.76,-1.69
3.24,-2.95
7.32,-3.18
8.22,-4.22
9.3,-3.86
13.84,4.38
14.25,-0.01
2.33,-2.6
6.91,-2.88
17.13,4.71
5.7,3.14
5.11,0.62
4.65,-0.82
10.07,0.32
12.15,-0.19
12.21,-0.11
14.54,7.25
16.3,-1.32
-0.34,-6.23
-1.15,-6.97
0.81,-6.58
1.35,-1.54
0.49,-2.82
0.28,-7.02
1.15,-4.33
2.28,0.31
5.02,1.07
2.5,0.77
4.06,-10.27
-7.01,-16.95
-6.41,-16.96
7.39,-8.05
10.44,-3.93
-0.13,-11.64
-2.94,-11.81
2.29,-3.39
-0.09,-5.57
8.85,-9.52
-5.79,-16.82
-15.13,-20.58
-6.65,-18.59
1.28,-7.31
10.36,-2.68
18.13,2.57
13.73,4.45
12.82,4.36
15.01,10.06
17.54,-6.5
-2.17,-9.72
-0.13,-9.65
2.88,-3.61
10.37,1.93
12.0,-3.42
3.47,-3.44
13.41,1.56
2.48,-3.7
3.11,-4.37
0.75,-1.68
0.43,-5.4
2.28,-5.39
8.61,-1.07
7.66,-1.28
6.3,1.06
14.7,4.55
7.77,-4.7
4.76,-5.23
11.14,-2.66
15.6,-1.01
1.69,-0.59
3.67,-0.45
5.26,-0.05
0.47,-10.52
-5.84,-13.18
-3.31,-12.31
-0.37,-10.24
1.9,-3.72
3.17,-0.35
15.46,1.39
9.93,0.3
10.77,-1.99
10.34,-1.89
20.81,6.37
21.84,6.43
7.18,-0.58
8.83,-2.65
11.6,-3.2
9.05,-3.21
10.64,-2.1
13.66,1.93
7.91,1.64
10.91,-2.68
13.88,-2.08
15.48,5.69
9.45,-1.69
9.5,-2.02
15.64,-0.97
21.87,4.5
17.12,11.21
16.11,-1.19
3.69,-4.21
8.23,-2.75
14.61,-0.09
16.73,3.04
21.85,9.32
15.21,9.73
20.26,10.59
20.28,12.88
22.44,9.88
21.28,5.63
21.84,8.0
26.76,10.79
19.3,5.11
19.52,6.53
23.24,2.04
11.69,2.12
24.53,7.23
24.1,13.33
22.95,6.38
8.3,2.13
6.37,2.05
20.32,4.24
24.59,10.25
25.3,10.05
21.95,10.33
20.82,9.73
18.04,5.24
16.62,6.13
12.49,5.75
25.28,7.55
26.99,13.13
26.72,13.69
23.59,15.82
22.28,14.94
17.1,10.92
21.37,7.86
24.39,10.24
25.73,12.51
28.1,14.57
23.51,12.18
15.1,7.06
18.81,7.45
11.88,8.29
13.47,5.16
20.15,6.92
21.04,8.81
25.31,12.61
29.7,15.83
30.09,19.64
23.88,14.08
22.33,8.7
21.38,10.06
25.36,18.18
28.8,18.29
30.96,18.32
30.1,20.08
29.67,16.56
28.64,18.9
30.03,21.58
26.02,17.26
24.05,16.96
25.58,14.04
27.01,16.73
26.34,8.3
23.61,11.67
26.82,15.95
29.73,17.36
27.94,18.95
24.78,18.62
23.78,19.14
25.96,19.36
23.83,9.25
23.5,10.92
24.02,13.77
19.89,7.36
23.63,12.63
25.63,17.39
26.51,18.29
27.14,18.67
26.26,18.53
28.49,19.28
23.19,15.13
25.53,16.35
24.32,16.64
28.86,18.32
24.83,16.94
28.2,17.69
31.1,19.08
30.77,18.33
31.78,19.75
32.06,21.48
32.54,18.37
31.24,20.03
32.67,20.08
29.66,19.99
31.02,20.75
32.17,21.27
30.21,20.92
31.3,20.1
29.81,18.15
31.45,19.82
32.45,21.44
31.08,17.89
29.36,14.56
31.42,17.66
31.91,20.68
31.01,22.02
30.71,22.04
30.44,21.12
32.5,23.17
32.62,22.15
33.2,22.32
32.36,21.66
26.02,14.91
26.11,13.34
26.22,13.19
27.39,14.71
28.8,15.96
30.43,17.75
30.99,18.89
30.58,19.49
29.61,18.16
28.48,16.43
30.1,17.83
29.8,16.38
30.1,14.94
30.76,15.92
31.63,16.99
30.26,18.22
29.56,16.86
30.83,18.37
30.29,15.17
28.65,14.34
30.21,18.08
28.56,20.69
30.29,18.98
31.35,15.93
28.83,15.42
30.28,17.48
30.49,19.8
33.13,19.56
33.47,20.51
32.18,17.86
30.82,19.62
26.95,18.34
23.3,12.18
25.32,13.43
27.67,15.43
21.43,20.0
26.16,14.42
26.0,11.55
27.95,14.04
29.87,19.31
25.82,17.69
30.39,17.96
28.25,15.25
30.1,17.84
29.28,13.43
25.5,12.08
28.82,14.05
23.65,11.57
25.66,13.88
30.32,16.45
34.67,18.68
32.95,18.43
33.01,19.69
33.22,15.91
27.36,12.99
31.06,15.74
32.32,17.16
29.55,14.44
30.61,15.58
30.86,16.46
30.18,17.75
31.08,15.8
31.21,17.49
28.14,9.01
25.83,10.04
29.89,12.94
26.05,9.78
32.31,13.1
32.92,18.71
33.53,17.95
33.78,16.99
33.77,17.38
33.77,16.92
32.38,10.96
22.16,8.13
27.04,9.16
23.32,11.94
18.96,5.11
22.26,5.97
22.54,8.2
26.9,12.66
22.35,0.99
13.53,0.32
20.09,1.57
20.3,2.75
23.41,5.5
10.19,1.13
15.2,0.8
17.46,1.49
22.15,4.76
23.85,10.15
22.15,10.27
16.41,2.12
18.48,2.42
20.45,6.66
15.11,9.09
18.27,10.69
18.2,3.3
20.34,4.88
16.13,9.48
13.62,10.22
10.67,-2.42
8.35,-2.64
11.07,-2.27
12.04,-1.82
15.92,2.51
10.7,-1.79
12.85,-0.94
6.58,-6.37
2.32,-6.42
8.46,-2.47
17.85,3.49
13.38,-8.45
-5.09,-12.62
-0.05,-11.05
5.85,-5.72
6.11,-5.7
8.08,-4.03
8.75,-3.69
5.59,-0.29
7.21,-1.0
8.95,3.56
12.58,4.47
7.16,-1.04
4.07,-0.02
9.86,0.22
14.56,2.07
14.92,5.19
13.55,1.33
3.45,1.24
6.59,2.38
14.16,3.08
9.86,0.49
2.37,-0.42
3.66,-0.45
10.26,-2.3
11.28,-2.96
9.31,-4.15
7.38,-4.47
13.46,-1.16
13.62,-1.31
-1.24,-7.69
3.34,-7.39
7.02,-4.97
8.16,2.07
6.2,-0.62
1.66,-1.2
1.22,-0.55
2.35,-5.35
-0.64,-9.07
4.14,-7.85
7.91,-5.08
11.45,-3.1
12.53,-2.78
15.88,-1.52
15.7,-1.36
18.63,-1.08
17.21,8.83
14.9,7.85
15.91,8.07
16.26,5.02
5.45,1.26
2.51,0.07
9.12,-0.68
10.51,5.6
10.9,3.61
3.66,-2.11
8.75,-2.36
8.5,-2.31
9.07,-1.85
5.28,-1.98
14.1,-1.66
17.35,9.97
18.56,2.29
5.46,1.66
8.12,2.07
10.82,0.6
13.69,1.16
5.05,-5.05
2.92,-4.92
10.99,-7.59
-6.98,-10.11
-3.1,-8.57
0.1,-8.81
4.04,-8.32
9.26,0.12
7.76,1.05
1.65,-0.39
7.09,-2.82
3.69,-2.28
1.9,-0.02
2.38,-0.28
3.88,-0.28
3.72,-0.1
5.78,-0.3
17.51,0.96
20.02,5.04
14.06,0.04
2.72,-0.12
0.75,-2.97
1.13,-3.04
2.27,-4.89
10.31,-3.63
7.85,0.4
5.24,-1.74
2.55,-0.9
2.93,-11.83
-4.2,-12.76
7.32,-9.31
10.24,-1.46
12.09,0.18
10.63,-3.75
6.59,-3.85
1.5,-9.91
3.23,-9.77
9.64,-6.63
13.44,1.7
7.15,4.52
8.29,2.15
3.51,-3.91
2.14,-4.16
3.09,-7.2
3.64,-6.49
16.92,-2.62
12.6,8.51
14.58,0.26
16.52,-0.45
15.38,0.0
2.6,-4.85
10.26,-4.77
18.16,-0.29
17.67,8.62
13.67,5.98
11.31,3.43
16.77,4.23
11.43,2.17
6.1,1.08
7.07,1.09
8.57,3.37
11.87,3.24
16.17,5.05
20.25,12.23
22.1,0.36
3.38,-1.44
6.39,-1.18
12.31,2.93
12.07,3.27
17.07,3.93
21.23,7.05
25.44,12.76
26.63,16.4
18.64,7.66
16.47,5.17
8.29,4.22
11.82,0.12
16.32,2.45
20.84,6.13
22.29,7.9
16.24,7.91
21.39,9.54
25.9,13.6
27.25,7.33
13.04,0.16
11.01,0.94
16.99,5.16
16.53,9.78
9.39,0.93
8.5,-2.85
11.29,-3.77
10.22,-0.29
11.53,1.02
12.39,1.35
13.99,2.9
18.75,5.31
14.86,-0.07
21.55,3.78
12.88,10.08
19.08,7.64
18.85,6.99
15.06,1.92
19.07,5.98
23.86,13.38
18.33,7.13
9.93,5.58
20.06,6.54
27.42,13.08
23.05,6.22
21.76,7.85
8.84,4.29
15.22,2.64
19.3,7.49
12.28,-2.32
13.23,0.88
18.22,2.87
10.66,1.6
15.82,5.59
13.64,8.74
27.58,13.98
23.55,16.51
26.69,17.63
25.76,16.25
19.38,14.15
18.46,11.46
14.63,11.21
18.43,12.43
25.05,14.06
27.84,17.02
29.86,17.27
30.33,17.36
29.29,18.98
25.35,18.29
27.42,17.21
24.07,13.07
22.72,10.75
22.11,7.59
25.06,12.43
30.7,18.35
31.19,20.6
28.66,17.54
30.07,18.29
32.65,15.83
28.96,15.88
30.33,18.99
28.92,23.18
31.27,14.53
26.95,12.46
29.13,12.37
26.86,13.2
23.34,11.12
24.95,13.27
26.67,13.84
27.91,14.16
28.16,16.4
31.19,17.4
32.01,17.98
29.2,19.38
29.79,19.84
26.05,15.96
26.98,14.01
28.72,16.85
30.65,21.42
26.03,19.84
27.12,21.1
30.36,20.1
28.9,20.04
31.72,19.71
31.95,18.43
32.28,19.52
33.5,19.8
33.48,20.15
32.47,19.98
32.99,20.75
32.88,20.57
32.85,21.0
29.39,18.17
31.14,17.08
28.07,16.24
28.04,15.69
30.5,16.74
31.53,20.6
27.71,17.4
30.49,20.11
32.49,22.19
32.97,21.33
31.95,21.39
32.22,20.23
29.09,20.9
29.0,18.75
30.37,17.32
31.09,19.2
32.98,21.26
31.67,20.69
30.19,17.73
31.24,20.3
23.33,19.85
25.46,19.9
27.82,17.16
26.44,17.08
27.21,16.73
24.97,12.01
24.25,13.85
26.03,14.52
26.53,12.87
28.33,15.47
30.69,17.78
28.63,19.01
28.63,19.51
28.06,20.39
29.88,20.76
26.71,18.82
29.86,18.14
27.74,15.61
29.46,17.01
24.94,13.82
25.3,12.6
26.45,14.77
27.61,16.88
26.68,17.37
28.76,18.11
30.32,19.29
31.72,19.69
30.87,20.99
28.37,22.16
28.15,20.66
29.02,13.76
26.04,16.35
26.25,17.78
27.49,20.57
27.69,20.78
28.57,16.33
25.99,10.11
26.69,12.12
27.24,15.25
29.26,16.76
30.17,16.06
30.42,16.8
30.47,18.28
22.67,17.01
28.56,17.35
27.19,14.21
26.01,11.12
22.4,8.84
26.0,9.57
26.67,11.09
20.08,6.04
20.23,4.75
22.58,6.19
23.3,6.61
23.48,8.09
22.3,9.97
24.24,10.84
26.05,11.97
24.72,13.29
26.22,13.7
19.63,6.08
17.53,6.73
24.21,5.12
20.04,2.24
16.69,3.54
18.42,6.44
17.33,0.08
17.44,1.24
22.51,4.4
28.61,6.78
25.71,7.47
27.43,9.57
22.92,16.53
25.44,16.48
24.56,4.76
20.97,4.75
25.43,6.15
16.8,-0.04
14.38,-0.87
17.09,0.35
15.97,9.22
13.41,8.15
16.57,9.17
21.67,11.94
27.25,12.84
25.44,6.81
12.44,5.76
10.7,6.01
9.5,7.03
10.9,7.08
12.2,8.8
11.58,4.69
9.57,-0.71
14.87,0.73
11.19,-3.16
9.9,-2.38
17.86,0.58
21.61,5.39
19.1,3.63
21.24,3.45
23.31,3.84
26.75,9.61
26.23,11.14
25.41,12.06
12.92,0.11
13.05,0.11
14.01,-1.45
17.27,0.83
13.65,1.79
13.25,1.38
6.42,-2.26
9.97,-2.09
18.42,5.97
17.48,9.18
10.77,7.03
11.08,1.1
9.08,2.27
11.05,4.18
15.06,7.55
10.5,7.29
13.05,-0.4
9.54,-2.28
11.56,-2.33
2.91,-1.67
0.72,-6.23
6.51,-5.7
6.88,-3.47
6.66,-2.48
7.29,-3.64
3.97,-3.26
1.02,-1.58
2.25,-1.07
13.37,-1.21
16.3,-0.85
17.73,5.06
16.8,3.95
6.01,2.37
2.35,-6.33
2.51,-5.52
1.44,-1.22
0.19,-5.28
3.48,-5.46
5.46,0.05
7.05,0.36
9.3,0.4
7.49,-0.41
13.45,-0.56
-1.2,-10.46
-7.5,-11.48
3.49,-9.62
11.7,-1.0
3.15,-2.42
5.99,-2.95
11.77,-1.75
0.32,-2.24
10.86,0.32
3.65,1.28
2.52,-2.5
7.73,-1.94
1.65,-0.08
2.63,-1.28
3.64,-0.76
0.35,-1.98
0.06,-6.98
0.23,-7.27
-1.08,-4.42
2.62,-4.18
7.89,-2.22
9.07,-0.17
6.26,-1.25
1.41,-1.12
1.3,-1.38
2.29,-1.65
7.23,-2.31
3.0,-2.5
10.43,-1.7
3.26,-9.47
2.02,-9.43
1.41,-1.21
4.15,-0.12
7.5,-0.24
0.94,-9.02
-0.57,-11.25
1.38,-11.08
3.55,-3.53
6.28,-2.12
-0.91,-5.75
0.8,-6.29
2.72,-4.8
3.93,-3.05
3.52,-4.9
2.76,-10.16
-4.42,-11.26
2.32,-8.45
-0.09,-5.42
-3.7,-7.16
-2.58,-7.18
-1.1,-6.28
-2.04,-8.3
-2.9,-8.69
-6.2,-11.33
-6.53,-16.41
-3.63,-14.83
-0.88,-10.78
-1.38,-14.41
0.58,-11.14
8.17,-7.63
4.17,1.07
12.96,0.26
17.29,-2.0
8.63,-1.57
8.04,-0.07
12.98,6.49
16.7,2.29
7.92,-4.49
7.37,-4.44
17.09,-2.69
11.6,-3.8
8.46,-4.06
8.96,-3.65
11.15,-3.02
18.38,-1.3
19.65,0.44
21.14,8.28
18.19,7.64
15.97,4.94
12.64,-0.17
10.37,1.11
5.52,1.14
15.43,3.07
17.16,5.78
17.2,-0.02
11.08,-1.57
16.24,-1.46
19.34,1.96
19.75,4.3
19.68,9.25
22.56,6.91
17.83,7.98
14.15,4.13
23.16,6.7
11.11,-1.59
15.15,0.03
23.14,5.94
11.2,-1.49
4.37,-5.36
8.82,-3.49
17.41,0.65
23.14,5.47
24.33,7.01
25.19,9.2
26.95,13.0
20.75,10.97
26.45,11.88
17.86,9.1
11.15,7.63
20.14,7.85
18.73,9.4
16.11,3.03
13.38,0.04
16.55,2.3
13.1,1.26
17.29,3.2
19.47,2.48
18.59,-0.71
7.61,-0.89
12.41,-0.33
16.12,3.3
11.58,6.91
17.4,3.25
23.74,7.48
27.31,16.82
26.52,17.1
20.37,9.77
22.03,1.76
22.29,5.2
24.58,13.48
22.93,15.56
22.47,9.04
16.72,2.98
17.94,4.64
17.46,2.11
15.77,5.39
18.17,2.18
16.82,4.62
16.67,4.72
17.19,2.96
19.14,3.84
21.08,4.76
22.3,10.18
20.98,12.56
22.28,13.93
25.85,15.3
27.05,15.66
28.49,14.82
28.44,13.05
29.66,14.79
29.97,15.9
30.78,15.85
30.83,18.08
25.76,17.23
27.26,17.88
22.28,7.95
13.39,4.28
19.16,6.93
23.47,10.71
23.34,14.72
18.37,16.26
22.5,13.5
29.37,14.67
29.48,16.78
27.62,19.53
27.54,20.05
25.32,20.77
25.18,20.76
27.38,20.55
30.42,19.07
33.07,19.83
31.5,15.02
31.47,13.63
27.27,13.09
27.0,13.01
29.56,16.28
32.29,18.68
28.18,17.74
30.76,21.8
27.94,12.76
21.94,10.35
25.01,13.48
28.37,18.13
27.75,21.74
30.14,21.08
31.62,20.78
32.68,20.94
34.3,21.45
29.4,20.88
24.84,15.63
24.8,13.13
25.96,15.03
29.81,18.82
31.4,19.97
31.72,19.13
30.57,20.78
27.87,17.1
24.9,16.48
26.94,17.93
26.48,20.14
27.61,21.08
27.19,18.44
28.92,19.94
30.78,20.93
28.46,20.26
27.18,19.51
27.08,17.02
28.05,17.18
28.84,17.19
27.39,16.74
27.69,15.95
28.88,16.93
30.37,18.64
30.87,21.2
31.81,17.13
30.96,17.4
30.75,19.75
30.92,20.11
27.9,17.05
22.69,14.4
27.07,11.85
26.05,13.6
27.24,13.34
27.53,14.91
29.18,15.98
28.54,17.52
30.04,18.19
30.99,19.97
25.95,21.58
32.19,22.34
32.32,23.23
33.32,20.83
30.98,20.64
28.09,18.88
24.19,18.22
27.28,19.68
29.27,18.73
30.47,20.3
29.55,18.53
30.71,18.62
30.97,18.56
32.07,18.93
32.93,20.04
33.13,21.06
31.27,19.52
33.24,20.55
32.89,19.97
32.59,20.98
32.26,21.02
25.78,19.96
25.11,18.34
26.42,12.78
26.04,13.05
26.05,14.61
26.66,17.81
26.02,12.01
28.25,13.42
28.47,16.55
27.07,11.64
25.31,11.2
26.03,12.08
27.29,15.15
28.84,17.51
29.86,18.13
30.2,18.96
25.17,15.0
28.08,16.27
30.69,17.4
31.55,17.96
29.37,18.68
22.57,18.26
23.83,13.6
15.37,8.94
19.44,6.65
23.01,8.11
21.26,6.98
23.99,8.35
28.38,14.03
28.92,14.83
29.19,14.86
27.03,12.64
25.8,12.46
25.2,14.59
22.67,16.39
22.76,14.82
25.13,15.5
24.13,16.55
24.47,15.84
25.43,14.45
27.36,14.49
28.07,17.65
26.87,17.93
22.03,11.67
24.37,12.17
27.43,18.61
23.17,9.86
16.55,4.5
19.57,4.3
21.06,4.92
21.39,5.68
22.35,6.89
21.73,9.14
12.72,6.81
16.05,7.0
23.72,12.51
16.88,8.47
14.31,1.66
15.13,1.7
12.23,8.13
15.66,10.24
12.99,9.23
17.13,2.37
12.55,2.21
9.61,-2.64
9.58,-2.47
10.61,-2.49
12.07,-2.35
14.41,-1.49
17.4,-0.59
20.74,1.94
17.61,2.78
21.03,6.82
17.26,3.11
10.47,1.25
4.3,0.31
5.39,-2.66
5.22,-2.23
16.51,-0.14
19.31,4.24
8.42,-4.05
5.57,-4.62
12.29,-0.94
7.67,-1.28
4.51,-6.62
5.6,-6.72
12.74,-0.64
8.54,-3.94
1.58,-4.15
9.86,-0.11
7.91,-5.67
6.89,-6.29
13.1,-0.57
11.73,3.3
18.65,1.42
17.62,2.21
13.16,0.71
16.93,2.57
6.83,-5.49
-1.3,-4.96
5.54,-4.94
14.71,-1.26
18.72,10.02
16.84,-2.41
8.86,-2.87
11.92,-1.74
14.13,-0.83
18.01,11.63
16.42,-0.4
9.65,-0.27
12.56,-1.43
1.67,-5.39
6.49,-5.42
7.1,-4.71
2.8,-5.23
11.51,-3.86
17.45,9.6
20.92,7.95
15.54,6.91
20.98,5.86
12.99,4.4
10.09,5.98
9.39,5.86
17.61,8.61
14.28,3.28
2.31,-5.56
1.2,-6.93
6.25,-6.4
6.75,-8.63
-6.78,-12.71
-7.01,-13.13
6.23,-11.13
6.67,-8.38
0.41,-10.75
1.52,-10.42
10.44,-1.22
8.38,-1.66
2.01,-2.51
0.56,-6.19
0.81,-6.46
-2.12,-4.34
6.2,-4.82
10.03,-6.63
-3.43,-8.39
-2.85,-13.63
0.48,-13.57
2.78,-8.4
5.29,-6.67
-1.52,-14.84
-4.1,-15.39
2.21,-9.61
-0.78,-17.39
-2.86,-17.25
5.48,-7.46
5.4,-4.87
15.88,-0.17
8.21,-0.64
-0.22,-6.47
-4.35,-10.88
-4.3,-11.9
3.72,-9.63
2.82,-8.86
8.46,-7.67
11.19,-1.21
7.33,-2.06
13.38,-1.57
-1.08,-7.5
-1.16,-9.03
0.79,-8.82
12.83,-6.35
16.97,8.07
13.11,-4.49
1.64,-5.35
0.78,-6.02
14.89,-3.92
17.87,4.33
16.36,-1.66
-0.96,-2.28
2.67,-1.47
0.02,-3.5
3.08,-5.47
9.6,-5.36
11.49,-3.53
19.03,1.98
20.68,2.25
9.01,-0.88
13.64,-0.8
23.57,7.77
20.82,12.57
15.36,0.38
4.81,0.36
9.8,-1.23
11.76,-0.76
8.53,-8.21
-2.2,-8.48
11.31,-3.58
17.85,2.81
20.0,2.64
21.84,2.88
22.4,5.15
17.59,8.28
8.66,2.09
17.43,1.91
21.43,3.4
19.8,9.4
19.83,6.39
11.74,4.26
7.38,2.74
5.46,-2.4
6.42,-5.98
6.69,-4.88
9.62,0.3
26.46,8.17
8.04,1.04
6.63,-2.74
12.09,-0.8
15.75,1.84
15.62,5.23
13.48,6.26
13.51,5.81
11.42,2.0
8.54,1.09
6.96,-1.72
17.83,0.16
17.24,10.5
22.04,11.46
20.96,4.08
16.29,4.05
21.05,7.87
17.53,1.37
10.54,1.87
6.75,0.9
11.52,1.5
19.39,6.53
18.13,6.93
26.18,11.23
28.72,16.37
27.8,18.13
20.08,2.91
14.92,1.91
18.54,4.52
19.05,7.41
22.41,11.84
26.04,13.41
23.27,6.18
22.41,10.19
26.01,10.24
15.33,10.37
17.35,12.27
22.34,10.19
16.3,7.69
21.34,10.28
25.95,12.8
28.51,17.16
30.1,11.98
29.53,15.13
28.71,15.31
29.27,13.76
29.92,13.08
25.11,10.22
27.88,13.27
23.21,14.91
27.45,15.93
30.4,20.78
29.46,17.73
20.1,10.98
17.71,9.67
23.3,12.12
28.83,18.19
22.27,14.37
20.01,11.32
22.82,12.05
27.39,15.18
30.76,18.04
30.84,18.05
31.22,19.08
24.06,12.47
26.7,11.49
28.05,12.68
28.18,15.67
27.42,18.17
27.16,16.41
29.0,14.0
25.31,14.38
21.96,14.45
25.88,15.23
29.64,19.52
33.66,23.96
34.35,22.92
34.08,23.54
33.45,23.99
29.57,15.53
25.89,11.12
26.05,11.83
30.62,13.28
33.44,18.14
34.4,16.16
29.86,14.67
30.73,15.55
30.87,18.04
29.2,14.39
26.21,11.31
25.4,9.82
29.08,14.12
32.68,20.0
32.7,21.03
30.3,19.53
30.08,17.18
32.22,21.37
35.51,23.63
34.8,22.27
27.43,21.29
25.28,20.26
25.29,16.03
29.29,16.89
30.29,19.82
30.27,16.72
29.84,18.01
28.93,15.84
28.76,19.75
31.28,21.24
24.32,21.04
28.46,19.38
30.45,21.28
32.83,20.05
31.11,18.91
32.59,20.53
31.11,22.58
31.95,22.06
27.28,20.02
25.94,18.87
28.47,20.96
30.25,20.99
26.76,14.92
26.76,17.2
26.05,18.35
29.36,19.76
27.79,18.81
32.31,21.35
29.04,21.38
28.03,21.67
30.31,20.2
31.33,20.94
31.49,21.8
30.14,21.22
27.34,16.12
28.55,15.24
25.28,13.11
27.14,15.85
26.41,18.12
26.36,15.2
27.28,15.22
27.26,15.0
28.55,14.91
29.49,16.64
28.91,18.21
26.48,17.23
26.13,15.24
27.54,13.58
28.63,14.32
29.35,16.28
29.47,17.78
29.91,19.11
32.41,20.9
31.75,20.08
28.58,13.38
27.34,13.2
29.33,15.0
29.98,17.97
25.88,18.55
26.93,19.3
27.83,20.03
25.74,16.02
26.3,13.17
26.03,13.22
28.93,15.88
28.25,18.16
25.9,13.83
22.11,12.16
21.22,12.74
26.46,12.95
27.71,12.79
28.28,13.22
28.48,14.05
28.79,15.42
28.39,15.68
31.12,16.24
34.25,16.54
21.53,6.21
19.96,7.49
25.15,12.22
23.82,10.13
20.85,5.32
19.65,3.34
15.99,4.32
19.96,5.31
21.49,6.43
23.13,6.67
21.87,6.93
21.41,3.15
21.98,3.19
24.18,4.69
24.03,8.03
16.51,0.15
14.85,0.02
17.88,0.98
22.5,5.21
23.56,7.08
24.66,6.4
18.05,1.48
19.82,2.13
17.57,2.83
21.86,4.88
10.04,1.07
6.4,0.11
12.12,-1.89
14.77,-1.02
22.05,5.25
24.9,10.55
25.04,9.25
25.12,9.96
23.33,7.52
11.63,0.49
14.89,1.69
19.69,4.08
20.65,5.1
16.18,10.28
17.54,12.3
19.87,7.52
17.49,6.33
22.58,6.15
24.27,11.13
21.96,7.76
21.98,5.58
19.79,6.46
17.37,5.18
23.46,5.07
22.19,7.35
17.07,-0.15
0.11,-1.61
3.18,-1.58
6.77,-1.63
5.7,1.39
3.18,-1.63
0.04,-3.52
1.45,-7.81
2.18,-7.82
1.51,-7.71
8.81,-5.84
13.56,-4.47
15.24,-3.21
17.39,-1.3
12.48,-3.34
12.6,-3.47
12.43,5.19
7.68,4.82
15.7,1.13
3.43,-6.34
4.58,-6.64
13.59,1.69
12.25,-6.28
5.47,-6.48
7.64,-3.48
11.47,6.37
10.44,5.51
7.51,5.22
9.31,4.99
8.27,4.67
8.02,1.72
7.41,-0.49
8.3,-0.46
12.42,5.08
7.25,1.05
4.91,-0.52
0.69,-3.95
1.16,-7.26
0.84,-7.13
7.44,-5.72
6.82,-5.63
6.95,-22.13
-16.28,-22.39
-8.51,-16.56
-6.42,-13.82
-2.61,-8.7
-0.1,-4.53
9.4,-3.39
13.97,8.52
16.72,9.27
