20170101
7.64,-2.34
12.31,6.02
12.96,-3.67
-1.52,-6.95
-5.58,-14.21
-9.56,-16.03
-8.38,-16.58
-5.45,-15.38
4.71,-6.64
12.61,-1.68
18.1,-0.46
18.67,-1.47
1.45,-1.0
2.7,0.47
3.63,0.45
15.01,3.95
15.31,3.01
4.84,1.23
10.32,2.37
14.8,7.16
18.36,5.41
15.84,6.6
8.52,3.63
7.16,1.82
15.0,1.71
2.49,-1.02
1.92,-4.07
1.53,-3.69
-0.05,-6.59
7.04,-7.38
7.96,3.16
6.09,-2.05
2.23,-5.2
-0.41,-11.55
4.61,-11.78
10.95,-2.33
15.95,-1.6
15.94,2.57
5.41,-4.38
-2.38,-9.03
12.23,-4.09
18.47,9.09
15.64,-2.77
9.48,-2.95
11.67,1.74
7.29,-2.03
9.24,-0.11
19.78,3.6
17.62,5.7
15.97,1.92
19.87,3.41
18.1,8.66
20.25,11.79
20.78,13.33
24.74,2.49
2.0,-6.3
8.6,-5.52
10.47,4.33
18.06,8.31
15.55,1.02
7.32,-1.56
4.11,-2.75
10.48,-1.13
19.56,-0.65
17.21,9.32
13.72,5.47
16.28,2.46
21.67,0.82
6.67,-3.78
2.93,-6.37
3.83,-5.66
3.15,-3.95
0.48,-6.88
1.87,-7.86
6.65,-6.42
9.01,1.25
6.06,-0.25
10.66,1.25
17.43,4.67
17.1,-0.45
6.77,-1.59
15.39,-1.05
23.99,13.07
25.06,13.52
18.64,6.71
20.5,7.85
15.59,9.13
16.81,8.44
24.92,11.27
12.91,4.54
10.86,2.52
18.98,4.49
21.28,11.92
19.81,8.34
22.93,4.81
9.1,1.56
13.59,-0.35
18.85,2.21
25.7,9.82
26.19,15.08
19.57,5.32
20.78,6.36
26.49,8.25
28.52,12.18
28.55,17.06
27.32,12.31
21.63,8.9
25.73,11.37
28.06,16.84
27.84,9.66
15.92,7.42
13.34,5.19
20.28,6.2
24.53,8.68
24.77,12.13
29.03,15.34
18.13,7.4
20.42,9.44
26.68,15.05
25.1,13.09
16.9,7.59
18.74,4.33
12.72,6.64
13.19,7.28
11.33,4.53
17.07,3.36
17.49,1.16
18.6,4.51
20.0,10.99
29.06,13.36
20.19,11.52
19.67,7.29
23.9,10.87
27.73,13.3
28.49,14.06
29.72,16.88
28.83,20.52
28.89,18.53
28.21,15.06
27.03,14.6
25.53,8.71
22.47,9.64
23.79,13.46
18.11,13.18
18.05,10.47
26.44,14.06
28.58,16.78
24.25,14.82
28.08,13.59
26.69,12.57
26.98,10.27
26.65,10.38
29.04,12.03
30.92,14.85
31.09,18.77
30.33,14.76
25.38,12.14
20.62,10.12
24.59,11.25
28.55,14.26
29.74,16.39
31.28,18.64
32.93,21.12
30.04,19.17
30.71,19.11
27.94,18.29
30.86,18.74
30.96,20.67
27.9,16.4
27.35,14.86
29.27,17.1
31.93,19.95
28.02,21.12
24.49,16.32
25.64,11.67
25.42,11.29
23.87,10.48
23.69,10.85
27.32,15.53
30.91,20.53
28.95,19.45
28.84,16.79
29.91,16.88
30.7,18.61
30.15,19.09
29.3,20.47
26.1,18.69
30.97,16.87
27.69,13.82
28.88,17.01
29.48,21.82
26.5,19.85
32.05,21.77
30.15,21.85
29.18,15.03
28.07,15.81
29.9,17.3
30.6,19.2
31.46,18.17
31.06,19.62
32.27,22.19
33.19,22.76
33.13,21.27
29.41,19.43
29.13,16.25
27.4,15.74
29.8,17.85
28.59,22.2
28.16,15.47
25.87,13.09
28.43,15.29
29.85,17.36
28.95,17.87
29.22,17.11
29.99,18.84
23.85,10.99
25.28,13.01
22.25,16.99
25.18,14.03
26.65,11.32
27.47,13.25
29.06,15.45
27.57,16.56
27.04,13.44
27.92,15.71
27.96,17.18
30.66,18.39
31.81,20.44
30.79,20.08
29.34,18.37
31.26,18.36
32.06,19.07
32.04,20.68
28.22,14.78
26.39,11.36
25.96,11.81
25.43,11.04
25.84,11.82
27.62,13.8
26.72,16.33
26.0,14.81
27.67,15.63
27.26,15.23
16.01,12.52
21.26,12.33
27.52,13.38
30.54,15.69
22.78,8.72
19.86,7.89
21.01,7.98
24.99,9.7
23.25,8.59
22.99,8.5
22.61,9.51
20.95,14.36
18.41,15.88
22.67,12.83
27.56,13.16
29.07,15.23
30.12,16.79
27.84,19.34
26.88,17.8
30.49,18.28
32.5,19.13
32.49,17.67
32.31,16.81
32.61,15.22
31.86,15.4
32.11,17.09
29.22,12.11
23.15,8.03
25.17,7.48
23.52,5.85
24.03,6.76
26.81,10.78
29.14,14.29
26.46,17.36
23.01,17.23
27.03,17.66
28.63,13.35
19.88,14.3
22.0,15.01
21.98,15.99
18.89,13.89
17.77,12.77
23.27,11.72
28.64,14.75
22.98,7.36
17.33,3.38
20.21,3.47
21.44,4.71
24.28,7.29
25.41,7.71
24.1,10.07
25.8,13.81
17.57,7.91
11.23,5.11
11.44,-0.02
17.14,0.11
13.82,2.0
4.42,1.52
4.14,-1.02
7.59,-0.26
7.73,-0.14
15.31,1.92
20.02,12.35
15.92,6.36
18.96,8.74
23.5,9.18
12.52,6.56
9.27,4.21
11.64,-0.66
13.53,-2.09
2.92,-4.21
6.64,-3.76
8.61,1.92
7.17,0.79
11.6,0.22
9.98,0.66
4.54,-1.03
15.6,0.83
18.18,2.02
3.83,-3.7
9.93,-3.4
13.56,-3.12
5.09,-5.01
8.28,-2.69
14.1,-1.39
15.37,-2.18
12.44,-2.69
17.6,0.74
17.71,4.53
14.99,3.05
12.53,-2.57
12.14,-2.83
13.11,-1.87
14.97,-1.56
18.33,3.0
9.38,-2.27
7.25,-2.31
-0.19,-8.49
0.13,-9.18
-0.47,-6.6
3.14,-6.56
8.72,-4.67
-0.09,-8.08
7.56,-6.01
-0.22,-6.57
1.05,-4.9
10.67,-0.68
7.3,2.67
7.76,5.0
9.69,1.56
8.95,-2.26
12.87,-2.06
12.21,2.81
3.36,-1.32
1.5,-6.28
-2.0,-8.27
-5.74,-16.59
-9.11,-16.99
-5.16,-12.87
-3.55,-7.5
-5.99,-15.17
-9.21,-18.69
-12.1,-21.4
-7.59,-21.42
-3.72,-17.09
-7.2,-17.9
-8.35,-19.85
-6.59,-19.98
2.86,-10.29
3.18,0.04
5.12,-0.44
14.76,4.05
14.63,-1.33
-0.58,-9.98
-4.77,-15.84
-5.51,-15.96
-2.14,-15.73
-11.67,-17.45
-5.44,-13.94
0.61,-12.3
4.43,-6.83
9.18,0.09
12.49,6.26
13.43,2.65
3.63,-0.84
-0.25,-5.88
8.31,-5.35
14.43,-0.29
9.94,-2.51
11.47,-3.4
1.6,-4.93
0.96,-5.76
11.61,-1.07
6.38,-10.97
-4.03,-11.7
4.39,-6.55
3.27,-10.39
-2.28,-10.65
0.01,-3.98
-0.24,-8.48
0.44,-8.09
10.24,-1.24
5.13,-0.68
1.47,-6.43
4.33,-6.87
6.95,-4.93
15.06,5.4
19.93,8.64
7.32,-1.6
2.52,-1.29
12.38,-1.15
23.21,12.6
25.35,11.81
11.43,3.6
10.88,4.1
16.15,7.56
15.07,6.9
9.24,-1.05
13.15,-1.28
16.51,-0.08
13.18,9.31
14.23,-0.13
9.35,-3.24
10.41,-2.45
10.99,-1.21
8.88,0.02
13.97,-0.47
4.17,-2.32
-0.13,-4.63
6.88,-3.93
10.82,-0.87
6.95,-1.88
5.4,-4.09
5.07,-5.39
5.41,-5.05
14.63,-2.74
8.33,-2.55
6.47,-1.81
14.8,-0.1
17.11,-0.15
1.98,-1.8
4.4,-4.24
8.36,-3.69
10.71,-2.02
1.7,-2.21
8.04,-2.15
15.08,3.12
13.16,10.0
14.24,10.08
14.75,5.06
9.13,0.13
15.6,1.4
9.35,-0.79
9.55,-0.65
22.97,1.15
2.77,-3.48
10.76,-2.16
14.9,-2.12
6.1,-4.67
6.29,-2.11
5.81,-1.6
6.98,-1.75
18.51,0.17
26.75,13.25
27.18,15.65
20.69,11.15
12.1,0.74
2.24,-0.49
10.21,0.5
22.04,1.71
13.09,-0.62
16.44,1.45
17.83,5.68
19.52,8.57
14.66,9.83
13.6,10.76
19.33,4.37
20.36,4.39
21.65,6.15
14.32,0.23
17.18,0.86
23.33,4.93
27.77,14.08
29.0,18.44
25.62,17.36
26.61,12.98
20.13,11.77
27.56,9.44
23.02,7.81
25.92,9.76
28.6,15.33
28.6,14.73
30.33,17.97
29.4,16.54
31.34,18.22
32.47,20.11
31.43,18.41
25.44,16.14
28.4,17.07
23.33,17.94
25.45,17.11
30.49,17.8
29.74,18.41
29.63,14.66
27.42,13.82
28.3,13.77
30.67,17.58
30.19,18.02
32.79,18.28
33.48,20.09
31.17,21.72
27.05,20.4
29.34,19.62
29.43,17.98
30.24,19.56
27.0,12.59
24.83,12.15
28.8,13.29
26.15,14.85
31.01,18.24
32.02,17.91
32.6,17.69
25.32,18.14
25.75,18.57
27.24,19.73
29.01,13.55
28.66,14.63
30.95,18.12
33.62,20.99
33.93,21.9
33.27,22.66
32.87,20.83
30.47,21.4
26.26,18.67
24.99,18.18
24.38,17.36
27.74,19.5
23.81,19.61
24.77,19.31
28.58,18.1
30.26,19.47
31.99,20.02
32.69,22.47
32.8,22.42
31.98,21.86
31.33,21.9
33.96,22.54
33.6,21.23
27.95,13.02
27.35,13.71
30.96,17.48
32.6,19.66
32.88,20.33
29.54,15.61
29.26,15.74
31.69,17.14
32.97,20.72
29.63,21.28
30.33,19.08
30.63,14.66
29.8,15.22
29.85,17.44
28.37,18.52
24.68,18.99
26.63,16.43
25.69,16.39
28.46,17.21
30.08,16.89
29.46,16.18
26.65,14.16
27.07,14.98
27.11,17.52
23.93,18.51
23.98,17.41
26.66,15.94
28.88,16.69
30.01,19.34
31.68,19.83
32.33,20.26
32.04,20.33
29.81,20.55
29.63,18.11
29.36,18.85
30.19,19.73
29.58,16.78
29.72,16.8
29.3,16.57
30.4,19.29
25.33,19.78
26.88,20.42
27.35,19.92
28.58,18.52
29.75,19.09
28.47,19.8
27.12,17.45
24.91,11.65
26.26,12.39
24.29,13.85
27.97,20.24
32.28,21.86
32.15,21.57
32.62,21.66
30.92,18.89
28.38,17.22
30.65,18.17
29.25,19.82
31.87,20.91
33.08,21.08
33.51,20.76
33.07,20.96
31.19,20.59
26.72,18.12
18.82,14.67
16.05,13.38
19.42,12.68
22.79,13.3
23.15,15.31
29.72,16.44
30.95,17.41
31.17,19.33
30.05,20.09
30.19,18.7
32.62,18.83
32.54,19.57
33.15,20.55
30.8,14.82
16.71,12.76
24.83,13.06
21.5,16.73
25.27,18.98
21.66,11.16
16.41,7.47
23.03,8.16
22.16,9.46
27.3,11.78
29.59,14.55
30.1,19.25
30.82,19.63
26.45,17.31
30.97,18.45
31.48,18.18
31.71,18.61
31.41,19.77
30.71,19.38
24.7,11.73
16.05,2.33
12.08,2.72
12.33,3.62
12.82,7.31
12.12,1.34
12.12,1.38
16.1,-0.28
14.43,-0.35
13.58,1.29
17.25,-1.77
11.9,-1.54
19.31,1.67
17.09,0.94
14.03,1.32
14.27,3.45
9.22,6.05
12.13,3.97
18.51,3.29
16.61,2.55
20.9,5.44
18.43,8.19
10.3,5.01
8.15,0.69
13.6,0.55
16.3,7.39
15.94,8.84
15.59,3.46
12.57,-1.15
6.23,-0.28
6.74,-6.32
2.52,-6.91
6.48,-5.62
7.02,-0.19
2.15,-6.02
0.46,-5.99
1.27,-1.25
3.84,-0.95
7.4,0.93
10.63,0.9
5.3,1.95
3.56,-2.66
8.39,-3.57
10.34,-3.01
11.19,-1.43
13.07,0.53
14.74,0.45
2.29,-5.46
-3.75,-7.01
0.83,-7.48
5.82,-0.68
10.71,4.91
14.29,7.34
17.3,3.74
4.49,0.33
1.3,-2.06
-0.29,-3.51
4.92,-6.51
3.12,-7.21
-2.27,-6.28
4.35,-8.04
0.33,-9.45
7.41,-7.62
10.61,0.63
9.31,3.52
10.44,5.48
8.28,3.15
9.57,-0.74
9.38,-3.57
7.46,-3.87
12.19,-1.96
8.49,5.11
6.21,-0.48
4.48,-1.73
2.53,-3.07
6.82,-3.04
8.01,-4.36
8.98,-3.95
13.43,4.27
13.97,-0.18
2.02,-2.84
6.42,-3.1
16.83,4.45
5.43,3.01
4.81,0.28
4.55,-1.6
10.42,-0.76
12.06,-0.7
11.84,-0.48
14.26,7.1
16.2,-1.77
-1.02,-6.34
-1.66,-6.75
0.92,-7.75
0.98,-1.96
0.22,-3.44
-0.01,-8.59
0.83,-5.43
1.87,0.15
4.47,0.78
2.29,0.16
3.06,-10.3
-7.57,-17.99
-7.13,-17.86
7.0,-8.48
10.38,-4.3
-0.42,-11.93
-3.36,-12.19
2.0,-3.32
-0.73,-6.37
8.8,-9.54
-5.94,-16.99
-15.49,-20.85
-7.8,-19.83
0.69,-7.85
9.44,-2.88
18.14,2.4
13.58,3.2
11.17,3.36
14.41,8.95
16.79,-6.86
-2.79,-10.16
-0.63,-10.1
2.08,-4.2
9.21,1.51
11.31,-4.01
3.19,-3.76
13.27,1.14
1.78,-4.11
2.59,-5.0
0.2,-2.29
0.22,-5.44
1.99,-5.83
8.08,-1.36
7.61,-1.91
5.97,0.62
14.85,3.86
7.44,-5.33
4.58,-5.54
10.42,-3.16
14.44,-1.71
1.51,-1.06
4.09,-0.93
5.13,-0.27
0.13,-10.6
-6.35,-13.44
-3.96,-12.77
-0.79,-11.01
2.27,-4.36
3.02,-0.56
15.28,1.4
9.44,0.16
10.93,-2.86
10.67,-2.72
21.25,6.22
21.74,6.51
7.05,-0.9
8.87,-2.98
11.62,-3.35
9.36,-3.43
10.63,-2.59
13.16,1.81
7.7,1.91
10.62,-3.24
13.9,-2.73
14.89,5.24
8.91,-2.16
9.25,-2.61
15.47,-1.56
21.99,4.86
16.42,10.94
15.16,-1.76
3.22,-4.68
8.25,-3.45
15.14,-0.35
16.57,3.15
21.28,8.65
15.72,8.86
20.62,9.43
20.89,12.19
23.13,10.04
21.26,5.95
20.9,7.76
27.33,9.79
19.44,5.01
19.12,6.06
21.71,1.94
12.38,2.13
24.9,7.01
24.56,12.9
23.05,6.11
8.23,3.09
6.74,2.32
20.61,4.42
25.06,9.99
24.66,9.52
19.44,10.08
20.08,8.86
18.1,5.2
16.46,5.45
12.54,5.41
25.0,7.83
25.4,12.48
26.72,14.01
22.76,15.32
21.59,14.09
15.6,9.6
21.8,7.76
24.98,9.26
26.09,11.33
28.38,13.1
23.53,11.45
14.17,6.18
18.19,6.88
10.82,7.82
13.9,4.72
20.45,6.76
21.5,9.06
25.66,12.18
29.35,16.02
30.53,18.57
23.89,13.54
21.17,8.87
19.36,9.71
25.18,16.86
29.28,18.02
31.23,18.47
30.34,20.07
29.45,16.57
28.67,18.61
30.28,21.82
26.56,17.35
24.96,16.49
26.13,14.42
27.59,16.36
25.92,8.56
24.32,11.16
26.84,15.63
29.68,17.85
28.62,18.52
26.25,18.78
24.19,19.01
25.65,19.41
23.15,9.49
24.42,10.76
25.09,13.13
19.64,7.93
24.09,11.64
24.06,16.97
26.32,18.51
26.62,18.88
26.83,18.96
27.61,19.53
22.84,15.23
25.66,16.23
24.37,16.51
28.59,18.44
24.86,16.69
28.5,17.38
31.47,19.33
30.96,18.98
31.88,19.77
32.46,21.04
32.8,18.97
31.89,20.24
33.01,20.65
30.56,19.73
31.47,20.46
32.59,21.59
30.78,21.21
31.34,20.03
29.68,17.86
31.86,19.14
33.25,21.38
31.31,17.1
29.47,14.69
31.96,17.12
32.46,20.44
31.56,21.83
30.58,21.9
30.86,21.3
33.15,23.2
33.02,22.75
33.48,22.92
33.0,21.72
25.46,14.58
26.56,13.53
26.42,13.13
27.73,14.44
29.27,15.51
30.49,18.0
30.98,18.99
30.88,19.58
29.69,17.96
28.49,16.08
30.03,17.44
29.75,15.91
30.1,15.17
31.09,16.29
31.96,17.56
30.37,18.38
29.68,17.49
31.17,18.09
30.17,14.85
29.04,14.39
30.14,17.21
28.32,20.62
29.93,19.17
31.34,16.59
29.03,15.87
30.2,17.88
29.8,19.82
33.1,19.54
33.29,20.26
31.83,19.06
29.79,19.75
26.14,18.68
24.1,12.54
25.5,13.19
27.46,15.0
21.73,20.03
26.38,14.94
25.99,12.0
28.09,13.96
29.35,18.76
23.92,17.22
29.21,17.69
28.08,15.53
29.64,17.17
28.36,13.67
25.27,12.52
27.55,13.84
23.87,12.41
25.08,14.83
29.97,15.99
34.12,18.23
32.54,19.22
32.7,19.76
32.86,15.7
27.63,13.37
30.16,15.57
31.8,16.96
28.78,14.94
30.24,15.06
30.71,15.59
30.61,17.98
31.02,16.4
30.94,17.85
27.62,9.59
26.02,10.06
29.36,13.28
25.77,9.43
32.24,11.98
32.1,17.95
32.65,17.97
33.94,17.25
33.64,17.95
33.37,17.65
31.46,10.94
21.87,8.3
26.73,8.98
21.91,12.48
20.42,5.7
23.02,6.16
24.41,7.31
27.07,11.59
22.06,1.45
13.71,0.69
20.64,1.77
20.19,2.72
23.77,4.69
10.57,1.88
15.53,1.04
17.76,1.38
22.21,4.11
24.27,9.85
21.51,10.03
16.39,2.6
18.94,3.0
19.04,7.22
14.7,8.91
18.23,10.06
18.38,3.64
19.99,4.26
16.07,9.19
12.84,9.67
10.51,-2.49
8.49,-2.82
10.88,-2.34
12.11,-1.58
15.65,2.72
11.07,-1.31
12.52,-0.61
5.95,-6.72
2.49,-6.91
8.57,-2.68
17.67,3.95
12.1,-9.67
-5.03,-13.11
-0.37,-11.92
6.04,-5.46
6.62,-5.31
7.9,-4.24
8.79,-3.68
5.49,-0.85
7.7,-1.26
8.46,3.33
12.28,4.53
7.24,-1.66
3.64,-0.55
9.81,0.18
14.48,2.16
14.65,5.13
13.38,1.54
3.4,1.34
6.06,2.48
13.56,3.03
9.27,0.92
2.62,-0.75
3.94,-0.71
10.11,-2.7
10.94,-3.07
9.52,-4.87
7.29,-4.89
13.21,-1.51
13.53,-2.38
-1.73,-7.99
2.75,-7.45
6.49,-5.3
7.95,0.71
6.38,-1.25
1.62,-1.59
0.88,-1.35
2.17,-6.09
-0.95,-10.65
3.84,-9.27
7.51,-6.2
11.48,-4.18
12.53,-3.92
14.74,-2.58
15.85,-2.27
18.44,-1.04
17.58,7.74
14.73,5.73
15.71,6.34
16.31,5.09
5.28,1.2
2.61,-0.13
9.08,-0.54
10.45,5.79
10.52,3.5
3.68,-2.09
8.93,-2.45
8.59,-2.7
8.93,-2.38
4.18,-3.26
13.99,-2.78
17.18,9.45
18.2,2.14
5.39,1.08
7.62,1.12
9.61,-0.57
12.69,0.52
4.55,-5.18
2.48,-4.87
10.61,-8.39
-7.71,-10.18
-2.91,-8.98
0.07,-9.39
3.66,-8.7
8.42,-0.04
7.66,1.31
1.73,-0.48
6.89,-3.33
2.99,-2.66
1.58,0.06
2.06,-0.02
3.81,0.0
3.33,-0.09
5.65,-0.09
17.71,1.07
19.97,3.64
14.07,-0.01
2.77,-0.47
0.44,-2.92
1.33,-3.07
1.96,-4.76
9.86,-3.47
6.79,0.15
5.22,-1.83
2.44,-1.25
2.7,-12.55
-4.47,-13.17
7.11,-9.94
10.05,-2.16
11.7,-0.39
10.11,-3.85
6.3,-4.16
0.89,-9.76
3.27,-9.52
9.62,-6.44
13.26,0.84
6.78,4.45
7.21,1.73
2.79,-3.82
1.98,-4.29
2.4,-7.11
3.72,-6.92
16.92,-2.94
12.09,8.57
14.47,0.33
16.06,-1.23
15.49,-0.71
2.6,-4.49
10.3,-4.74
18.25,-0.26
17.85,8.82
13.44,5.37
10.71,3.54
16.56,3.99
11.16,1.83
5.73,1.04
7.28,1.08
9.18,3.46
12.11,3.19
15.36,4.68
19.83,11.56
21.61,0.26
3.26,-1.64
5.8,-1.43
11.13,2.39
11.68,3.0
17.09,3.56
20.26,6.41
23.28,12.61
25.73,16.09
18.37,7.93
16.37,4.91
7.88,4.12
11.55,0.3
16.45,2.12
20.75,6.59
21.02,7.26
14.13,6.91
21.18,8.18
26.42,14.07
27.39,7.16
12.66,0.32
10.81,0.79
17.0,5.5
16.92,8.78
9.18,0.54
8.75,-3.08
10.61,-4.04
10.05,-0.44
10.62,1.0
12.76,1.51
14.78,3.04
18.85,4.86
14.06,0.05
22.19,3.51
13.13,9.71
19.64,7.58
19.79,6.66
16.22,1.94
19.47,5.34
24.63,13.8
18.21,7.0
9.55,5.95
19.99,6.63
27.97,13.07
22.13,6.36
20.65,7.49
9.35,4.43
15.59,3.09
19.67,6.93
12.53,-2.08
13.15,0.24
18.04,3.22
10.16,1.8
16.08,4.09
14.46,8.09
27.32,13.51
23.69,15.65
26.64,17.1
25.52,15.65
19.74,14.2
18.5,11.82
14.29,11.47
17.76,12.76
25.01,14.12
27.98,16.96
30.25,17.68
30.93,17.93
30.26,19.13
26.08,18.78
27.32,17.67
24.6,12.74
23.03,10.93
22.1,7.64
24.91,12.37
31.04,18.34
31.56,20.0
29.26,18.14
30.78,18.35
32.57,15.85
29.2,15.85
30.88,18.64
28.97,22.34
31.42,15.07
27.19,12.97
29.43,12.87
25.81,12.8
24.19,10.75
25.26,12.75
27.7,13.86
28.64,14.41
28.98,15.99
31.49,17.25
32.67,18.17
29.17,18.86
29.79,19.47
26.15,16.17
27.04,14.42
28.96,16.84
31.07,21.0
25.44,19.92
27.28,20.77
30.3,20.2
29.73,19.93
31.74,19.7
31.64,18.52
32.42,19.61
33.62,20.0
33.75,20.68
32.69,20.44
32.88,20.89
32.78,20.53
33.46,21.14
29.99,18.85
31.44,17.32
28.2,15.8
28.37,15.54
30.45,16.58
31.63,19.53
26.59,17.77
31.01,19.17
32.71,22.52
33.37,20.85
31.47,20.66
32.02,20.32
28.94,20.84
29.83,18.22
30.13,17.42
30.8,18.31
33.06,21.53
31.96,19.77
30.05,17.57
31.03,19.66
22.78,19.32
26.12,19.39
26.99,17.37
26.72,17.51
27.19,16.85
24.8,12.22
24.08,13.13
25.57,14.11
26.7,13.29
28.48,15.75
30.92,18.47
29.54,19.27
28.79,19.44
28.62,19.71
29.91,19.93
27.63,18.77
30.23,18.72
28.34,16.14
29.52,17.12
23.94,13.62
25.46,12.77
26.64,13.66
27.68,16.46
27.96,18.17
28.88,18.79
31.02,19.93
32.24,20.14
31.23,21.39
28.06,22.36
28.55,20.67
29.17,13.67
26.18,15.44
26.69,17.57
27.52,19.7
27.39,19.72
28.97,14.96
25.93,9.13
27.14,11.02
26.68,15.8
29.6,17.14
30.72,16.4
30.92,16.68
29.49,18.12
23.29,17.3
28.63,17.62
27.54,13.93
25.82,11.19
23.18,8.69
25.94,9.1
27.36,10.49
19.77,5.88
20.54,4.56
23.03,5.35
23.93,6.36
24.43,8.33
23.0,9.97
24.82,10.64
26.17,11.57
24.87,13.66
26.42,14.06
18.21,6.41
18.11,6.56
24.25,5.15
20.09,2.6
17.24,3.76
18.71,7.0
16.37,0.32
17.62,1.41
23.16,5.12
29.27,6.67
26.1,7.28
28.16,8.92
23.99,15.5
26.08,15.82
24.9,4.61
20.96,4.57
25.69,6.32
16.91,-0.18
14.72,-1.48
17.08,0.79
16.27,9.02
11.58,7.71
16.88,8.3
19.86,12.21
27.46,13.1
25.53,6.39
12.45,5.75
11.03,6.32
9.28,6.88
10.57,6.99
11.7,8.32
10.44,3.79
9.97,-1.16
14.69,0.15
10.76,-3.03
9.8,-2.52
18.55,0.3
22.17,5.27
19.82,3.96
21.5,3.45
23.42,3.89
26.7,8.93
26.14,10.52
25.41,11.48
12.8,-0.17
13.01,-0.3
13.16,-2.27
17.0,-0.4
13.83,1.69
13.36,1.15
6.39,-2.17
9.98,-1.85
18.53,5.55
17.67,8.52
9.89,6.31
8.93,1.51
9.42,1.45
10.56,4.37
14.62,7.9
10.56,7.38
12.64,-0.35
9.71,-2.64
11.97,-2.23
2.72,-2.05
1.06,-6.07
6.79,-5.88
6.92,-3.84
7.36,-2.68
6.85,-4.31
3.33,-3.86
1.02,-1.76
2.61,-0.93
13.52,-1.87
16.14,-1.71
17.84,4.09
16.29,3.64
5.66,1.84
2.17,-6.39
1.65,-6.12
1.04,-1.69
0.26,-5.58
3.62,-5.77
5.33,0.16
6.72,0.28
9.18,0.35
7.53,-0.83
13.31,-1.55
-1.82,-11.13
-7.66,-11.72
3.56,-9.88
11.72,-2.04
2.4,-3.63
5.25,-4.31
10.93,-2.46
0.17,-2.61
9.76,0.31
3.52,1.16
2.47,-2.21
7.71,-2.02
1.79,-0.28
2.82,-0.53
3.68,-0.67
0.44,-2.02
0.37,-7.27
0.23,-6.86
-1.57,-4.58
3.19,-4.07
8.33,-2.14
9.09,-0.33
6.13,-1.51
1.57,-1.4
1.39,-1.6
2.22,-2.07
6.86,-2.83
3.09,-2.86
10.63,-2.09
2.73,-9.92
1.84,-9.85
1.14,-1.52
3.2,-0.56
7.1,-0.74
0.49,-8.5
-0.66,-10.75
1.44,-10.61
3.27,-3.62
4.97,-2.58
-0.97,-6.18
1.03,-6.53
2.7,-5.63
3.8,-4.11
3.0,-6.42
1.78,-11.57
-5.14,-12.56
1.0,-8.71
-1.13,-6.07
-4.53,-7.53
-3.37,-7.53
-1.52,-6.56
-2.27,-9.56
-3.7,-10.2
-6.87,-11.74
-6.52,-17.08
-4.23,-16.11
-1.39,-11.74
-2.23,-14.71
0.65,-11.27
7.92,-8.76
4.81,0.99
12.81,0.05
16.83,-2.54
8.41,-2.48
7.94,-0.58
13.35,6.28
16.62,2.01
8.18,-4.7
7.34,-4.67
17.42,-2.11
11.87,-4.04
8.73,-4.69
9.11,-4.1
11.16,-3.68
18.71,-1.37
19.34,1.06
20.98,9.02
18.43,6.77
15.91,4.63
12.77,-0.45
10.86,0.88
4.98,0.98
14.32,2.98
17.09,5.69
15.53,-0.19
10.67,-2.16
16.17,-2.0
19.32,0.92
19.86,4.28
20.02,8.94
22.74,6.66
17.69,7.85
13.8,4.15
23.34,5.99
11.01,-1.74
15.15,-0.26
23.06,5.43
11.42,-1.81
4.8,-5.5
9.44,-4.14
18.37,0.63
24.24,5.42
25.36,7.46
26.11,9.18
27.66,12.41
21.38,10.56
27.15,11.13
18.52,8.85
11.84,8.3
20.61,7.82
19.69,8.77
17.69,2.97
13.61,0.5
17.05,2.29
14.51,1.4
18.3,2.89
20.4,2.79
16.95,-1.54
8.42,-1.55
12.91,0.0
16.3,3.67
12.04,6.22
17.5,3.16
24.3,6.66
28.25,16.47
26.4,17.24
20.84,9.59
21.63,1.7
23.01,4.96
25.4,13.5
22.32,15.24
20.44,8.88
16.85,3.23
17.45,4.0
17.58,1.87
15.2,4.63
16.11,1.8
16.3,4.61
16.03,3.54
17.25,2.97
19.73,4.01
21.59,5.16
22.59,10.69
21.54,12.76
20.82,13.83
25.5,14.37
27.15,15.25
29.04,14.85
28.9,13.48
29.62,14.77
30.09,15.89
31.2,16.04
31.19,18.39
25.37,16.95
27.54,17.65
21.82,7.73
14.95,4.48
19.61,6.88
23.38,10.2
23.98,14.28
18.76,15.93
22.45,14.24
29.54,14.64
29.28,16.69
28.05,19.22
27.63,20.25
25.3,20.58
25.44,20.73
27.26,20.21
30.72,19.5
33.13,19.95
31.48,14.96
31.12,13.82
27.42,13.29
27.09,13.3
29.59,15.49
32.44,18.49
28.2,18.23
30.58,22.0
27.45,12.44
22.22,10.8
25.16,12.63
27.77,19.04
27.35,22.05
29.76,21.84
31.38,20.87
32.33,21.1
33.81,21.35
28.57,20.21
26.46,14.73
24.32,13.37
25.94,14.73
30.17,18.49
31.37,19.6
31.86,19.51
30.99,20.86
27.4,15.98
23.7,16.08
25.35,17.43
25.8,20.02
28.16,20.77
27.35,18.96
28.98,20.15
30.98,20.4
28.17,20.5
27.06,19.19
27.64,17.18
28.22,17.32
28.94,17.41
27.24,16.48
27.61,16.36
29.02,17.26
30.34,19.32
30.69,20.77
31.63,17.14
31.18,18.18
30.92,19.98
31.04,20.3
27.83,17.53
22.89,13.73
27.06,12.5
25.78,13.26
27.02,13.53
27.75,14.88
29.14,16.35
28.37,18.51
30.14,18.73
30.79,19.43
25.93,21.49
32.24,22.91
32.44,23.75
33.73,21.09
30.27,20.44
28.27,18.62
24.84,18.24
27.64,19.13
28.97,19.36
30.87,20.45
30.11,19.08
30.96,19.14
31.32,18.95
32.64,19.73
33.0,20.13
33.43,21.08
30.41,20.15
33.41,20.2
33.41,20.22
32.94,21.27
32.27,21.0
25.73,19.96
26.29,18.55
26.64,13.28
26.32,13.13
26.05,14.36
25.79,17.58
26.62,12.84
28.89,13.91
29.1,16.86
27.59,12.29
25.34,11.52
26.17,12.34
27.81,15.24
29.8,18.03
30.18,18.5
30.77,19.46
24.99,14.82
27.87,15.64
31.1,17.0
32.05,17.95
30.11,18.98
22.85,18.51
24.27,13.97
15.02,9.98
19.29,6.72
23.27,8.09
21.52,7.22
24.31,8.83
29.2,14.58
29.22,14.66
29.47,14.12
27.54,12.43
26.82,12.45
24.29,14.95
23.98,16.44
22.98,14.56
26.11,15.54
24.81,16.92
24.76,15.83
26.16,14.48
28.58,14.75
28.85,17.89
27.74,17.82
20.37,11.51
25.29,12.23
27.95,18.65
24.77,9.73
16.99,4.69
20.34,4.3
21.92,4.86
21.97,6.11
23.01,7.04
21.26,9.85
12.42,7.32
15.6,7.67
22.87,12.32
16.58,8.24
14.34,1.32
15.24,1.53
12.71,8.54
16.07,10.63
13.32,9.07
17.36,2.46
12.52,2.11
9.72,-2.66
9.98,-2.63
10.85,-2.75
11.98,-2.6
14.59,-1.67
17.77,-0.77
21.24,2.12
17.49,3.36
20.66,6.1
17.06,3.01
10.88,1.57
4.33,0.55
5.07,-2.63
4.97,-2.17
16.38,-0.3
19.03,4.17
8.49,-3.67
5.87,-4.22
11.9,-1.51
8.02,-1.67
4.87,-6.5
5.92,-6.57
12.97,-0.74
9.06,-3.91
1.64,-4.36
9.25,-0.27
8.16,-5.75
7.26,-6.09
12.92,-0.51
11.28,2.88
18.28,1.69
17.04,1.53
13.11,0.34
16.88,1.56
6.47,-5.94
-1.77,-5.68
5.48,-5.55
14.48,-1.4
18.93,9.12
17.16,-2.57
9.36,-2.91
12.19,-1.95
14.4,-1.51
18.18,11.64
16.42,-1.31
8.03,-1.25
11.39,-1.75
2.02,-5.38
6.76,-5.4
7.35,-4.98
2.83,-5.58
11.45,-3.75
17.59,8.81
20.43,6.78
15.41,5.56
20.49,5.3
11.4,4.31
9.45,5.54
9.03,5.42
17.4,8.48
14.09,2.18
1.79,-5.8
1.24,-6.81
6.05,-6.24
6.24,-9.01
-6.83,-12.8
-6.75,-13.17
6.17,-10.85
6.43,-8.53
0.24,-10.78
1.64,-10.48
10.04,-1.6
8.2,-1.83
1.83,-3.4
0.17,-6.73
1.32,-6.91
-2.01,-4.26
6.18,-4.6
9.69,-6.97
-3.54,-8.62
-2.88,-13.32
0.48,-13.2
2.61,-8.18
4.76,-7.63
-1.61,-15.01
-4.4,-15.5
1.81,-9.72
-1.15,-17.11
-2.93,-16.97
5.25,-7.67
5.44,-6.78
16.09,-0.39
7.57,-1.38
-1.38,-7.19
-4.45,-11.79
-5.04,-12.67
3.32,-10.4
1.9,-10.05
8.36,-8.43
11.04,-1.29
6.41,-2.63
12.06,-1.92
-1.38,-8.09
-2.27,-9.73
0.42,-9.63
12.14,-7.4
16.78,7.81
12.68,-5.25
1.86,-5.98
0.54,-6.52
14.98,-4.37
17.66,3.94
16.58,-2.17
-1.37,-2.97
2.45,-1.82
-0.26,-4.04
3.23,-5.72
9.78,-5.56
11.72,-3.79
19.34,1.94
21.0,2.13
8.25,-1.1
13.1,-1.06
23.89,7.13
21.62,10.71
14.66,0.41
4.74,0.27
9.75,-1.32
11.54,-1.05
7.5,-8.45
-2.13,-8.69
11.46,-3.73
18.21,2.75
19.92,2.72
21.99,3.05
22.7,5.09
17.54,8.31
9.13,2.3
17.72,1.87
21.71,3.82
18.63,9.41
19.92,6.61
11.75,4.71
7.41,2.44
5.03,-2.47
6.45,-6.01
6.75,-4.97
8.94,0.44
26.48,7.96
8.76,1.11
6.77,-2.97
12.95,-1.49
15.78,1.6
16.54,5.2
13.84,6.07
14.25,5.67
11.95,2.17
9.28,1.14
7.56,-1.93
18.17,0.0
18.16,10.41
21.91,10.92
20.72,3.94
16.73,3.87
22.13,7.72
17.52,1.29
11.12,1.58
7.2,0.75
11.8,1.52
19.37,6.61
19.0,7.64
26.29,10.57
29.38,15.74
28.57,17.77
19.67,3.27
14.85,1.94
18.75,3.9
18.88,7.36
23.02,11.64
26.0,13.35
22.78,6.35
22.34,9.61
26.03,9.99
15.49,10.16
16.4,11.97
22.1,9.56
17.77,7.81
21.71,9.71
26.13,12.66
29.35,17.12
30.87,12.63
30.25,14.56
29.62,15.01
29.88,13.68
30.48,13.03
25.59,11.0
27.99,13.35
22.35,14.75
27.89,15.85
30.65,20.18
28.94,16.53
20.17,10.58
19.1,9.99
24.18,11.67
28.83,18.11
22.39,14.02
20.23,10.91
22.85,12.27
27.7,14.91
30.83,17.73
31.13,18.56
30.74,18.96
24.39,12.44
27.06,11.63
28.32,12.79
28.46,15.44
27.5,18.33
27.22,15.88
27.91,14.05
25.34,13.74
22.38,14.38
25.67,15.17
29.09,19.67
33.31,23.43
34.4,23.25
33.83,23.37
33.14,24.09
30.66,15.63
26.19,11.17
26.55,12.19
30.53,13.41
33.56,17.98
34.35,16.08
30.2,14.68
30.92,15.34
30.69,17.62
28.8,14.71
26.63,10.27
26.37,10.14
29.53,13.87
32.94,20.48
33.08,20.83
30.44,19.16
30.87,17.49
32.64,21.27
35.8,23.79
34.38,22.44
27.73,21.8
25.28,20.26
26.76,15.82
29.62,16.69
30.54,19.53
30.5,16.92
30.33,17.74
29.43,16.13
28.86,20.02
31.56,21.21
24.7,20.65
28.63,19.19
30.83,20.89
33.34,20.15
31.51,19.68
32.74,20.66
30.99,22.6
31.84,22.09
26.88,19.86
25.13,19.18
28.61,20.87
30.35,20.46
27.18,14.92
27.51,17.3
26.8,18.83
29.41,19.56
27.89,18.9
32.38,21.08
27.89,20.9
28.5,21.51
31.03,20.8
31.73,21.42
31.95,21.67
28.9,21.28
27.61,15.94
28.79,15.15
25.23,13.06
26.9,15.55
25.85,18.26
26.56,15.5
27.54,15.46
27.65,14.86
28.86,14.87
29.78,16.73
29.1,18.34
26.96,17.55
26.72,15.49
27.77,14.02
29.06,14.64
29.29,16.32
29.51,17.29
29.73,18.43
32.51,20.82
31.76,19.99
28.7,13.79
27.45,13.76
29.55,15.35
29.98,17.95
24.18,18.76
27.09,19.61
27.62,19.89
26.02,15.88
26.51,13.25
26.22,13.43
28.87,15.64
28.84,18.46
25.77,13.64
21.74,12.39
21.02,12.58
26.75,12.95
28.05,12.85
28.23,13.79
28.78,14.07
29.22,16.26
28.25,15.5
30.94,16.35
34.37,16.59
21.44,6.35
19.8,7.61
24.98,12.25
23.36,10.37
20.57,5.28
19.21,4.19
16.53,4.85
19.88,5.53
21.81,6.24
23.36,7.23
21.91,6.42
21.41,3.1
22.49,3.36
24.87,5.21
24.06,7.86
16.22,0.46
14.83,-0.02
18.22,2.19
23.3,4.97
24.03,7.52
23.8,6.18
17.87,1.12
19.81,2.09
17.27,3.13
22.36,4.29
9.58,1.07
6.9,0.06
12.31,-1.96
14.97,-0.34
22.62,5.36
25.09,10.26
25.45,9.45
25.17,10.32
22.8,8.0
12.14,-0.18
14.52,0.83
19.36,2.85
20.99,4.04
16.37,9.0
17.61,12.45
20.05,7.21
17.84,6.21
22.74,6.2
24.33,11.09
21.65,7.83
21.67,5.37
19.24,5.88
17.08,4.35
23.19,4.56
22.51,7.56
16.95,-0.55
0.08,-1.84
3.88,-2.1
6.39,-1.93
5.24,1.39
2.9,-1.96
0.04,-3.15
1.33,-7.84
2.18,-8.51
1.69,-8.36
9.37,-5.3
13.91,-4.35
15.45,-3.46
17.2,-1.84
12.29,-3.55
12.82,-3.3
12.41,5.39
7.79,4.78
15.86,0.83
3.38,-6.41
4.19,-6.91
13.67,1.56
11.62,-6.6
5.65,-6.9
7.9,-4.05
10.73,6.12
10.02,4.88
7.25,4.39
9.06,4.66
7.94,4.37
7.86,2.4
7.34,-0.71
7.89,-0.7
12.56,4.86
7.08,1.14
4.57,-0.84
1.12,-4.45
1.28,-7.92
0.78,-7.79
7.49,-5.96
6.43,-5.63
6.7,-22.17
-16.54,-22.38
-8.88,-16.85
-6.76,-14.41
-3.26,-9.02
-0.25,-4.82
9.79,-3.52
14.31,8.35
15.76,8.36
