20170101
9.12,-0.09
13.47,6.15
13.49,-4.21
-1.68,-6.71
-5.11,-12.99
-8.98,-15.72
-7.53,-16.21
-4.83,-14.89
5.54,-6.07
13.28,-0.94
18.48,0.65
19.05,-0.49
2.71,-0.6
3.96,1.1
4.7,1.19
15.26,4.45
15.16,3.58
5.97,1.98
11.91,3.49
15.33,8.29
19.09,6.76
15.87,6.98
8.9,3.46
8.49,2.61
15.81,1.79
3.04,-1.01
2.5,-3.9
3.48,-3.91
0.93,-6.57
7.43,-7.47
8.4,2.91
7.29,-2.07
2.77,-4.9
-0.17,-10.24
4.84,-10.36
11.61,-1.02
16.56,-0.04
16.18,3.15
7.2,-4.58
-1.18,-7.84
13.78,-4.06
18.48,9.46
16.55,-2.61
9.88,-2.42
11.91,1.74
8.25,-1.51
11.06,-0.51
19.79,5.05
17.08,7.18
16.16,2.65
21.14,3.67
18.8,10.56
21.33,12.21
20.89,13.49
25.08,2.06
3.11,-5.7
9.33,-4.81
11.82,5.58
18.91,8.76
16.02,0.41
8.51,-1.88
4.74,-2.49
13.16,-1.2
19.72,0.27
18.03,9.58
14.62,5.63
16.82,3.39
21.51,1.37
7.26,-2.98
3.62,-5.74
4.71,-5.25
3.56,-4.01
1.23,-6.96
2.43,-7.69
7.27,-6.14
9.84,1.8
7.2,-0.02
11.24,1.09
20.42,5.27
18.07,-0.04
7.64,-1.39
15.38,-0.89
24.33,13.09
25.17,13.48
19.03,6.97
20.46,7.71
16.89,9.2
17.77,9.13
24.98,10.86
12.93,4.7
11.09,2.52
19.62,4.33
21.97,12.2
20.71,8.9
23.62,5.01
10.09,1.57
14.53,-0.37
19.82,2.96
25.88,9.95
26.51,15.31
19.45,5.47
21.91,6.4
27.19,8.22
28.67,12.26
28.47,17.19
26.93,12.77
21.89,10.21
25.74,12.27
28.04,16.96
27.7,10.33
15.91,7.51
13.58,5.66
20.22,6.38
24.44,8.84
24.6,11.67
28.78,15.24
17.83,7.25
21.59,9.48
27.51,15.4
25.36,12.39
17.39,8.07
20.15,5.25
13.3,7.36
14.34,7.84
12.55,4.8
17.73,3.68
18.63,2.05
19.22,5.13
23.92,11.9
29.82,14.92
21.7,12.13
19.82,7.59
24.66,11.03
28.28,13.21
28.92,14.31
29.91,16.86
28.96,20.73
29.22,18.59
28.81,16.58
27.9,16.55
25.58,8.97
22.46,9.87
24.07,13.31
17.67,12.97
19.1,10.37
26.88,14.79
29.11,16.76
24.94,15.35
28.73,13.73
27.75,12.99
27.95,11.18
27.53,11.02
29.51,12.61
31.46,14.67
31.29,18.67
30.93,15.57
25.77,12.35
21.6,9.96
24.78,11.33
28.97,14.29
30.16,15.81
31.68,18.85
33.34,20.99
32.25,19.35
32.56,19.47
29.03,18.7
31.48,19.0
31.44,21.25
28.58,16.71
28.27,15.21
30.23,17.01
32.82,19.96
27.76,21.13
25.5,16.51
26.29,12.24
26.62,11.55
25.03,11.04
24.74,11.36
28.0,15.6
31.41,20.82
29.67,19.72
29.52,17.44
30.63,17.17
31.06,19.29
30.36,19.76
29.49,20.57
26.4,18.7
31.5,17.26
29.12,15.12
30.07,17.54
30.57,22.73
28.36,20.11
32.73,22.0
31.42,21.89
30.03,15.88
28.81,16.23
30.53,17.84
31.52,19.72
31.92,18.31
31.66,19.9
33.15,22.63
34.34,23.92
34.72,21.1
30.23,19.86
30.64,17.55
28.74,17.2
31.43,18.8
29.89,22.84
28.92,16.31
26.7,13.79
28.7,15.6
30.41,17.68
29.9,18.16
29.86,17.58
30.65,19.05
24.65,11.22
25.76,13.45
22.92,16.99
25.92,14.24
27.49,12.09
27.93,13.91
29.79,15.34
27.92,17.08
27.93,13.64
28.47,16.14
28.72,17.73
31.14,18.79
32.06,20.79
31.72,20.14
29.98,18.84
32.01,18.54
32.97,19.06
32.62,20.88
29.07,14.98
27.05,11.54
26.84,11.97
26.27,11.78
26.7,12.29
28.63,14.1
27.55,16.68
27.05,15.04
28.54,15.79
28.55,15.4
16.3,12.25
23.97,11.45
28.54,12.88
31.06,16.69
23.47,8.36
20.47,6.83
22.12,7.0
25.63,9.01
24.59,8.29
24.1,8.18
23.04,9.18
21.39,14.49
18.94,15.94
24.11,13.68
29.12,14.08
30.72,15.44
31.01,16.39
28.5,19.2
27.27,17.75
31.72,18.33
33.16,18.94
33.15,17.5
32.54,16.47
32.72,15.45
32.42,15.72
32.6,17.13
30.07,13.19
23.68,7.95
25.92,7.47
23.7,5.81
24.45,6.47
26.97,10.98
28.75,14.61
27.42,17.23
25.03,16.43
27.77,16.85
28.25,13.73
20.13,14.7
23.14,15.71
22.44,15.82
18.33,13.33
18.06,12.24
24.17,11.21
28.99,13.74
23.71,6.97
17.76,3.05
20.51,3.19
21.8,4.13
24.54,6.57
25.36,7.19
24.5,9.89
25.76,14.54
17.79,7.98
11.92,4.61
11.3,0.14
18.09,0.13
13.6,1.77
4.64,1.0
4.57,-1.58
9.07,-0.64
8.18,-0.65
16.13,2.22
20.64,13.35
17.53,7.68
20.49,9.99
23.99,9.67
12.64,7.02
9.54,4.96
11.96,-0.61
13.58,-1.73
4.09,-3.6
7.88,-3.49
9.48,1.96
8.78,0.44
12.04,0.38
10.06,0.68
6.02,-1.77
16.31,0.59
18.5,2.22
4.23,-4.02
10.3,-3.78
13.9,-2.95
6.24,-4.24
9.85,-2.79
14.69,-1.49
15.71,-1.93
12.98,-2.51
17.58,0.26
17.95,4.93
15.16,2.93
12.8,-1.95
12.92,-2.16
14.75,-1.29
16.44,-1.02
19.06,4.98
9.31,-2.13
8.08,-2.43
0.09,-8.38
0.74,-8.87
1.03,-6.55
4.47,-6.12
10.63,-3.93
0.76,-7.61
8.69,-6.03
1.45,-5.3
1.89,-3.93
10.7,-0.93
7.86,3.42
8.15,5.42
10.62,2.53
10.96,-1.02
13.45,-1.1
12.59,2.75
3.43,-1.26
1.92,-5.98
-1.17,-7.6
-4.15,-15.84
-8.25,-16.21
-4.18,-12.36
-3.04,-7.49
-4.86,-14.82
-7.81,-18.3
-10.56,-20.5
-7.08,-20.46
-2.63,-16.58
-6.61,-17.01
-7.47,-18.61
-5.68,-18.92
4.36,-9.78
3.87,0.16
7.0,0.39
15.13,5.07
16.08,-2.69
-1.6,-10.54
-4.43,-16.39
-4.41,-16.63
-2.28,-16.26
-11.92,-17.45
-6.51,-14.66
0.4,-12.16
6.41,-6.48
10.97,1.13
13.86,7.91
14.14,2.61
4.01,-1.04
1.62,-5.26
9.97,-4.26
14.17,1.92
11.08,-2.28
12.27,-3.08
2.01,-5.86
1.95,-6.15
12.31,-0.59
6.9,-10.77
-3.82,-11.65
4.9,-6.41
4.56,-10.25
-1.27,-10.5
1.05,-4.12
0.41,-8.51
1.25,-8.16
11.48,-0.93
6.02,-0.31
1.73,-6.41
5.03,-6.7
7.58,-4.24
15.63,5.67
20.66,8.6
8.13,-1.32
3.01,-1.94
13.38,-1.88
23.42,13.17
25.58,10.48
10.98,3.89
12.38,4.36
16.43,7.56
15.58,6.53
9.84,-0.47
13.83,-0.61
16.99,0.65
13.79,10.21
14.34,0.12
10.25,-2.08
11.34,-1.99
11.95,-0.55
9.94,0.33
14.13,-0.6
4.39,-2.25
1.64,-4.41
7.77,-3.84
10.88,-0.41
7.13,-1.58
5.21,-3.61
6.42,-5.48
6.01,-5.09
15.88,-1.75
10.47,-1.96
10.87,-1.0
15.11,0.4
16.7,-0.01
2.46,-1.65
6.06,-3.8
8.93,-3.33
11.22,-1.03
2.77,-1.38
9.07,-1.14
15.32,3.48
14.39,9.98
14.69,10.2
14.74,5.03
11.38,0.62
16.13,1.42
10.06,-0.43
11.35,-0.1
23.32,1.04
3.59,-3.36
11.6,-2.16
15.36,-1.95
6.55,-4.17
6.78,-1.72
7.29,-1.25
7.28,-1.85
18.68,-0.23
26.77,13.66
26.55,16.05
20.76,10.1
11.48,0.63
2.68,-0.62
11.86,0.28
23.67,1.25
12.86,-0.48
16.97,1.5
19.23,5.45
20.55,9.1
15.27,9.7
13.74,10.35
19.78,5.19
20.59,4.41
21.7,6.39
15.22,0.29
17.78,0.97
23.73,5.5
27.7,14.24
29.07,18.78
25.29,18.22
26.29,14.25
19.88,12.11
28.01,10.02
23.77,8.5
26.25,10.02
28.86,15.57
29.65,15.35
30.52,18.62
30.19,17.71
31.56,18.55
32.62,19.8
31.96,18.93
26.82,16.77
28.96,17.8
23.95,18.51
26.53,17.14
31.42,18.16
30.15,18.48
29.97,15.67
28.59,14.67
29.02,14.14
31.1,18.38
30.72,18.83
32.6,18.78
32.98,20.22
30.94,21.66
27.24,20.61
29.08,19.45
29.68,18.49
31.2,19.88
27.7,13.14
25.17,12.44
28.85,14.26
27.25,15.7
31.48,18.57
32.32,18.57
33.05,17.88
26.24,18.15
26.15,18.79
28.65,19.78
29.44,15.38
29.24,15.87
31.74,18.9
34.05,21.1
34.28,22.42
33.46,22.84
32.99,21.43
31.02,21.59
27.52,19.05
25.09,18.44
25.31,18.07
28.24,20.43
24.61,20.29
26.82,19.53
29.22,18.91
31.06,20.56
32.12,20.54
33.14,22.88
33.36,22.78
32.44,21.93
31.97,22.36
35.0,23.04
34.68,21.73
28.85,13.94
27.97,15.17
31.87,18.0
33.19,20.54
33.53,21.06
30.57,16.81
29.89,16.18
32.2,17.66
33.55,21.11
29.42,21.42
30.51,20.26
31.11,15.89
30.14,15.87
30.75,18.11
30.71,18.4
25.62,18.71
26.95,16.98
26.5,16.93
29.48,17.78
30.86,17.48
30.42,16.57
27.5,14.85
27.81,15.38
28.12,18.2
24.55,18.9
25.26,17.44
27.54,16.46
30.07,17.05
31.06,19.47
32.62,19.79
33.49,20.33
33.08,20.74
30.31,20.98
30.48,18.88
30.01,18.97
31.1,19.93
31.08,17.55
31.14,17.12
30.63,16.69
31.83,19.0
26.18,19.72
27.9,20.57
28.99,20.25
29.56,18.86
30.72,19.78
29.21,20.42
27.95,17.63
26.0,12.1
27.36,12.52
24.27,14.24
30.07,20.81
32.72,22.26
33.21,22.12
33.65,21.9
31.65,19.54
29.54,18.09
31.38,19.0
30.8,19.93
32.97,20.93
33.9,21.07
34.2,20.75
33.45,21.24
31.25,20.82
28.63,19.06
19.87,15.36
16.98,13.99
20.48,12.63
23.05,13.22
24.22,14.96
30.26,16.44
31.36,17.58
31.89,19.22
29.72,20.25
30.67,19.01
33.39,18.91
33.57,19.64
33.86,21.06
31.45,15.78
17.24,14.19
24.0,14.34
22.35,17.45
25.36,19.3
22.14,11.76
16.99,8.09
23.05,9.17
23.2,9.72
27.32,11.66
29.52,14.21
30.26,19.1
30.89,19.51
27.69,17.44
31.56,19.0
31.57,18.01
31.73,18.16
31.42,19.7
30.6,19.52
24.95,11.51
16.0,2.25
12.79,2.5
12.68,3.55
13.22,7.25
12.69,1.38
11.94,1.48
16.79,0.11
14.83,-0.24
14.55,0.62
17.58,-2.23
12.65,-2.1
19.12,1.39
18.16,0.73
15.39,1.24
14.22,3.5
10.02,6.03
13.36,3.71
18.86,2.87
17.27,2.42
21.44,6.37
18.86,7.98
11.11,5.04
10.49,0.8
14.8,0.78
16.53,7.29
16.35,8.4
15.95,3.54
13.04,-1.01
6.62,0.0
6.8,-6.53
3.63,-6.97
7.35,-5.76
7.39,-0.32
2.18,-6.21
1.03,-5.91
1.43,-1.45
5.06,-1.72
8.79,0.17
11.13,0.52
6.39,1.68
4.01,-3.01
9.73,-3.56
12.4,-2.95
12.3,-0.56
14.29,0.69
16.5,0.18
2.34,-5.7
-3.42,-7.14
1.77,-7.61
8.45,0.08
12.72,6.23
15.36,8.57
16.3,4.05
5.12,0.46
2.15,-1.83
0.93,-3.06
5.26,-5.18
4.39,-6.2
-1.56,-5.73
5.61,-7.34
2.9,-8.82
7.95,-7.08
11.79,1.66
10.95,5.46
10.15,6.5
8.99,3.44
11.29,-0.68
10.65,-2.94
8.6,-3.2
13.32,-1.13
8.71,5.27
6.71,-0.11
5.75,-1.42
3.44,-2.81
8.26,-2.98
9.02,-3.58
9.92,-3.42
14.34,5.15
13.77,-0.14
2.31,-2.61
7.99,-2.73
17.56,4.68
6.01,3.16
4.93,0.28
5.22,-0.76
9.88,0.12
12.6,0.06
13.25,0.39
14.8,8.32
16.23,-1.17
0.14,-6.71
-0.12,-7.19
1.26,-7.09
2.16,-1.25
1.29,-3.27
1.45,-6.01
1.59,-3.31
3.11,0.83
5.78,1.13
3.57,0.41
4.61,-9.64
-5.65,-16.19
-5.47,-16.11
8.22,-7.58
10.64,-4.79
0.27,-11.74
-2.32,-11.85
2.56,-3.49
0.6,-5.19
9.06,-9.98
-5.21,-16.67
-14.71,-19.81
-6.33,-17.94
2.5,-6.88
11.54,-3.17
18.46,3.09
14.04,4.04
13.74,3.85
15.09,9.6
17.49,-6.97
-2.17,-9.94
0.22,-9.71
3.32,-3.27
10.69,1.88
11.81,-3.8
4.52,-3.57
13.81,0.7
2.15,-3.86
3.51,-4.33
1.49,-1.95
0.61,-4.97
2.77,-5.01
8.7,-1.18
7.74,-1.58
6.62,1.04
15.02,4.47
7.62,-4.87
5.73,-5.31
11.82,-3.28
15.36,-1.52
1.72,-1.04
3.9,-0.72
5.09,-0.5
0.77,-11.75
-5.89,-13.48
-3.08,-12.57
-0.28,-10.5
2.04,-3.37
4.08,-0.61
16.0,1.73
10.36,0.09
11.41,-2.03
10.89,-2.04
20.97,6.92
22.41,6.6
7.23,-0.84
9.74,-2.37
12.09,-2.86
9.62,-3.13
11.09,-2.44
13.45,2.83
7.82,1.44
12.1,-2.57
14.3,-1.95
13.82,5.71
9.97,-1.66
9.85,-2.29
15.93,-1.33
21.94,5.5
17.69,11.27
16.09,-1.25
4.65,-4.1
8.94,-2.79
15.31,-0.5
17.63,2.77
21.99,9.37
15.77,9.74
20.87,10.39
20.37,12.3
23.1,10.37
21.64,6.37
22.51,8.39
27.15,10.46
19.09,5.35
19.47,6.2
21.53,1.92
12.57,2.2
24.87,7.56
25.0,14.11
22.67,6.08
7.9,2.86
6.95,1.74
21.39,3.49
25.42,9.84
25.65,10.25
21.65,10.23
20.84,8.82
18.27,5.48
16.64,5.95
13.15,5.41
25.15,7.47
27.24,13.61
26.79,14.31
23.26,15.93
22.24,14.6
16.86,10.06
22.27,8.04
24.74,9.98
26.31,12.09
28.6,14.67
23.46,11.5
14.87,6.92
18.73,7.52
11.92,7.89
14.84,5.63
20.88,7.43
21.63,9.61
26.12,12.16
30.13,16.61
30.6,19.32
24.47,13.16
22.42,9.38
20.92,10.12
25.94,18.25
29.64,18.65
31.24,19.58
30.49,20.53
29.72,17.13
29.37,18.94
30.4,21.98
26.83,17.44
24.91,17.0
26.02,14.74
27.58,16.67
27.02,9.47
24.61,11.58
27.24,15.57
30.3,17.96
28.37,19.22
25.6,19.0
25.1,19.2
26.27,19.65
24.32,10.17
24.42,10.95
24.86,13.35
20.95,7.99
24.27,12.08
25.94,17.38
27.2,18.55
27.51,19.51
26.67,19.4
28.71,19.56
23.96,14.73
26.14,16.27
25.3,17.59
29.16,18.63
25.29,16.99
28.73,17.73
31.49,19.03
31.0,18.86
32.11,19.98
32.6,21.49
33.02,18.84
31.65,20.0
33.09,20.42
30.65,19.71
31.7,20.53
32.85,21.85
30.74,21.63
31.84,20.4
30.41,18.65
32.27,19.79
33.15,21.79
31.76,18.16
29.96,15.28
32.13,17.74
32.5,21.02
30.66,22.2
30.45,22.27
31.34,21.99
33.32,23.55
33.28,23.13
33.7,23.32
33.12,21.79
26.08,14.86
27.0,14.11
27.02,13.67
28.26,15.08
29.65,16.57
31.13,18.23
31.58,19.71
31.04,20.14
29.87,18.49
29.0,16.66
30.2,17.72
30.29,16.82
30.78,16.06
31.33,16.58
32.05,17.78
30.95,18.98
29.98,17.59
31.2,18.67
31.2,15.79
29.61,15.19
30.49,17.87
29.15,20.91
30.36,19.96
31.84,16.83
29.06,16.23
30.66,17.8
30.66,20.07
33.57,19.72
34.17,20.68
32.91,18.73
31.22,19.92
27.19,19.39
24.26,13.06
25.85,13.59
28.0,15.27
22.16,20.55
26.82,15.25
26.56,12.61
28.44,14.57
30.24,19.34
26.08,17.97
30.33,18.23
28.45,15.78
30.46,17.77
29.45,14.06
25.9,13.05
29.14,14.18
24.18,12.51
25.59,14.6
30.83,16.34
34.82,18.74
33.16,19.45
33.24,20.11
33.41,15.99
28.09,13.48
31.36,15.69
32.65,17.57
29.77,15.15
30.56,15.65
31.22,16.19
30.93,18.3
31.45,16.54
31.59,17.76
28.11,9.95
26.15,10.56
29.64,13.55
26.1,10.22
32.82,13.06
32.64,18.9
33.28,18.45
34.21,17.15
33.96,18.22
33.91,17.9
32.1,10.73
22.49,8.26
27.4,8.78
23.04,12.3
19.78,5.46
22.8,6.05
22.71,7.24
27.32,12.05
22.19,1.19
13.85,0.63
20.49,1.98
20.69,2.98
23.85,4.9
10.66,1.67
15.53,1.16
17.75,1.65
22.41,4.18
23.92,9.91
21.97,9.81
16.76,2.6
18.96,2.82
19.79,7.49
14.92,9.02
18.71,10.18
18.25,3.6
18.88,4.56
15.85,9.23
13.63,9.14
9.52,-2.67
8.67,-2.73
11.25,-1.94
12.4,-1.37
15.94,2.81
11.22,-1.28
12.41,-0.64
6.76,-6.48
2.45,-6.58
8.99,-2.44
17.92,3.94
12.44,-9.59
-5.01,-12.87
0.3,-11.41
6.43,-5.52
6.48,-5.61
8.22,-3.85
8.6,-3.71
5.81,-0.49
7.01,-0.74
8.18,3.7
12.95,4.47
7.57,-1.2
3.98,-0.26
10.01,0.24
15.23,2.25
15.44,5.86
13.93,1.35
3.94,1.25
6.58,2.36
14.22,3.22
9.87,0.7
2.49,-0.51
4.66,-0.43
10.53,-1.84
12.2,-2.26
9.98,-3.71
7.93,-4.11
13.97,-0.74
14.07,-2.19
-1.41,-7.39
3.8,-7.1
7.56,-4.39
8.3,1.5
6.42,-1.01
1.77,-1.68
1.6,-0.87
2.71,-5.61
-0.87,-8.92
4.46,-7.88
8.31,-4.64
11.55,-2.74
12.9,-2.6
15.98,-1.35
16.41,-1.16
18.86,0.12
17.48,9.65
15.02,7.22
16.24,7.71
16.7,5.3
5.68,1.26
2.98,-0.09
9.22,-0.5
10.83,6.64
10.87,3.22
3.95,-2.32
9.51,-2.43
8.92,-2.13
9.05,-1.8
5.87,-2.12
14.34,-1.39
17.63,10.34
18.57,2.08
5.63,1.37
7.89,1.75
11.03,0.13
14.03,1.22
5.02,-4.65
3.77,-4.46
11.14,-8.09
-7.03,-10.09
-3.23,-8.68
0.29,-8.5
3.79,-7.72
8.72,0.56
7.62,1.14
1.76,-0.76
7.14,-2.47
3.61,-2.09
1.73,-0.02
2.87,-0.32
4.55,-0.17
4.09,0.33
6.16,0.03
17.52,1.59
20.8,5.22
14.48,0.37
3.06,-0.09
0.81,-2.74
1.46,-2.87
2.42,-4.43
11.13,-3.09
7.68,0.35
5.55,-1.18
2.73,-0.51
2.9,-11.93
-4.03,-12.49
7.84,-9.64
10.76,-1.15
12.46,0.49
10.71,-3.34
7.02,-3.62
2.08,-9.03
3.34,-8.92
9.77,-5.96
13.46,1.9
7.59,4.79
8.33,2.41
3.55,-3.42
2.84,-3.54
3.32,-6.28
4.23,-6.3
17.89,-1.93
12.7,8.75
14.72,1.22
16.48,-0.27
15.72,0.19
3.07,-4.82
10.42,-4.7
18.55,0.72
17.63,9.9
13.72,5.66
11.39,3.59
16.75,3.95
11.22,2.56
6.04,1.14
7.32,1.13
8.94,3.66
12.54,3.86
16.18,5.31
20.54,12.39
21.66,0.15
3.75,-1.29
6.43,-0.93
12.53,2.95
11.88,3.42
17.24,3.92
21.45,7.31
25.62,12.93
26.17,16.32
18.9,7.58
16.75,5.54
8.69,4.35
12.12,0.48
17.01,2.19
21.41,6.58
20.96,7.38
16.31,7.53
21.94,9.27
26.1,13.91
27.62,7.32
12.93,0.2
11.23,0.72
17.21,5.39
16.53,8.51
9.42,0.89
8.61,-2.79
11.13,-3.78
10.4,-0.57
11.31,0.83
12.94,1.2
14.55,3.02
18.96,5.22
14.94,0.56
22.02,3.73
13.46,10.2
19.84,8.11
18.61,6.99
15.79,2.11
19.59,5.37
24.01,13.28
17.98,7.16
10.43,5.82
20.74,7.01
27.94,13.65
23.0,6.84
22.01,8.46
9.36,4.78
16.0,3.87
19.69,7.66
13.13,-1.77
13.92,0.7
18.57,2.89
11.15,2.22
16.0,5.37
13.65,8.89
27.74,13.65
24.33,16.34
27.26,17.51
25.1,15.99
20.0,14.21
19.48,12.33
14.93,11.79
18.67,12.28
25.32,14.05
28.87,17.27
30.17,17.75
30.88,18.19
29.65,19.28
25.52,18.43
27.52,17.54
24.84,13.16
23.36,11.25
22.84,8.39
25.52,12.82
31.05,18.44
31.44,20.53
29.34,17.92
30.38,19.08
33.02,16.66
29.7,16.38
30.73,19.06
28.62,23.35
31.25,15.08
27.48,13.45
29.9,13.14
27.96,13.22
24.3,11.21
25.62,13.08
27.36,14.15
28.63,14.94
29.08,16.75
31.76,17.81
32.64,18.9
28.22,19.02
30.48,19.76
26.52,16.96
27.62,14.75
29.27,17.06
31.43,21.35
26.29,20.15
27.96,21.17
31.3,20.45
29.39,20.44
31.63,20.49
32.28,18.88
32.77,19.93
34.04,20.54
33.96,20.81
33.21,20.75
33.73,21.43
32.69,20.71
33.61,21.52
30.48,18.84
32.19,17.1
28.53,16.64
28.67,16.19
31.0,17.18
32.16,20.39
27.42,18.38
30.87,20.16
33.17,23.02
33.7,21.74
31.94,21.42
32.57,20.66
29.92,21.32
29.94,19.1
31.0,18.23
31.83,19.68
33.28,21.94
32.3,21.21
30.74,18.77
31.74,20.63
24.24,20.12
25.49,19.97
27.06,17.06
27.02,17.27
27.42,16.93
25.33,12.77
24.76,13.83
26.33,14.46
27.14,13.27
28.95,15.6
30.39,18.65
29.94,19.52
29.33,19.88
28.69,20.56
29.96,20.89
27.87,19.2
30.43,18.82
28.36,16.54
29.89,17.52
25.82,14.34
25.83,13.26
27.03,14.27
27.92,16.98
27.88,18.1
29.39,18.7
31.14,19.96
32.25,20.32
31.11,21.52
29.03,22.55
29.05,20.8
29.67,14.64
26.55,16.3
26.39,18.07
27.32,20.34
27.33,20.46
28.71,15.96
26.1,9.79
27.01,11.44
27.02,15.78
29.5,17.36
30.36,16.38
30.58,16.94
30.31,18.46
22.8,17.78
28.39,18.02
27.35,14.49
26.07,11.95
22.95,9.18
25.94,9.8
27.02,11.25
20.17,6.38
20.31,4.97
22.96,5.99
23.77,7.2
23.53,8.93
22.14,10.31
24.31,11.18
26.03,12.04
24.32,14.05
26.07,13.95
18.79,6.86
17.71,6.96
25.16,5.4
20.39,2.4
17.24,3.47
18.52,6.41
16.11,-0.06
17.52,1.09
22.86,4.87
29.1,7.39
26.45,7.79
27.71,9.59
23.32,16.06
26.45,15.6
24.97,4.62
21.21,4.46
25.91,6.49
17.15,-0.41
14.79,-1.29
17.37,0.05
16.47,9.12
13.23,7.71
17.3,8.66
21.74,11.98
27.38,13.04
25.55,6.59
12.95,5.72
10.61,6.07
9.67,6.77
10.97,6.89
12.35,8.27
11.62,3.5
10.52,-0.91
15.26,0.33
11.02,-3.23
9.84,-2.69
18.4,0.84
22.16,5.46
19.98,4.57
21.44,3.85
23.39,4.24
26.63,10.5
26.07,11.84
25.19,11.37
13.37,-0.17
13.21,-0.11
13.48,-1.66
17.48,0.58
13.65,1.7
13.63,1.55
7.14,-2.13
10.3,-2.08
18.69,6.71
17.54,9.17
10.72,6.6
10.08,1.15
9.59,1.61
11.48,4.44
15.43,7.89
10.58,7.25
13.03,-0.41
9.73,-2.38
11.63,-2.27
2.86,-2.38
1.59,-5.83
7.08,-5.83
6.99,-3.2
7.2,-2.13
7.6,-3.63
4.18,-3.19
1.69,-1.02
3.04,-0.63
13.92,-0.94
16.88,-0.69
18.22,5.73
16.26,3.99
6.06,2.16
2.39,-6.31
2.38,-5.88
1.67,-1.2
0.52,-5.43
3.6,-5.61
6.03,0.64
7.12,1.06
10.04,0.7
8.1,-0.66
13.69,-1.54
-1.53,-10.65
-7.74,-11.52
4.02,-9.37
12.46,-0.93
3.31,-2.47
6.51,-3.13
11.68,-1.86
0.72,-2.27
10.96,0.35
3.87,1.32
2.71,-2.94
8.23,-2.71
2.19,-0.47
3.15,-1.12
3.91,-0.64
0.71,-2.13
-0.02,-6.08
0.08,-5.94
-1.43,-4.33
3.51,-4.27
8.47,-1.9
9.71,-0.01
5.95,-1.36
1.58,-1.3
1.32,-1.79
3.09,-1.65
7.48,-2.65
3.78,-3.47
10.71,-1.54
3.5,-9.05
2.36,-9.2
1.72,-0.97
4.39,0.0
7.67,-0.16
0.86,-8.13
-0.65,-10.4
1.77,-10.25
4.37,-3.03
6.47,-2.39
-0.15,-5.64
1.5,-5.97
3.73,-4.72
4.49,-3.64
4.04,-5.29
3.19,-10.49
-4.14,-11.83
1.93,-8.35
-0.19,-5.48
-3.05,-7.02
-2.69,-7.34
-1.42,-6.76
-2.31,-9.75
-2.99,-10.38
-6.71,-11.79
-6.71,-15.91
-3.34,-15.08
-1.09,-11.98
-1.56,-13.89
1.07,-11.19
8.48,-7.35
5.01,1.42
13.68,1.64
17.32,-1.73
9.29,-1.56
7.65,0.14
12.84,5.91
17.31,1.72
8.31,-4.33
7.78,-4.43
17.51,-1.74
12.45,-3.52
8.68,-4.36
9.79,-3.32
11.89,-2.84
18.58,-0.67
19.84,1.3
21.2,8.97
18.84,7.22
16.1,5.23
13.16,0.38
10.54,1.39
5.88,0.99
16.09,3.28
17.48,5.58
17.16,-0.42
11.35,-1.99
16.35,-1.96
19.59,1.3
19.95,4.72
19.48,9.5
22.55,7.27
18.06,8.43
14.33,4.15
23.63,6.11
11.54,-1.42
15.85,-0.09
23.42,5.14
11.91,-1.85
5.48,-5.38
9.5,-4.11
18.14,0.08
23.93,6.25
24.81,8.06
25.97,10.2
27.01,12.58
21.78,10.92
27.12,11.34
18.84,8.81
12.03,7.45
20.57,7.8
19.04,9.38
16.82,2.87
14.48,0.95
17.34,2.4
14.16,2.44
17.94,3.37
20.13,2.73
18.31,-1.19
8.86,-1.19
13.15,0.51
16.1,3.83
11.84,6.67
18.39,3.98
24.62,6.81
27.76,16.72
26.25,17.24
21.25,10.18
22.73,2.95
23.26,5.32
24.62,13.32
23.34,15.8
22.03,8.77
17.77,3.56
18.41,3.93
18.57,2.5
16.18,5.09
17.99,2.58
17.26,4.29
17.04,4.46
17.93,3.5
20.09,4.42
21.81,5.11
22.98,9.44
21.83,13.1
23.49,15.13
26.2,15.83
27.36,16.29
29.08,15.48
28.89,13.57
29.8,14.88
30.66,15.91
31.16,16.52
31.18,18.04
25.78,17.37
27.73,17.74
23.08,7.86
14.64,4.35
20.64,7.24
23.71,10.74
23.71,14.21
18.95,15.75
22.72,14.17
29.5,14.84
29.59,16.61
27.95,19.19
27.95,19.95
25.13,20.61
25.9,20.51
27.93,20.2
30.68,19.31
33.4,20.16
31.84,15.58
31.83,14.12
27.71,13.98
27.86,13.92
30.09,16.13
32.82,19.38
28.54,18.75
31.1,22.1
27.8,12.95
22.62,10.83
25.63,13.11
28.48,18.65
27.9,22.19
30.42,21.88
31.95,21.3
32.69,21.43
34.32,21.31
29.25,20.78
25.7,14.74
25.32,13.31
26.42,14.89
30.21,18.47
31.72,19.71
32.18,19.33
31.01,21.05
29.1,17.79
25.38,17.0
27.27,18.54
26.21,20.39
28.34,21.08
27.85,19.13
29.52,20.04
31.39,20.79
29.33,20.71
27.75,19.16
27.91,17.36
28.62,17.53
29.33,17.92
28.27,17.73
28.25,17.13
29.43,17.73
30.65,19.29
31.19,21.69
32.26,17.75
31.61,18.33
31.35,19.97
31.63,20.64
28.22,16.94
22.88,14.59
27.64,12.83
26.71,13.75
27.82,13.97
28.52,15.12
29.66,16.3
29.24,18.1
30.95,18.92
31.64,19.78
26.73,21.48
33.16,23.31
33.06,24.19
34.24,21.14
31.21,20.85
28.86,19.34
24.43,18.79
28.22,19.76
29.56,19.52
31.23,20.64
30.29,19.34
31.53,19.32
31.71,19.44
33.14,20.06
33.74,20.67
34.13,21.51
31.88,20.3
34.24,20.66
33.71,20.56
33.5,21.3
33.15,21.57
27.12,20.13
26.25,18.77
27.03,13.45
26.52,13.46
26.4,14.4
26.6,17.98
26.61,13.0
28.96,13.57
29.23,16.76
27.65,12.57
25.75,12.12
26.4,12.62
28.04,15.81
29.62,18.1
30.41,18.51
30.79,19.76
25.48,15.03
28.56,15.74
31.0,17.58
31.9,18.53
29.84,19.06
23.52,18.66
24.86,14.05
15.42,9.43
19.87,7.24
23.41,8.17
21.72,7.76
24.46,8.56
29.19,14.49
29.7,15.62
29.95,15.64
28.22,13.47
27.1,13.74
25.24,15.83
24.32,16.41
23.51,15.11
25.87,15.9
24.85,16.93
24.78,16.13
26.45,14.49
28.61,14.6
28.99,18.1
27.68,17.76
21.22,11.83
24.54,12.59
28.29,18.8
24.58,9.7
17.39,4.92
20.34,4.85
21.88,5.17
21.93,6.13
23.01,7.45
21.53,9.53
13.17,7.13
16.57,7.05
24.54,12.56
16.96,8.58
14.62,2.09
15.61,2.15
12.71,8.5
16.71,10.39
13.91,9.29
17.3,2.97
12.61,2.32
9.86,-2.39
9.71,-2.46
10.86,-2.49
12.12,-2.31
14.75,-1.38
17.5,-0.68
21.22,2.37
17.83,4.18
21.09,6.55
16.82,3.08
10.77,1.6
4.64,0.37
6.0,-2.53
5.57,-2.22
17.24,-0.13
19.48,4.05
8.7,-3.83
5.94,-4.27
12.78,-1.14
8.19,-1.21
4.77,-6.3
5.99,-6.38
13.38,-0.09
8.99,-4.23
1.64,-4.65
10.24,-0.29
8.27,-5.34
7.85,-5.86
13.53,0.34
12.23,3.79
19.05,2.69
18.5,2.07
13.09,1.47
17.53,2.87
6.87,-4.73
-0.79,-5.07
6.04,-4.87
15.43,-0.9
19.24,10.16
17.19,-2.36
9.44,-2.72
12.55,-1.44
14.8,-0.45
18.58,11.96
16.65,-0.31
9.28,-0.16
12.48,-1.52
1.96,-5.18
6.66,-5.14
8.03,-4.55
3.3,-5.04
11.89,-3.5
17.76,9.61
21.0,8.21
16.03,7.2
21.03,6.13
13.86,4.67
10.1,5.87
10.04,6.14
17.99,8.71
14.53,3.32
2.84,-4.82
1.07,-6.26
6.45,-6.05
6.61,-8.38
-6.5,-13.23
-6.75,-13.5
6.59,-10.54
6.58,-8.43
0.75,-9.94
2.1,-9.92
10.67,-0.34
8.64,-1.31
2.68,-1.95
1.03,-5.95
1.41,-6.04
-1.54,-4.9
7.0,-5.22
9.99,-7.12
-3.25,-8.55
-2.61,-12.7
0.57,-12.23
3.42,-6.62
6.09,-6.82
-1.19,-14.04
-4.12,-14.34
2.57,-8.81
-0.33,-15.76
-2.63,-15.69
5.63,-6.52
5.52,-6.02
16.59,0.42
8.55,-1.31
-0.46,-6.75
-3.58,-11.38
-4.06,-12.28
4.25,-9.29
2.55,-8.61
9.74,-7.64
11.76,-1.18
7.52,-2.09
13.57,-1.84
-1.17,-7.93
-0.97,-9.11
1.43,-9.27
13.59,-6.92
17.66,8.9
13.74,-5.25
2.08,-5.95
1.44,-5.75
15.45,-3.94
18.58,4.69
16.8,-2.12
-0.83,-2.84
3.15,-1.78
0.24,-3.78
3.62,-5.25
10.12,-5.08
11.92,-3.42
19.52,2.64
21.37,2.21
9.25,-0.88
14.3,-0.97
23.84,7.65
21.47,10.62
15.59,0.39
5.04,0.33
10.56,-0.63
11.89,-0.4
8.59,-8.65
-1.91,-9.03
11.76,-3.1
18.56,3.16
20.28,3.14
22.01,3.52
22.77,5.4
17.99,8.05
9.02,2.1
18.01,1.89
21.88,4.4
19.75,9.45
19.98,6.36
11.56,4.32
7.82,3.05
6.44,-2.61
7.2,-5.28
7.33,-4.56
9.43,0.61
26.67,7.69
8.45,1.2
7.14,-2.85
13.38,-1.66
16.3,1.03
16.22,6.26
14.43,6.63
14.16,6.16
12.09,2.53
9.4,1.21
8.43,-1.66
18.89,-0.21
18.31,10.85
22.84,11.4
21.76,3.79
16.96,3.74
21.77,7.8
18.18,2.04
11.19,2.37
7.91,0.8
12.25,1.32
20.18,6.98
19.18,8.22
26.79,10.56
29.53,16.22
28.63,17.33
19.74,3.47
15.17,2.17
19.81,4.14
20.0,8.03
22.87,12.31
26.86,13.96
23.44,6.82
22.88,9.46
26.31,10.74
15.76,10.61
17.5,12.8
22.71,10.29
17.63,8.62
22.11,10.14
26.59,13.38
29.43,17.84
31.17,13.93
30.59,15.16
29.89,15.33
29.53,13.91
30.2,13.12
25.87,11.4
28.56,13.45
22.67,14.58
28.16,16.02
31.08,20.74
29.71,17.3
20.39,11.32
18.77,10.46
24.24,12.33
29.52,18.3
23.17,14.46
20.82,11.43
22.82,12.18
27.97,14.78
31.14,18.5
31.32,19.32
31.19,18.82
24.66,12.99
27.09,12.07
28.56,12.85
28.89,15.79
27.93,18.19
27.65,16.74
29.09,14.28
25.88,14.72
21.98,14.78
26.63,15.81
30.03,20.38
34.1,24.31
34.54,23.72
34.31,24.36
33.66,24.66
30.31,16.36
26.51,11.9
26.51,12.47
30.99,13.79
33.89,18.6
34.93,17.27
30.51,15.54
31.19,16.23
31.44,19.09
29.35,15.35
26.94,11.55
26.12,10.51
29.76,13.84
33.18,19.85
33.28,21.41
30.94,19.55
30.74,18.41
32.87,21.33
36.25,24.37
35.13,23.1
28.26,21.79
26.24,20.66
25.91,16.23
29.88,17.07
30.97,19.76
30.87,17.31
30.49,18.51
29.96,16.76
29.4,20.2
31.83,21.71
25.3,20.92
29.26,19.96
31.38,21.35
33.61,20.51
31.77,19.87
33.45,21.39
32.12,23.15
32.41,22.37
27.88,19.84
25.96,19.37
29.09,21.43
30.93,20.87
27.57,15.75
27.45,17.38
26.69,19.13
29.78,20.23
28.26,19.47
32.71,21.17
29.14,21.17
28.2,21.45
31.46,21.09
32.12,21.3
32.46,22.2
30.95,21.35
28.34,17.14
29.53,16.0
26.04,13.64
27.56,15.73
27.0,18.93
27.14,15.91
28.2,15.62
28.11,15.54
29.46,15.7
30.43,16.86
29.86,18.88
27.45,17.67
27.49,16.04
28.68,14.73
29.7,14.89
30.33,16.29
30.67,18.37
30.74,19.18
33.45,21.23
32.18,20.44
29.71,14.36
28.18,13.66
29.83,15.22
30.53,17.81
25.62,18.81
26.66,19.51
28.0,19.47
26.42,16.01
27.13,13.76
26.43,13.48
29.27,15.44
29.23,18.26
25.88,13.5
22.66,12.06
22.08,12.57
26.99,13.42
28.4,13.29
28.64,14.08
29.03,14.52
29.5,15.95
29.14,16.75
31.92,17.38
34.84,16.7
22.42,6.57
19.67,8.2
25.97,11.89
24.29,10.09
21.22,5.36
20.17,3.59
16.89,4.28
20.09,5.47
21.74,6.21
23.89,6.61
22.52,6.8
21.95,3.31
22.8,3.4
24.9,5.31
25.05,8.5
17.45,0.74
15.34,0.33
18.45,1.39
23.42,6.04
24.18,8.61
24.14,6.1
18.48,1.81
20.31,2.77
18.16,3.43
21.84,4.69
10.15,0.7
7.33,-0.48
12.62,-1.88
15.38,-1.08
22.65,5.47
25.64,10.82
25.63,10.34
25.35,11.03
22.54,7.47
12.56,0.7
15.08,1.37
19.41,3.56
21.31,4.22
16.09,10.09
17.59,12.01
19.96,7.73
18.18,6.65
22.94,6.64
24.63,11.74
21.27,7.77
21.67,5.93
19.8,7.05
18.43,5.91
23.84,6.04
22.36,8.37
18.04,-0.92
0.12,-1.99
3.45,-2.01
6.87,-2.19
5.45,0.99
3.92,-2.26
0.56,-3.39
1.46,-8.01
2.37,-7.98
2.04,-7.97
9.53,-5.14
13.9,-3.51
15.17,-2.72
17.04,-1.36
13.21,-3.18
12.92,-3.25
12.92,4.35
8.68,4.77
16.21,-0.39
3.87,-6.08
4.32,-6.76
13.77,2.05
11.86,-6.26
5.63,-6.34
7.9,-3.17
11.57,5.94
10.46,4.67
8.0,4.82
9.1,5.26
8.25,4.84
7.94,1.67
7.84,-0.52
8.66,-0.34
11.94,4.79
7.13,0.91
4.91,-0.67
1.49,-3.93
1.81,-7.46
1.34,-7.13
7.62,-5.27
6.76,-4.81
6.65,-22.07
-15.51,-22.28
-7.9,-16.41
-5.98,-13.62
-2.57,-8.66
-0.32,-4.39
10.33,-3.6
14.34,9.55
15.96,8.5
