20170101
8.83,-0.48
13.26,6.02
13.45,-4.02
-1.61,-6.74
-5.22,-13.13
-8.92,-15.71
-7.65,-16.34
-5.11,-15.07
5.25,-6.18
13.13,-1.1
18.35,0.45
19.02,-0.64
2.42,-0.62
3.68,0.89
4.51,0.98
15.07,4.29
15.29,3.42
5.71,1.83
11.57,3.19
15.23,8.1
18.8,6.52
15.83,6.96
9.01,3.39
8.25,2.31
15.53,1.66
3.0,-1.05
2.28,-3.91
3.13,-4.03
0.77,-6.59
7.27,-7.48
8.32,2.91
7.19,-2.13
2.76,-4.93
-0.14,-10.19
4.79,-10.45
11.53,-1.02
16.5,0.0
16.14,3.02
7.1,-4.64
-1.29,-7.95
13.69,-4.18
18.42,9.28
16.42,-2.57
9.86,-2.36
11.91,1.67
8.21,-1.4
10.88,-0.39
19.78,4.96
17.17,7.09
16.18,2.68
20.91,3.54
18.76,10.47
21.15,12.27
20.88,13.46
25.02,2.22
3.01,-5.67
9.19,-5.03
11.71,5.47
18.8,8.78
15.94,0.41
8.43,-1.9
4.78,-2.49
12.8,-1.22
19.75,0.29
17.93,9.58
14.6,5.76
16.68,3.42
21.34,1.38
7.19,-3.01
3.49,-5.64
4.63,-5.21
3.53,-4.02
1.18,-6.89
2.41,-7.62
7.21,-6.0
9.72,1.87
7.16,0.0
11.34,1.04
19.95,5.27
17.98,-0.04
7.54,-1.39
15.33,-0.86
24.33,13.19
25.17,13.44
19.01,7.09
20.27,7.77
16.81,9.28
17.65,9.07
24.95,10.86
12.94,4.64
10.96,2.6
19.58,4.38
21.87,12.22
20.56,8.82
23.67,5.0
9.91,1.55
14.55,-0.28
19.77,3.2
25.81,10.04
26.43,15.38
19.25,5.57
21.85,6.45
27.09,8.4
28.54,12.35
28.36,17.13
26.74,12.88
21.83,10.21
25.7,12.35
27.92,16.97
27.54,10.31
15.93,7.49
13.6,5.62
19.89,6.44
24.37,9.08
24.65,11.85
28.69,15.25
17.87,7.34
21.76,9.5
27.46,15.2
25.49,12.35
17.49,7.92
20.04,5.16
13.6,7.28
14.38,7.68
12.26,4.8
17.63,3.64
18.53,1.92
19.16,5.14
23.84,11.82
29.65,14.88
21.71,12.01
19.53,7.53
24.59,11.01
28.17,13.24
28.83,14.4
29.82,17.07
28.87,20.64
29.19,18.6
28.66,16.44
27.87,16.39
25.37,8.94
22.25,9.82
23.96,13.43
17.79,12.93
19.11,10.38
26.85,14.89
28.97,16.71
24.74,15.32
28.58,13.69
27.66,13.01
27.81,11.2
27.43,11.02
29.41,12.72
31.35,14.63
31.14,18.64
30.75,15.48
25.73,12.39
21.47,10.08
24.63,11.29
28.82,14.45
30.13,15.98
31.61,18.91
33.15,21.02
31.98,19.36
32.23,19.43
28.84,18.72
31.37,18.98
31.34,21.09
28.57,16.69
28.12,15.22
30.06,17.0
32.69,20.02
27.61,21.07
25.6,16.48
26.28,12.27
26.48,11.56
24.92,11.01
24.69,11.39
27.91,15.93
31.26,20.73
29.67,19.78
29.46,17.34
30.54,17.1
31.03,19.35
30.18,19.65
29.34,20.61
26.24,18.6
31.41,17.19
28.92,14.95
29.93,17.62
30.52,22.62
28.06,20.07
32.65,21.98
31.43,21.82
30.07,15.76
28.81,16.19
30.49,17.76
31.43,19.71
31.9,18.25
31.66,19.86
33.09,22.58
34.19,23.88
34.56,21.05
30.17,19.73
30.54,17.34
28.6,16.99
31.26,18.68
29.83,22.77
28.87,16.21
26.66,13.63
28.65,15.5
30.3,17.68
29.71,18.05
29.75,17.48
30.57,18.99
24.68,11.16
25.67,13.33
22.76,16.94
25.65,14.1
27.4,11.94
27.87,13.81
29.64,15.31
27.87,16.93
27.91,13.59
28.37,16.01
28.54,17.57
31.12,18.72
32.1,20.82
31.68,20.23
29.84,18.69
31.89,18.49
32.77,19.03
32.51,20.91
29.21,14.95
26.94,11.42
26.67,11.9
26.13,11.63
26.52,12.26
28.53,14.05
27.34,16.61
26.91,14.97
28.36,15.78
28.39,15.34
16.11,12.23
23.5,11.4
28.26,12.91
30.92,16.44
23.33,8.24
20.33,6.79
21.94,6.98
25.43,9.02
24.52,8.1
23.95,7.95
22.85,8.97
21.38,14.39
18.82,15.84
23.83,13.44
28.82,13.76
30.41,15.26
30.73,16.21
28.46,19.16
27.14,17.63
31.46,18.19
32.93,18.88
32.9,17.41
32.33,16.39
32.67,15.39
32.22,15.54
32.41,17.04
29.97,12.97
23.59,7.91
25.76,7.27
23.47,5.77
24.13,6.52
26.72,10.9
28.44,14.44
27.09,17.19
24.55,16.54
27.55,16.94
28.15,13.57
20.14,14.58
22.98,15.55
22.44,15.96
18.61,13.39
18.03,12.19
23.94,11.23
28.78,13.83
23.8,7.03
17.51,3.04
20.37,3.24
21.47,4.23
24.36,6.61
25.19,7.26
24.39,9.88
25.62,14.41
17.71,7.91
11.9,4.53
11.06,0.04
17.77,0.07
13.89,1.67
4.53,0.9
4.39,-1.62
9.0,-0.7
7.98,-0.63
15.9,2.15
20.48,13.16
17.25,7.44
20.27,9.69
23.84,9.58
12.5,6.87
9.53,4.72
11.78,-0.57
13.57,-1.82
3.89,-3.7
7.57,-3.67
9.41,2.06
8.58,0.69
11.77,0.52
9.97,0.63
5.8,-1.66
16.18,0.59
18.39,2.2
4.06,-3.97
10.16,-3.73
13.74,-2.83
5.93,-4.29
9.56,-2.78
14.57,-1.51
15.59,-1.89
12.75,-2.51
17.53,0.31
17.86,4.85
14.97,2.87
12.65,-1.93
12.65,-2.13
14.31,-1.29
16.04,-1.17
18.93,4.8
9.38,-2.2
7.93,-2.36
0.2,-8.23
0.48,-8.75
0.7,-6.55
4.17,-6.16
10.24,-3.96
0.58,-7.66
8.44,-6.0
1.25,-5.53
1.77,-4.11
10.57,-1.06
7.73,3.24
8.06,5.25
10.55,2.51
10.57,-1.04
13.29,-1.16
12.53,2.79
3.47,-1.22
1.77,-5.97
-1.42,-7.66
-4.39,-15.87
-8.41,-16.29
-4.62,-12.45
-3.13,-7.51
-5.09,-14.84
-8.06,-18.48
-10.77,-20.73
-7.15,-20.72
-2.74,-16.58
-6.76,-17.19
-7.62,-18.72
-5.91,-19.19
4.14,-9.92
3.77,0.05
6.69,0.22
15.14,4.92
15.95,-2.43
-1.37,-10.41
-4.47,-16.53
-4.62,-16.69
-2.2,-16.3
-11.7,-17.67
-6.12,-14.7
0.49,-12.12
6.07,-6.59
10.69,1.02
13.66,7.81
14.07,2.52
4.0,-1.1
1.36,-5.35
9.7,-4.49
14.19,1.61
11.11,-2.21
12.13,-3.25
1.97,-5.82
1.87,-6.21
12.08,-0.7
6.83,-10.68
-3.94,-11.61
4.78,-6.44
4.32,-10.09
-1.49,-10.32
0.76,-3.94
0.29,-8.44
1.04,-8.11
11.47,-1.06
5.81,-0.33
1.72,-6.33
4.82,-6.59
7.47,-4.22
15.49,5.64
20.53,8.63
8.2,-1.32
2.87,-1.82
13.15,-1.81
23.28,12.99
25.57,10.78
10.85,3.87
12.15,4.32
16.37,7.57
15.5,6.61
9.74,-0.47
13.57,-0.6
16.88,0.71
13.73,10.17
14.31,0.23
9.97,-2.08
11.13,-1.95
11.81,-0.54
9.95,0.43
14.09,-0.56
4.0,-2.18
1.58,-4.38
7.65,-3.79
10.67,-0.39
7.17,-1.55
5.3,-3.55
6.24,-5.41
5.89,-4.96
15.72,-1.77
10.05,-1.89
10.44,-0.95
15.01,0.41
16.65,0.04
2.58,-1.66
5.81,-3.91
8.76,-3.42
11.1,-1.1
2.8,-1.43
8.96,-1.1
15.28,3.57
14.36,10.08
14.7,10.28
14.75,5.14
11.11,0.62
16.12,1.51
9.95,-0.38
11.11,-0.1
23.33,0.98
3.58,-3.29
11.45,-2.04
15.36,-2.0
6.44,-4.17
6.67,-1.76
7.21,-1.24
7.27,-1.76
18.57,-0.02
26.68,13.71
26.56,16.17
20.69,10.3
11.65,0.63
2.62,-0.55
11.76,0.42
23.48,1.46
12.7,-0.44
16.88,1.67
19.04,5.64
20.34,9.13
15.13,9.74
13.63,10.43
19.59,5.14
20.46,4.49
21.66,6.6
15.13,0.31
17.53,1.08
23.61,5.52
27.63,14.02
29.02,18.71
25.38,18.19
26.28,14.32
19.68,12.11
27.83,10.12
23.64,8.49
26.07,10.03
28.82,15.66
29.47,15.25
30.46,18.56
30.03,17.62
31.44,18.5
32.54,19.93
31.88,18.93
26.73,16.74
28.86,17.74
23.9,18.44
26.38,17.17
31.3,18.15
30.09,18.52
29.82,15.65
28.42,14.62
28.93,14.06
30.99,18.41
30.57,18.74
32.46,18.84
32.88,20.2
30.91,21.62
27.32,20.56
28.96,19.44
29.45,18.43
31.04,19.83
27.58,13.1
25.08,12.4
28.7,14.25
27.03,15.65
31.31,18.51
32.2,18.48
32.98,17.9
26.12,18.15
25.98,18.76
28.5,19.8
29.27,15.3
29.18,15.8
31.63,18.85
33.94,21.05
34.24,22.33
33.42,22.8
32.93,21.44
31.0,21.6
27.35,19.07
24.98,18.46
25.23,18.13
28.16,20.39
24.52,20.25
26.73,19.53
29.07,18.92
30.99,20.49
32.09,20.52
33.1,22.81
33.26,22.72
32.47,21.87
31.78,22.27
34.92,23.0
34.65,21.68
28.77,13.79
27.94,15.15
31.81,18.01
33.13,20.4
33.43,20.96
30.48,16.57
29.86,16.09
32.15,17.62
33.5,21.04
29.37,21.34
30.3,20.21
31.02,15.76
30.15,15.85
30.7,18.18
30.4,18.31
25.65,18.74
26.97,16.94
26.45,16.87
29.32,17.65
30.74,17.42
30.3,16.57
27.38,14.77
27.67,15.35
28.05,18.22
24.66,18.85
25.14,17.46
27.22,16.34
29.66,16.93
30.8,19.37
32.31,19.65
33.18,20.21
32.76,20.53
30.15,20.75
30.18,18.69
29.77,18.81
30.82,19.88
30.78,17.38
30.78,17.02
30.31,16.52
31.43,18.92
26.04,19.54
27.66,20.5
28.66,20.08
29.35,18.72
30.53,19.57
28.95,20.17
27.65,17.46
25.73,11.95
26.95,12.44
24.35,14.3
29.6,20.59
32.52,22.08
32.94,21.92
33.35,21.69
31.59,19.41
29.33,17.85
31.18,18.86
30.55,19.82
32.76,20.86
33.69,21.01
33.97,20.67
33.15,21.15
31.04,20.67
28.48,18.85
19.84,15.17
16.87,13.81
20.14,12.71
22.74,13.32
24.12,14.98
30.14,16.48
31.22,17.52
31.74,19.27
29.52,20.24
30.35,18.88
33.16,18.88
33.34,19.56
33.63,20.96
31.31,15.6
17.2,14.05
23.85,14.13
22.19,17.24
25.4,19.28
22.03,11.64
16.67,7.78
22.91,9.01
23.12,9.63
27.17,11.62
29.45,14.2
30.16,19.11
30.72,19.42
27.52,17.4
31.33,18.81
31.47,18.0
31.56,18.11
31.24,19.62
30.55,19.45
24.9,11.56
15.94,2.19
12.72,2.5
12.39,3.52
13.22,7.14
12.73,1.33
11.93,1.43
16.6,0.05
14.63,-0.25
14.52,0.67
17.36,-2.15
12.47,-2.01
18.99,1.19
18.04,0.57
14.93,1.14
14.12,3.31
9.9,5.81
12.89,3.73
18.65,2.69
16.99,2.29
21.07,6.03
18.74,7.9
11.26,4.95
10.07,0.71
14.43,0.72
16.5,7.16
16.26,8.46
15.79,3.5
12.86,-1.05
6.5,-0.12
6.75,-6.63
3.42,-7.08
7.2,-5.89
7.16,-0.33
2.16,-6.29
0.96,-6.18
1.41,-1.49
4.88,-1.62
8.45,0.3
11.08,0.56
6.27,1.6
3.93,-3.05
9.46,-3.61
11.91,-3.02
12.16,-0.83
14.03,0.54
16.22,0.17
2.33,-5.78
-3.46,-7.2
1.52,-7.7
8.01,-0.08
12.52,6.04
15.16,8.34
16.33,3.97
4.96,0.38
1.94,-1.94
0.68,-3.17
5.07,-5.42
4.1,-6.41
-1.69,-5.82
5.26,-7.31
2.38,-8.85
7.72,-7.08
11.54,1.53
10.71,5.22
10.11,6.34
8.8,3.38
10.99,-0.62
10.43,-2.97
8.21,-3.23
13.06,-1.26
8.54,5.16
6.72,-0.2
5.48,-1.41
3.49,-2.76
8.02,-3.02
8.71,-3.67
9.77,-3.5
14.19,4.97
13.76,-0.16
2.28,-2.6
7.52,-2.75
17.39,4.64
5.88,3.16
4.85,0.27
5.16,-0.77
9.92,0.1
12.47,0.03
12.96,0.32
14.6,8.18
16.15,-1.26
-0.05,-6.65
-0.42,-7.13
1.14,-7.06
2.02,-1.35
1.13,-3.3
1.23,-6.22
1.45,-3.48
2.91,0.74
5.55,1.11
3.28,0.36
4.39,-9.78
-5.97,-16.32
-5.89,-16.32
8.05,-7.87
10.53,-4.73
0.06,-11.74
-2.46,-11.85
2.41,-3.54
0.32,-5.49
9.02,-9.92
-5.42,-16.72
-14.92,-19.9
-6.46,-18.08
2.08,-6.94
11.21,-3.07
18.4,3.13
13.91,4.1
13.37,3.92
15.03,9.65
17.36,-6.94
-2.21,-9.92
0.03,-9.69
3.14,-3.43
10.39,1.82
11.73,-3.78
4.29,-3.62
13.71,0.76
2.23,-3.85
3.37,-4.36
1.28,-1.98
0.56,-5.0
2.62,-5.09
8.63,-1.2
7.7,-1.56
6.49,1.03
14.98,4.46
7.64,-4.88
5.53,-5.3
11.49,-3.23
15.25,-1.48
1.73,-0.94
3.89,-0.65
5.11,-0.5
0.74,-11.46
-5.85,-13.42
-3.11,-12.46
-0.3,-10.42
2.04,-3.7
3.98,-0.55
15.94,1.71
10.34,0.23
11.32,-2.04
10.7,-2.02
20.96,6.74
22.33,6.49
7.23,-0.82
9.66,-2.43
12.03,-2.91
9.56,-3.08
11.02,-2.33
13.46,2.73
7.8,1.52
11.97,-2.57
14.23,-1.91
13.98,5.62
9.88,-1.75
9.78,-2.27
15.87,-1.23
21.95,5.49
17.6,11.3
16.04,-1.27
4.6,-4.08
8.89,-2.74
15.26,-0.4
17.52,2.87
21.98,9.38
15.73,9.78
20.66,10.43
20.42,12.37
23.06,10.36
21.72,6.32
22.54,8.39
27.12,10.55
19.38,5.35
19.59,6.27
21.83,1.96
12.5,2.23
24.87,7.55
24.87,14.07
22.91,6.14
7.97,2.8
6.98,1.8
21.27,3.6
25.35,9.9
25.65,10.29
21.66,10.31
20.93,8.96
18.22,5.47
16.6,6.06
13.24,5.48
25.22,7.53
27.23,13.58
26.74,14.27
23.34,15.92
22.28,14.65
17.03,10.2
22.24,8.03
24.78,10.01
26.27,12.14
28.37,14.56
23.52,11.6
14.93,6.99
18.79,7.56
12.08,8.0
14.73,5.61
20.82,7.4
21.57,9.54
26.0,12.22
30.02,16.53
30.5,19.37
24.48,13.26
22.46,9.34
20.97,10.14
25.92,18.32
29.48,18.67
31.23,19.5
30.45,20.51
29.76,17.11
29.3,18.97
30.37,21.96
26.81,17.45
24.87,17.03
25.98,14.71
27.49,16.63
26.95,9.39
24.57,11.51
27.18,15.5
30.19,17.96
28.36,19.18
25.47,18.86
24.92,19.28
26.26,19.66
24.28,10.16
24.38,10.95
24.75,13.32
20.86,7.91
24.22,11.95
25.96,17.47
27.04,18.58
27.47,19.45
26.64,19.35
28.72,19.59
23.87,14.91
26.08,16.29
25.11,17.47
29.13,18.53
25.35,17.03
28.85,17.74
31.49,19.07
31.07,18.88
32.06,19.96
32.47,21.45
32.92,18.83
31.65,19.99
33.06,20.31
30.51,19.8
31.64,20.51
32.78,21.78
30.76,21.5
31.74,20.35
30.37,18.66
32.21,19.75
33.08,21.72
31.72,18.13
29.94,15.16
32.07,17.56
32.43,20.93
30.75,22.17
30.54,22.26
31.17,21.89
33.21,23.48
33.3,23.01
33.69,23.21
33.05,21.7
26.18,14.89
26.93,14.0
26.98,13.64
28.23,15.04
29.6,16.43
31.03,18.12
31.52,19.56
31.03,19.99
29.85,18.39
29.01,16.79
30.31,17.82
30.23,16.84
30.68,16.03
31.23,16.5
32.03,17.55
30.93,18.86
29.93,17.49
31.21,18.58
31.13,15.8
29.52,15.11
30.53,17.77
29.2,20.82
30.35,19.84
31.81,16.77
29.17,16.09
30.7,17.72
30.81,20.01
33.61,19.72
34.2,20.59
32.92,18.57
31.34,19.84
27.33,19.27
24.09,12.93
25.82,13.65
27.96,15.2
22.04,20.42
26.75,15.17
26.54,12.37
28.44,14.28
30.29,19.26
26.44,17.93
30.52,18.25
28.58,15.79
30.58,17.7
29.65,14.02
25.95,12.85
29.23,14.1
24.21,12.41
25.77,14.5
30.77,16.26
34.9,18.59
33.23,19.26
33.3,19.96
33.5,16.12
27.97,13.41
31.37,15.54
32.65,17.57
29.76,15.07
30.57,15.68
31.15,16.26
30.78,18.07
31.41,16.34
31.58,17.58
28.33,9.78
26.12,10.49
29.89,13.33
26.23,10.25
32.74,12.97
32.85,18.77
33.42,18.4
34.12,17.09
33.9,17.88
33.84,17.54
32.21,10.89
22.45,8.29
27.37,8.9
23.16,12.16
19.49,5.63
22.65,6.16
22.47,7.52
27.18,12.06
22.3,1.19
13.83,0.51
20.38,1.75
20.62,2.93
23.74,4.94
10.57,1.58
15.45,1.18
17.7,1.65
22.35,4.19
23.85,10.07
22.05,9.98
16.71,2.53
18.84,2.69
19.95,7.18
14.99,9.02
18.63,10.26
18.25,3.72
19.21,4.63
15.88,9.17
13.7,9.63
9.89,-2.51
8.57,-2.73
11.24,-2.02
12.31,-1.52
15.91,2.64
11.14,-1.34
12.49,-0.64
6.74,-6.43
2.45,-6.55
8.92,-2.49
17.87,3.69
12.59,-9.28
-5.03,-12.72
0.18,-11.36
6.45,-5.49
6.36,-5.56
8.17,-3.85
8.61,-3.59
5.83,-0.51
7.04,-0.8
8.2,3.63
12.89,4.5
7.49,-1.04
3.98,-0.2
9.99,0.32
15.07,2.19
15.27,5.7
13.93,1.39
3.85,1.29
6.55,2.47
14.18,3.18
9.93,0.72
2.46,-0.48
4.48,-0.5
10.48,-1.89
11.92,-2.3
9.85,-3.74
7.78,-4.14
13.93,-0.94
13.96,-2.0
-1.2,-7.53
3.84,-7.21
7.43,-4.67
8.15,1.53
6.4,-1.0
1.78,-1.57
1.49,-0.83
2.63,-5.61
-0.79,-9.04
4.4,-8.07
8.15,-4.71
11.51,-2.84
12.71,-2.68
15.84,-1.39
16.37,-1.15
18.82,-0.28
17.44,9.07
15.33,7.26
16.18,7.67
16.58,5.15
5.64,1.26
2.89,-0.01
9.29,-0.58
10.75,6.32
10.78,3.26
4.14,-2.09
9.35,-2.48
8.85,-2.23
9.13,-1.71
5.72,-2.16
14.32,-1.57
17.56,10.23
18.54,2.13
5.6,1.23
7.98,1.86
10.99,0.1
13.93,1.03
5.24,-4.93
3.91,-4.56
11.11,-7.86
-6.86,-10.09
-3.21,-8.76
0.27,-8.74
3.86,-7.92
8.84,0.39
7.69,1.11
1.84,-0.7
7.13,-2.46
3.71,-2.11
1.75,0.01
2.75,-0.33
4.51,-0.22
4.01,0.27
6.15,-0.07
17.5,1.5
20.67,5.22
14.4,0.29
3.04,-0.14
0.75,-2.79
1.4,-2.91
2.39,-4.47
11.03,-3.18
7.58,0.49
5.48,-1.21
2.66,-0.54
2.85,-11.89
-4.12,-12.51
7.79,-9.85
10.64,-1.12
12.33,0.42
10.6,-3.37
6.9,-3.65
1.95,-9.11
3.29,-8.98
9.71,-6.04
13.43,1.89
7.56,4.72
8.43,2.32
3.49,-3.51
2.72,-3.57
3.25,-6.37
4.21,-6.39
17.76,-2.24
12.81,8.53
14.7,1.05
16.52,-0.26
15.67,0.22
3.02,-4.66
10.37,-4.62
18.47,0.43
17.76,9.52
13.91,5.72
11.47,3.69
16.81,4.01
11.62,2.62
6.12,1.18
7.34,1.22
8.91,3.69
12.64,3.67
16.13,5.27
20.48,12.25
21.83,0.29
3.67,-1.31
6.44,-1.01
12.56,3.0
11.95,3.37
17.21,3.94
21.35,7.12
25.47,13.0
26.25,16.35
19.0,7.64
16.75,5.5
8.68,4.38
12.14,0.5
16.82,2.21
21.2,6.49
21.24,7.42
16.45,7.59
21.8,9.28
25.99,13.9
27.37,7.35
12.91,0.2
11.17,0.74
17.08,5.28
16.55,8.69
9.64,0.91
8.61,-2.81
11.19,-3.71
10.39,-0.51
11.48,0.88
12.8,1.22
14.42,3.02
18.86,5.24
14.94,0.55
21.93,3.75
13.42,10.2
19.58,8.06
18.6,7.03
15.62,2.17
19.39,5.4
23.88,13.19
18.13,7.16
10.32,5.82
20.59,6.95
27.8,13.39
23.1,6.85
21.94,8.38
9.29,4.74
15.8,3.61
19.67,7.5
12.99,-1.87
13.81,0.61
18.57,2.9
11.03,2.17
15.95,5.27
13.61,8.88
27.69,13.65
24.35,16.37
27.09,17.45
25.28,16.2
19.9,14.17
19.48,12.18
14.96,11.68
18.68,12.38
25.31,14.08
28.65,17.21
30.04,17.68
30.69,18.04
29.61,19.23
25.53,18.34
27.49,17.46
24.86,13.21
23.3,11.18
22.69,8.41
25.43,12.82
30.97,18.33
31.38,20.5
29.23,17.94
30.4,18.98
32.98,16.67
29.49,16.33
30.57,18.97
28.85,23.23
31.39,15.09
27.43,13.43
29.77,13.19
27.76,13.23
24.1,11.27
25.51,13.18
27.21,14.2
28.54,14.89
28.88,16.69
31.53,17.79
32.53,18.75
28.63,19.16
30.4,19.76
26.49,16.9
27.58,14.7
29.21,16.96
31.24,21.22
26.33,20.09
27.77,21.16
31.12,20.37
29.35,20.34
31.59,20.33
32.23,18.78
32.74,19.91
34.03,20.36
33.92,20.71
33.13,20.65
33.66,21.31
32.72,20.67
33.54,21.42
30.26,18.81
32.04,17.11
28.45,16.47
28.61,16.05
30.95,17.09
32.08,20.41
27.5,18.25
30.77,20.13
33.07,22.86
33.61,21.6
32.01,21.27
32.51,20.52
29.78,21.17
29.76,18.97
30.93,18.02
31.69,19.5
33.22,21.85
32.23,21.02
30.64,18.6
31.67,20.45
24.11,19.98
25.65,19.92
27.22,17.23
26.92,17.22
27.46,16.8
25.32,12.68
24.77,13.9
26.37,14.56
27.15,13.32
28.9,15.47
30.51,18.44
29.65,19.41
29.29,19.77
28.71,20.47
29.97,20.87
27.69,19.13
30.32,18.71
28.38,16.39
29.85,17.43
25.76,14.33
25.8,13.22
26.98,14.23
27.84,17.02
27.68,18.09
29.25,18.68
31.04,19.75
32.19,20.25
31.13,21.4
28.95,22.48
28.83,20.87
29.55,14.57
26.53,16.27
26.37,18.08
27.41,20.25
27.51,20.43
28.76,16.05
26.13,9.88
27.02,11.44
27.19,15.54
29.47,17.15
30.35,16.42
30.56,16.97
30.26,18.41
22.83,17.48
28.46,17.85
27.29,14.48
26.04,11.82
22.87,9.29
25.99,9.77
26.98,11.16
20.19,6.37
20.34,5.04
22.9,6.02
23.7,7.14
23.59,8.74
22.2,10.16
24.29,11.17
26.03,12.04
24.48,13.83
26.1,13.95
19.13,6.82
17.73,6.87
24.96,5.33
20.28,2.33
17.16,3.44
18.48,6.43
16.29,-0.1
17.5,1.09
22.75,4.88
28.99,7.15
26.29,7.62
27.62,9.44
23.23,16.06
26.25,15.68
24.92,4.51
21.1,4.41
25.8,6.39
17.17,-0.43
14.7,-1.28
17.29,0.01
16.36,8.98
13.19,7.82
17.17,8.6
21.77,11.96
27.32,13.06
25.46,6.55
12.86,5.65
10.66,6.04
9.68,6.77
11.06,6.87
12.33,8.28
11.63,3.57
10.41,-0.95
15.13,0.37
11.11,-3.15
9.92,-2.61
18.33,0.68
22.03,5.44
19.77,4.28
21.43,3.8
23.39,4.17
26.62,10.06
26.12,11.48
25.27,11.58
13.4,-0.03
13.27,-0.06
13.64,-1.55
17.39,0.49
13.86,1.72
13.6,1.4
7.05,-2.17
10.2,-2.03
18.64,6.31
17.6,9.02
10.78,6.59
10.15,1.15
9.64,1.76
11.42,4.37
15.31,7.82
10.63,7.25
13.04,-0.34
9.71,-2.37
11.66,-2.32
2.85,-2.28
1.47,-5.85
6.99,-5.77
6.93,-3.35
7.21,-2.15
7.45,-3.63
4.1,-3.3
1.55,-1.24
2.92,-0.76
13.88,-0.92
16.67,-0.76
18.15,5.38
16.29,3.88
6.01,2.07
2.34,-6.18
2.3,-5.84
1.65,-1.32
0.47,-5.37
3.55,-5.53
5.94,0.4
7.07,0.77
9.84,0.5
8.05,-0.72
13.63,-1.38
-1.44,-10.61
-7.84,-11.49
3.97,-9.65
12.3,-1.09
3.4,-2.64
6.2,-3.18
11.55,-1.84
0.8,-2.13
11.12,0.43
4.08,1.41
2.77,-2.81
8.2,-2.47
2.21,-0.23
3.2,-1.06
3.95,-0.59
0.78,-2.05
0.07,-6.33
0.2,-6.23
-1.31,-4.4
3.46,-4.16
8.46,-1.99
9.67,-0.02
6.16,-1.31
1.69,-1.24
1.41,-1.68
3.12,-1.67
7.55,-2.5
3.81,-3.19
10.72,-1.6
3.55,-9.12
2.29,-9.19
1.67,-1.01
4.38,-0.15
7.74,-0.29
0.97,-8.27
-0.52,-10.49
1.76,-10.29
4.22,-3.22
6.45,-2.28
-0.19,-5.59
1.44,-5.93
3.6,-4.67
4.45,-3.52
4.0,-5.05
3.16,-10.21
-4.08,-11.55
2.0,-8.29
-0.14,-5.34
-3.02,-7.01
-2.66,-7.26
-1.39,-6.65
-2.27,-9.46
-2.98,-10.05
-6.65,-11.68
-6.64,-15.84
-3.37,-14.93
-1.15,-11.8
-1.51,-13.81
1.04,-11.18
8.45,-7.34
4.96,1.44
13.63,1.55
17.34,-1.67
9.25,-1.54
7.68,0.23
12.85,6.03
17.23,1.94
8.49,-4.34
7.76,-4.34
17.41,-1.99
12.38,-3.54
8.71,-4.14
9.7,-3.17
11.77,-2.76
18.53,-0.7
19.81,1.32
21.25,8.74
18.8,7.61
16.15,5.29
13.1,0.23
10.5,1.4
5.89,1.2
16.09,3.26
17.5,5.49
17.15,-0.22
11.43,-1.88
16.38,-1.84
19.59,1.31
19.97,4.83
19.6,9.37
22.58,7.34
18.08,8.36
14.57,4.32
23.59,5.98
11.96,-1.27
15.78,0.01
23.41,5.56
12.04,-1.73
5.39,-5.21
9.44,-3.88
18.06,0.33
23.83,6.23
24.75,7.96
25.88,10.25
26.99,12.8
21.69,11.06
27.03,11.6
18.75,8.97
12.0,7.43
20.49,7.86
19.01,9.51
16.73,3.04
14.37,0.97
17.2,2.43
14.04,2.4
17.86,3.48
20.06,2.87
18.38,-1.02
8.68,-1.05
13.08,0.47
16.1,4.02
11.81,6.78
18.3,4.0
24.53,7.01
27.71,16.88
26.28,17.3
21.16,10.23
22.63,2.87
23.13,5.29
24.59,13.25
23.28,15.73
22.09,8.82
17.67,3.51
18.36,3.91
18.42,2.7
16.14,5.16
18.0,2.81
17.21,4.36
16.94,4.75
17.8,3.56
19.98,4.42
21.73,5.15
22.9,9.71
21.68,13.07
23.33,15.07
26.14,15.93
27.32,16.37
29.04,15.51
28.83,13.61
29.78,14.99
30.53,15.93
31.12,16.51
31.08,18.06
25.83,17.4
27.7,17.85
23.03,7.82
14.69,4.64
20.43,7.13
23.68,10.71
23.67,14.23
18.89,15.77
22.71,14.08
29.48,14.8
29.53,16.66
27.9,19.19
27.9,19.95
25.13,20.61
25.83,20.53
27.87,20.21
30.64,19.27
33.34,20.11
31.79,15.48
31.77,14.05
27.65,13.87
27.76,13.81
30.03,16.1
32.75,19.3
28.52,18.65
31.08,22.06
27.84,12.88
22.57,10.77
25.56,13.1
28.48,18.57
27.89,22.15
30.42,21.8
31.94,21.23
32.69,21.38
34.32,21.31
29.3,20.89
25.44,14.9
25.21,13.32
26.33,14.89
30.13,18.52
31.64,19.76
32.12,19.34
30.88,21.03
28.97,17.8
25.38,16.89
27.32,18.47
26.32,20.44
28.26,21.05
27.76,19.12
29.42,19.95
31.3,20.9
29.24,20.71
27.67,19.26
27.75,17.34
28.52,17.5
29.22,17.82
28.18,17.57
28.14,16.94
29.3,17.56
30.58,19.18
31.15,21.7
32.18,17.82
31.49,18.23
31.24,19.87
31.54,20.57
28.17,16.93
22.99,14.64
27.56,12.8
26.67,13.77
27.76,13.96
28.41,15.15
29.6,16.28
29.21,18.02
30.84,18.86
31.54,19.85
26.6,21.47
33.02,23.27
32.98,24.09
34.1,21.18
31.25,20.83
28.73,19.33
24.36,18.78
28.06,19.77
29.45,19.48
31.14,20.59
30.09,19.29
31.33,19.28
31.57,19.42
32.96,19.97
33.65,20.68
34.0,21.52
31.85,20.23
34.07,20.66
33.51,20.48
33.36,21.27
33.01,21.56
26.98,20.12
26.11,18.86
26.99,13.52
26.47,13.45
26.4,14.45
26.7,17.81
26.53,13.02
28.94,13.54
29.19,16.73
27.66,12.53
25.74,12.15
26.39,12.56
27.94,15.62
29.53,18.17
30.37,18.5
30.75,19.72
25.52,15.26
28.66,15.97
30.97,17.68
31.9,18.57
29.85,19.07
23.48,18.68
24.76,13.97
15.73,9.33
19.86,7.21
23.39,8.15
21.71,7.75
24.37,8.55
28.98,14.33
29.51,15.54
29.86,15.57
28.13,13.33
26.95,13.56
25.37,15.7
24.11,16.35
23.46,15.08
25.83,15.8
24.77,16.85
24.8,16.05
26.39,14.51
28.49,14.6
28.9,18.0
27.6,17.82
21.42,11.89
24.52,12.66
28.22,18.69
24.37,9.75
17.36,4.86
20.28,4.83
21.83,5.19
21.89,6.16
22.96,7.5
21.6,9.38
13.19,7.04
16.57,7.03
24.51,12.67
17.08,8.54
14.6,2.06
15.54,2.12
12.64,8.42
16.64,10.36
13.9,9.28
17.29,3.0
12.67,2.4
9.87,-2.32
9.7,-2.42
10.87,-2.43
12.15,-2.24
14.74,-1.34
17.46,-0.6
21.19,2.37
17.88,3.99
21.13,6.77
16.92,3.15
10.76,1.61
4.72,0.43
6.04,-2.49
5.61,-2.13
17.26,-0.04
19.55,4.17
8.75,-3.75
5.88,-4.2
12.81,-1.13
8.19,-1.04
4.77,-6.25
5.99,-6.32
13.36,-0.28
8.96,-4.11
1.68,-4.52
10.27,-0.2
8.3,-5.26
7.77,-5.82
13.51,0.27
12.19,3.84
19.02,2.58
18.3,2.13
13.14,1.45
17.52,2.93
6.87,-4.78
-0.89,-4.99
6.01,-4.89
15.35,-0.95
19.22,10.11
17.23,-2.37
9.38,-2.74
12.51,-1.51
14.69,-0.49
18.56,11.94
16.68,-0.17
9.29,-0.02
12.49,-1.49
1.91,-5.19
6.68,-5.13
7.97,-4.5
3.31,-5.04
11.86,-3.54
17.76,9.72
20.99,8.3
15.98,7.29
21.03,6.17
13.79,4.69
10.14,5.97
9.94,6.08
17.91,8.68
14.56,3.59
2.94,-4.83
1.42,-6.34
6.49,-6.08
6.8,-8.27
-6.5,-12.98
-6.6,-13.29
6.51,-10.63
6.64,-8.32
1.08,-9.95
1.96,-9.86
10.69,-0.39
8.62,-1.32
2.59,-2.08
1.01,-5.85
1.29,-5.97
-1.6,-4.7
6.81,-5.03
10.07,-6.94
-3.27,-8.53
-2.64,-12.8
0.58,-12.3
3.34,-6.77
6.16,-6.75
-1.13,-14.0
-4.07,-14.29
2.57,-9.09
-0.4,-15.68
-2.53,-15.55
5.7,-6.5
5.5,-5.83
16.49,0.29
8.48,-1.08
-0.27,-6.75
-3.72,-11.23
-4.13,-12.12
4.16,-9.31
2.63,-8.52
9.57,-7.54
11.71,-1.08
7.48,-1.99
13.57,-1.76
-1.15,-7.76
-0.91,-8.96
1.33,-9.1
13.64,-6.83
17.57,8.8
13.76,-5.05
2.02,-5.77
1.38,-5.73
15.53,-3.93
18.43,4.51
16.7,-1.94
-0.87,-2.69
3.08,-1.67
0.35,-3.66
3.74,-5.17
10.04,-5.03
11.87,-3.32
19.49,2.64
21.25,2.3
9.44,-0.77
14.33,-0.83
23.81,7.5
21.35,11.32
15.81,0.63
5.05,0.41
10.46,-0.67
11.91,-0.49
9.02,-8.42
-1.91,-8.79
11.68,-3.33
18.45,3.18
20.23,3.39
21.9,3.43
22.66,5.35
18.0,8.08
9.08,2.21
17.89,1.9
21.8,4.13
19.88,9.53
20.07,6.49
11.84,4.5
7.79,3.08
6.43,-2.45
7.07,-5.25
7.24,-4.55
9.42,0.62
26.67,7.73
8.41,1.16
7.15,-2.7
13.29,-1.39
16.16,1.22
16.04,6.26
14.24,6.58
14.03,6.11
12.09,2.61
9.16,1.22
8.08,-1.56
18.71,-0.08
18.33,10.88
22.66,11.54
21.69,4.04
16.89,3.84
21.64,7.77
18.14,2.2
11.19,2.39
7.82,0.94
12.16,1.61
20.07,7.05
19.07,8.22
26.65,10.76
29.38,16.25
28.42,17.62
19.9,3.61
15.36,2.21
19.62,4.2
19.83,8.01
22.77,12.38
26.81,14.05
23.5,6.92
22.88,9.66
26.32,10.89
15.73,10.73
17.56,12.79
22.72,10.37
17.48,8.49
22.04,10.07
26.54,13.25
29.33,17.63
31.07,13.58
30.49,15.15
29.79,15.31
29.53,14.0
30.22,13.24
25.84,11.18
28.53,13.38
22.82,14.64
28.12,16.13
31.06,20.65
29.77,17.45
20.41,11.39
18.68,10.42
24.07,12.32
29.43,18.31
23.05,14.42
20.76,11.49
22.9,12.19
27.94,14.7
31.13,18.37
31.29,19.0
31.23,18.8
24.61,12.92
27.08,12.0
28.54,12.82
28.84,15.72
27.9,18.18
27.64,16.67
29.1,14.24
25.86,14.67
22.0,14.72
26.56,15.73
30.0,20.28
34.1,24.23
34.57,23.66
34.33,24.25
33.65,24.6
30.28,16.28
26.47,11.8
26.49,12.38
30.94,13.71
33.87,18.19
34.92,17.14
30.46,15.44
31.19,16.12
31.44,18.87
29.33,15.23
26.89,11.5
26.06,10.42
29.71,13.81
33.16,19.67
33.28,21.41
30.92,19.48
30.71,18.27
32.85,21.09
36.22,24.22
35.15,23.02
28.22,21.67
26.15,20.61
25.87,16.31
29.84,17.13
30.94,19.53
30.85,17.29
30.48,18.46
29.9,16.73
29.36,19.99
31.83,21.69
25.22,20.94
29.2,19.91
31.31,21.29
33.59,20.41
31.75,19.66
33.4,21.25
32.06,23.02
32.34,22.37
27.83,19.93
25.97,19.47
29.06,21.41
30.91,21.0
27.52,15.86
27.42,17.24
26.62,19.0
29.78,20.26
28.21,19.46
32.7,21.12
29.19,21.29
28.24,21.44
31.36,20.93
32.06,21.19
32.37,22.13
30.91,21.41
28.25,17.15
29.43,15.96
25.96,13.71
27.52,15.73
26.97,18.86
27.08,16.05
28.13,15.75
28.04,15.63
29.38,15.78
30.35,16.94
29.78,18.75
27.34,17.71
27.27,16.13
28.58,14.77
29.6,14.92
30.25,16.18
30.53,18.4
30.65,19.16
33.32,21.13
32.16,20.41
29.61,14.43
28.12,13.76
29.82,15.36
30.5,17.95
25.79,18.77
26.73,19.57
28.0,19.58
26.6,16.02
27.15,13.69
26.41,13.55
29.31,15.68
29.06,18.36
25.97,13.65
22.76,12.13
22.06,12.61
26.96,13.28
28.36,13.24
28.66,14.12
28.99,14.5
29.44,15.84
29.07,16.63
31.84,17.23
34.82,16.79
22.39,6.54
19.94,8.08
25.87,12.0
24.34,10.16
21.34,5.37
20.16,3.65
16.82,4.44
20.09,5.6
21.77,6.54
23.88,6.88
22.52,6.95
21.91,3.58
22.76,3.53
24.86,5.23
25.03,8.41
17.46,0.87
15.34,0.06
18.44,1.26
23.38,5.62
24.18,8.24
24.31,6.69
18.56,1.96
20.34,2.94
18.23,3.37
21.9,4.78
10.25,0.96
7.32,-0.01
12.65,-1.84
15.37,-0.92
22.76,5.42
25.62,10.71
25.63,9.98
25.38,10.67
22.69,7.66
12.69,0.8
15.1,1.51
19.48,3.63
21.3,4.55
16.12,10.36
17.63,11.95
19.92,7.91
18.12,6.79
22.95,6.86
24.65,11.73
21.46,8.17
21.75,6.05
19.87,6.98
18.41,5.67
23.83,5.94
22.35,8.25
17.9,-0.65
0.28,-2.15
3.42,-1.91
6.89,-2.02
5.5,1.15
3.91,-2.06
0.56,-3.41
1.53,-7.87
2.4,-7.87
2.03,-7.81
9.55,-5.24
13.9,-3.53
15.21,-2.61
17.09,-1.4
13.24,-2.96
12.92,-3.11
12.97,4.65
8.63,4.74
16.27,-0.16
3.83,-6.06
4.36,-6.72
13.74,1.94
11.93,-6.0
5.63,-6.22
7.83,-3.25
11.54,6.01
10.48,4.96
7.94,4.91
9.17,5.29
8.35,4.88
7.99,1.72
7.72,-0.47
8.61,-0.31
12.06,4.91
7.25,1.0
4.9,-0.72
1.44,-3.82
1.75,-7.28
1.27,-7.11
7.63,-5.28
6.75,-4.92
6.72,-21.91
-15.42,-22.15
-8.03,-16.47
-6.08,-13.58
-2.64,-8.79
-0.27,-4.71
10.28,-3.7
14.37,9.27
16.12,8.64
