20170101
8.52,-0.51
13.31,6.24
13.58,-3.72
-1.17,-6.49
-5.02,-13.0
-8.79,-15.4
-7.79,-16.07
-5.09,-14.84
5.25,-6.22
13.07,-0.89
18.3,0.54
19.1,-0.51
2.45,-0.43
3.66,0.94
4.49,1.0
15.1,4.33
15.56,3.47
5.65,1.8
11.58,3.2
15.47,8.0
18.62,6.44
15.9,7.23
9.42,3.4
8.11,2.2
15.49,1.8
3.0,-0.86
2.34,-3.82
3.1,-3.78
0.8,-6.39
7.56,-7.29
8.56,3.21
7.34,-1.91
2.8,-4.82
-0.1,-10.27
5.14,-10.55
11.6,-1.14
16.46,-0.22
16.08,3.35
6.91,-4.35
-1.37,-8.03
13.37,-4.16
18.47,9.25
16.78,-2.48
9.79,-2.31
11.9,1.88
8.0,-1.42
10.65,-0.19
19.92,4.8
17.0,6.85
15.8,2.57
20.85,3.54
19.11,10.17
21.18,12.3
20.85,13.65
25.19,2.5
2.98,-5.58
9.15,-4.95
11.75,5.49
18.84,8.82
16.18,0.55
8.37,-1.7
4.77,-2.36
12.5,-1.13
19.75,0.33
17.87,9.63
14.52,5.68
16.67,3.33
21.65,1.56
7.34,-2.93
3.4,-5.42
4.64,-4.86
3.82,-3.86
1.15,-6.75
2.38,-7.43
6.97,-5.82
9.83,1.86
7.27,-0.38
11.17,1.0
19.7,5.53
17.78,0.09
7.54,-1.29
15.63,-0.68
24.42,13.29
25.25,13.46
19.32,7.25
20.69,8.02
16.91,9.42
17.63,9.1
25.0,11.0
13.25,4.81
10.64,2.74
19.48,4.68
21.87,12.35
20.71,8.9
24.41,5.2
9.83,1.7
14.3,-0.15
19.5,3.4
25.87,10.06
26.65,15.37
19.3,5.82
21.74,6.77
27.11,8.62
28.76,12.48
28.46,17.22
27.02,13.11
22.07,10.5
25.73,12.67
28.09,17.03
27.82,10.54
16.14,7.63
13.3,5.7
19.54,6.63
24.33,9.32
24.54,12.06
28.86,15.43
18.19,7.51
22.05,9.86
27.55,15.57
26.06,12.73
17.67,8.06
20.15,5.26
13.84,7.41
14.7,7.77
11.61,4.88
17.68,3.72
18.56,1.95
19.22,5.33
23.18,11.91
29.73,14.98
21.77,12.06
19.33,7.59
24.47,11.24
28.23,13.31
28.84,14.49
29.91,17.21
28.92,20.78
29.26,18.74
28.75,16.51
28.19,16.49
25.63,9.05
22.27,9.93
24.24,13.78
18.21,13.05
18.96,10.49
26.83,15.17
29.06,16.83
24.58,15.47
28.67,13.82
27.78,13.12
27.85,11.33
27.47,11.08
29.5,12.73
31.45,14.71
31.29,18.78
30.76,15.59
25.75,12.48
21.28,10.2
24.7,11.36
28.81,14.5
30.17,15.99
31.64,19.0
33.31,21.09
31.85,19.4
32.08,19.42
28.77,18.78
31.36,18.98
31.49,21.24
28.79,16.81
28.14,15.36
30.05,17.2
32.69,20.22
27.85,21.1
25.75,16.68
26.3,12.29
26.52,11.74
24.98,11.16
24.65,11.5
27.93,16.21
31.43,20.86
29.71,19.93
29.57,17.44
30.62,17.18
31.23,19.6
30.22,19.67
29.38,20.72
26.31,18.63
31.44,17.17
28.79,14.98
29.84,17.84
30.53,22.64
27.79,20.16
32.68,22.33
31.5,21.88
30.12,15.83
28.83,16.26
30.55,17.81
31.51,19.87
32.08,18.42
31.78,20.04
33.1,22.77
34.3,23.98
34.43,21.11
30.2,19.77
30.45,17.35
28.48,16.93
31.16,18.7
29.83,22.79
28.84,16.2
26.61,13.67
28.72,15.64
30.42,17.95
29.69,18.13
29.89,17.57
30.66,19.16
24.8,11.3
25.77,13.63
22.68,17.11
25.49,14.39
27.43,12.09
27.93,14.06
29.6,15.72
27.94,17.24
27.91,13.86
28.43,16.37
28.44,17.79
31.26,18.91
32.33,21.06
31.74,20.44
29.86,18.77
32.0,18.64
32.77,19.23
32.62,21.13
29.43,15.14
27.03,11.59
26.68,12.05
26.15,11.7
26.49,12.39
28.59,14.26
27.26,16.84
27.06,15.1
28.34,15.93
28.36,15.37
16.17,12.22
23.07,11.51
28.19,12.88
30.99,16.34
23.43,8.41
20.52,7.1
21.83,7.3
25.49,9.25
24.3,8.16
23.83,8.02
22.79,9.1
21.52,14.39
18.77,15.84
23.67,13.17
28.65,13.53
30.25,15.13
30.71,16.31
28.5,19.22
27.06,17.65
31.37,18.33
32.96,19.0
32.91,17.44
32.43,16.49
32.79,15.44
32.25,15.61
32.44,17.09
30.01,12.79
23.57,8.0
25.66,7.32
23.35,5.76
24.02,6.57
26.72,10.95
28.65,14.36
27.11,17.05
24.49,16.38
27.58,17.06
28.34,13.73
20.18,14.75
22.97,15.69
22.47,16.3
18.97,13.57
18.01,11.97
23.73,10.97
28.78,13.64
23.98,7.11
17.48,3.12
20.36,3.38
21.48,4.32
24.28,6.78
25.31,7.33
24.4,9.98
25.68,14.31
17.78,7.92
12.24,4.89
11.34,0.17
17.63,0.19
14.47,1.8
4.51,1.04
4.16,-1.48
9.16,-0.57
8.13,-0.4
15.95,2.36
20.56,13.28
17.04,7.5
19.97,9.6
24.09,9.75
12.61,6.92
9.41,4.73
11.69,-0.45
13.62,-1.7
3.85,-3.75
7.39,-3.55
9.75,2.28
8.31,1.32
11.63,0.86
10.09,0.81
5.33,-1.43
16.12,0.69
18.33,2.45
4.17,-3.74
10.02,-3.55
13.73,-2.51
5.8,-4.25
9.14,-2.64
14.43,-1.39
15.68,-1.64
12.69,-2.23
17.49,0.49
17.82,4.82
14.96,2.98
12.6,-1.92
12.5,-2.1
14.06,-1.28
15.77,-1.16
18.92,4.7
9.94,-2.2
7.81,-2.3
0.45,-8.01
0.34,-8.67
0.5,-6.59
4.06,-6.17
10.09,-4.05
0.56,-7.65
8.31,-6.04
1.22,-5.56
1.72,-4.1
10.51,-1.01
7.63,3.27
8.14,5.22
10.72,2.7
10.55,-1.04
13.28,-1.22
12.61,3.04
3.79,-1.02
1.92,-5.89
-1.36,-7.44
-3.94,-15.74
-8.25,-16.12
-4.63,-12.35
-2.75,-7.31
-4.85,-14.74
-8.05,-18.46
-10.74,-20.73
-7.2,-20.74
-2.77,-16.39
-6.71,-17.19
-7.66,-18.6
-6.07,-19.18
4.13,-10.06
3.81,-0.01
6.66,0.18
15.24,4.7
16.09,-2.11
-1.15,-10.37
-4.58,-16.25
-4.8,-16.38
-2.05,-16.04
-11.63,-17.56
-6.1,-14.54
0.5,-12.1
5.96,-6.63
10.64,0.93
13.78,7.69
14.2,2.57
4.19,-1.08
1.4,-5.37
9.63,-4.65
14.2,1.29
11.34,-2.0
12.05,-3.23
2.1,-5.63
1.95,-6.07
12.23,-0.62
7.09,-10.6
-3.92,-11.56
4.78,-6.44
4.27,-9.71
-1.49,-9.92
0.97,-3.66
0.08,-8.3
0.91,-7.99
11.45,-1.17
6.23,-0.16
2.09,-6.1
4.96,-6.37
7.6,-4.12
15.57,5.81
20.6,9.23
8.66,-1.27
2.93,-1.66
13.34,-1.7
23.42,13.0
25.66,11.38
11.87,3.97
11.98,4.34
16.71,7.83
15.54,6.91
9.59,-0.35
13.53,-0.46
16.83,0.78
13.72,10.23
14.41,0.38
9.99,-2.05
11.07,-1.9
11.78,-0.56
10.11,0.6
14.3,-0.45
4.07,-2.06
1.52,-4.37
7.61,-3.73
10.63,-0.37
7.54,-1.49
5.62,-3.46
6.22,-5.34
5.84,-4.79
15.78,-1.7
9.97,-1.76
10.41,-0.83
15.11,0.49
16.74,0.17
2.63,-1.62
5.24,-4.13
8.55,-3.52
11.13,-1.11
2.84,-1.42
9.01,-1.05
15.52,3.74
14.58,10.22
14.92,10.56
15.1,5.42
10.8,0.64
16.31,1.6
9.97,-0.28
10.82,0.13
23.61,1.14
3.63,-3.35
11.44,-1.89
15.55,-2.03
6.45,-4.18
6.67,-1.66
7.18,-1.14
7.39,-1.66
18.71,0.08
26.85,13.68
26.86,16.29
20.77,10.63
11.83,0.75
2.59,-0.46
11.76,0.56
23.61,1.67
12.72,-0.41
16.86,1.81
19.07,5.82
20.4,9.15
15.19,9.84
13.66,10.56
19.64,5.25
20.66,4.54
21.89,6.78
15.15,0.41
17.51,1.27
23.62,5.58
27.78,13.8
29.15,18.72
25.8,18.3
26.59,14.48
19.54,12.23
27.84,10.21
23.69,8.6
26.16,10.19
28.96,15.79
29.47,15.29
30.65,18.61
30.03,17.48
31.52,18.55
32.69,20.17
32.07,18.96
26.67,16.74
28.77,17.69
24.17,18.39
26.3,17.32
31.44,18.22
30.27,18.66
29.96,15.72
28.3,14.64
28.84,14.08
31.09,18.45
30.63,18.62
32.46,18.92
32.97,20.29
31.08,21.63
27.42,20.6
29.03,19.49
29.49,18.41
31.13,19.88
27.59,13.1
25.17,12.44
28.82,14.29
27.02,15.68
31.38,18.52
32.36,18.42
33.06,18.0
26.35,18.24
26.08,18.84
28.49,19.84
29.36,15.23
29.3,15.71
31.66,18.85
34.1,21.09
34.48,22.3
33.68,22.87
33.13,21.49
31.22,21.63
27.3,19.08
25.03,18.5
25.33,18.18
28.26,20.39
24.38,20.23
26.69,19.6
29.1,18.96
31.07,20.46
32.26,20.53
33.17,22.92
33.25,22.71
32.56,21.92
31.64,22.24
34.95,23.0
34.72,21.73
28.75,13.79
27.98,15.24
31.84,18.23
33.19,20.38
33.45,21.1
30.44,16.64
29.9,16.18
32.23,17.63
33.57,21.08
29.27,21.4
30.24,20.19
31.06,15.81
30.23,15.9
30.74,18.19
30.01,18.36
25.64,18.79
27.06,16.97
26.39,16.89
29.23,17.65
30.74,17.51
30.31,16.67
27.43,14.82
27.66,15.38
28.11,18.33
24.97,18.91
25.21,17.74
27.24,16.54
29.63,17.09
30.89,19.54
32.3,19.72
33.18,20.33
32.73,20.64
30.24,20.83
30.18,18.84
29.87,18.86
30.78,20.0
30.79,17.52
30.72,17.2
30.28,16.61
31.41,19.11
26.06,19.55
27.66,20.54
28.58,20.19
29.41,18.83
30.55,19.71
28.9,20.24
27.6,17.55
25.67,12.02
26.83,12.59
24.54,14.46
29.37,20.65
32.57,22.14
32.89,21.94
33.26,21.74
31.68,19.57
29.34,18.02
31.23,19.02
30.33,19.81
32.66,20.95
33.67,21.11
33.91,20.74
33.09,21.24
30.97,20.69
28.69,19.12
19.92,15.3
16.57,13.89
19.82,12.92
22.58,13.6
24.25,15.09
30.51,16.67
31.38,17.69
31.91,19.39
29.51,20.27
30.41,18.9
33.26,18.9
33.5,19.64
33.87,21.02
31.57,15.8
17.24,14.2
23.9,14.24
22.05,17.37
25.58,19.52
22.1,11.82
16.56,7.86
22.95,9.15
23.17,9.85
27.33,11.65
29.75,14.46
30.38,19.24
30.95,19.59
27.68,17.72
31.62,18.88
31.75,18.06
31.83,18.23
31.48,19.68
30.97,19.45
25.2,11.86
16.25,2.28
12.83,2.72
12.32,3.73
13.3,7.32
12.82,1.51
11.97,1.55
16.7,0.08
14.67,-0.18
14.69,0.75
17.53,-2.02
12.36,-1.82
19.19,1.2
18.1,0.68
14.76,1.25
14.05,3.51
9.9,6.1
12.72,3.85
18.85,2.95
16.93,2.52
20.98,5.65
18.81,8.24
11.92,5.01
9.81,0.77
14.27,0.79
16.51,7.2
16.33,8.62
15.89,3.6
12.99,-1.02
6.47,-0.13
6.83,-6.43
3.41,-7.07
7.29,-5.93
7.05,-0.27
2.29,-6.16
0.99,-6.17
1.49,-1.47
4.79,-1.59
8.35,0.39
11.48,0.52
6.44,1.76
3.93,-2.9
9.42,-3.59
11.65,-2.93
12.08,-0.79
13.88,0.68
16.11,0.14
2.36,-5.72
-3.49,-7.15
1.3,-7.64
7.83,-0.3
12.28,6.14
15.11,8.34
16.61,4.09
5.11,0.45
1.94,-1.9
0.68,-3.15
5.27,-5.27
4.07,-6.29
-1.75,-5.69
5.32,-7.2
2.57,-8.76
7.69,-7.09
11.45,1.6
10.76,5.25
10.32,6.39
8.9,3.45
10.59,-0.57
10.42,-2.87
8.16,-3.15
13.1,-1.23
8.64,5.1
6.77,-0.14
5.39,-1.31
3.61,-2.68
8.0,-2.95
8.68,-3.59
9.72,-3.4
14.15,4.97
13.96,-0.07
2.42,-2.43
7.62,-2.57
17.41,4.77
6.0,3.32
5.11,0.51
5.17,-0.61
9.93,0.23
12.46,0.11
12.91,0.33
14.85,8.05
16.41,-1.11
0.1,-6.41
-0.51,-6.97
1.19,-6.94
1.99,-1.29
1.09,-3.01
0.95,-6.32
1.46,-3.63
2.9,0.78
5.63,1.28
3.22,0.55
4.72,-9.88
-6.26,-16.27
-5.96,-16.33
8.06,-7.91
10.6,-4.4
0.05,-11.6
-2.54,-11.77
2.64,-3.47
0.28,-5.34
9.16,-9.74
-5.42,-16.5
-14.89,-19.95
-6.44,-18.08
1.98,-6.89
11.27,-2.9
18.4,3.03
14.03,4.39
13.47,4.19
15.22,9.86
17.6,-6.8
-2.08,-9.84
0.1,-9.63
3.19,-3.37
10.64,1.94
12.01,-3.65
4.22,-3.49
13.75,1.08
2.59,-3.71
3.41,-4.3
1.26,-1.88
0.64,-5.03
2.66,-5.13
8.87,-1.15
7.74,-1.45
6.51,1.18
14.93,4.47
7.78,-4.78
5.55,-5.2
11.53,-3.1
15.7,-1.36
1.88,-0.75
3.82,-0.5
5.25,-0.34
0.83,-11.1
-5.62,-13.22
-2.95,-12.26
-0.23,-10.21
2.14,-3.68
3.87,-0.46
15.93,1.74
10.6,0.41
11.3,-1.98
10.89,-1.95
21.0,6.7
22.38,6.51
7.33,-0.82
9.65,-2.47
12.08,-2.96
9.54,-3.06
10.99,-2.21
13.77,2.57
7.97,1.62
11.96,-2.55
14.22,-1.82
14.53,5.66
9.9,-1.72
9.77,-2.25
15.92,-1.1
22.0,5.28
17.62,11.35
16.27,-1.18
4.59,-4.23
8.85,-2.83
15.21,-0.13
17.53,2.98
22.07,9.41
15.73,9.93
20.56,10.49
20.47,12.36
22.89,10.25
21.73,6.12
22.33,8.37
27.13,10.77
19.48,5.41
19.75,6.31
22.58,2.16
12.31,2.43
24.83,7.5
24.68,14.02
23.23,6.52
8.08,2.58
6.89,1.99
21.03,3.95
25.19,9.89
25.67,10.44
22.07,10.51
21.22,9.09
18.25,5.41
16.73,6.39
13.2,5.74
25.37,7.62
27.34,13.59
26.92,14.45
23.67,15.95
22.47,14.87
17.29,10.71
22.07,8.14
24.84,10.15
26.24,12.21
28.38,14.79
23.67,11.94
15.13,7.43
19.03,7.93
12.3,8.21
14.57,5.84
20.68,7.46
21.44,9.42
25.87,12.32
30.01,16.36
30.48,19.43
24.54,13.58
22.61,9.58
21.34,10.37
26.02,18.55
29.4,18.92
31.22,19.45
30.46,20.4
29.85,17.41
29.25,19.27
30.33,21.86
26.63,17.7
24.66,17.17
25.94,14.69
27.43,16.77
27.0,9.45
24.49,11.68
27.18,15.62
30.09,18.0
28.31,19.28
25.18,18.99
24.87,19.43
26.35,19.78
24.35,10.23
24.24,11.15
24.57,13.55
20.85,7.9
24.2,11.94
26.21,17.6
27.06,18.69
27.58,19.52
26.61,19.43
28.81,19.61
23.84,15.07
26.06,16.54
25.0,17.33
29.23,18.59
25.32,17.16
28.83,17.91
31.51,19.23
31.09,18.88
32.12,20.05
32.49,21.53
32.91,18.87
31.66,20.22
33.0,20.37
30.36,19.93
31.49,20.8
32.65,21.86
30.73,21.58
31.77,20.53
30.34,18.91
32.17,20.07
33.0,21.98
31.66,18.48
29.92,15.23
32.0,17.86
32.33,20.97
30.91,22.27
30.72,22.29
31.06,21.88
33.08,23.52
33.25,22.94
33.66,23.17
32.94,21.72
26.34,15.16
26.82,14.16
26.89,13.84
28.14,15.23
29.56,16.59
31.02,18.16
31.52,19.56
31.11,20.1
29.86,18.52
29.04,17.01
30.39,18.01
30.26,16.97
30.68,16.26
31.2,16.6
32.01,17.59
30.94,18.93
29.93,17.58
31.21,18.76
31.09,15.9
29.46,15.15
30.59,17.93
29.24,20.86
30.4,19.87
31.82,16.94
29.18,16.18
30.75,17.92
30.97,20.15
33.67,19.86
34.24,20.72
32.98,18.7
31.46,19.91
27.44,19.33
23.94,13.02
25.82,13.81
27.99,15.39
21.98,20.44
26.71,15.29
26.56,12.39
28.43,14.35
30.35,19.31
26.7,17.99
30.71,18.33
28.73,15.88
30.65,17.75
29.81,14.13
26.02,12.78
29.34,14.15
24.2,12.44
25.89,14.52
30.82,16.36
35.05,18.61
33.34,19.25
33.42,19.95
33.65,16.33
27.99,13.4
31.47,15.58
32.74,17.65
29.86,15.16
30.7,15.79
31.23,16.47
30.77,18.02
31.49,16.24
31.66,17.55
28.56,9.81
26.17,10.49
30.14,13.27
26.37,10.34
32.83,12.92
33.1,18.81
33.68,18.43
34.26,17.17
34.07,17.83
33.99,17.45
32.61,11.11
22.5,8.4
27.46,9.1
23.48,12.23
19.25,5.74
22.61,6.28
22.26,7.91
27.26,12.24
22.51,1.29
13.86,0.55
20.4,1.69
20.7,3.0
23.79,5.14
10.52,1.58
15.5,1.26
17.67,1.78
22.38,4.37
23.93,10.27
22.33,10.26
16.87,2.53
18.83,2.67
20.3,7.01
15.15,9.11
18.6,10.43
18.33,3.79
19.8,4.78
16.04,9.36
13.84,9.99
10.44,-2.39
8.53,-2.63
11.38,-1.97
12.28,-1.52
16.05,2.62
11.12,-1.35
12.79,-0.64
7.01,-6.35
2.51,-6.44
8.93,-2.47
17.92,3.68
13.21,-8.9
-4.97,-12.52
0.26,-11.29
6.63,-5.42
6.21,-5.4
8.21,-3.76
8.68,-3.47
6.0,-0.34
7.2,-0.68
8.35,3.58
13.11,4.62
7.48,-0.84
4.26,-0.09
10.02,0.45
15.08,2.24
15.28,5.6
14.12,1.48
3.89,1.41
6.61,2.64
14.31,3.23
10.04,0.77
2.48,-0.37
4.4,-0.45
10.51,-1.86
11.85,-2.31
9.81,-3.56
7.77,-4.01
13.96,-0.92
14.06,-1.72
-1.0,-7.53
3.93,-7.25
7.51,-4.71
8.21,1.8
6.45,-0.83
1.9,-1.34
1.59,-0.68
2.69,-5.37
-0.79,-8.89
4.4,-7.93
8.22,-4.62
11.55,-2.7
12.59,-2.44
15.9,-1.32
16.22,-1.12
18.86,-0.36
17.4,8.97
15.37,7.75
16.21,8.11
16.55,5.41
5.69,1.36
2.87,-0.05
9.32,-0.56
10.77,6.2
10.9,3.39
4.25,-1.98
9.3,-2.44
8.81,-2.17
9.22,-1.56
5.9,-2.08
14.38,-1.64
17.66,10.37
18.7,2.3
5.68,1.42
8.14,2.1
11.2,0.44
14.28,1.25
5.41,-4.92
4.14,-4.55
11.22,-7.58
-6.58,-9.98
-3.23,-8.73
0.26,-8.8
4.01,-8.02
9.04,0.34
7.98,1.13
1.94,-0.6
7.16,-2.3
4.11,-1.91
1.95,0.12
2.82,-0.35
4.57,-0.29
4.0,0.28
6.14,-0.09
17.51,1.4
20.59,5.34
14.4,0.29
2.98,-0.09
0.82,-2.81
1.37,-2.89
2.46,-4.49
11.0,-3.24
7.78,0.54
5.47,-1.18
2.68,-0.46
2.93,-11.74
-4.12,-12.41
7.72,-9.95
10.55,-0.98
12.39,0.43
10.7,-3.37
6.92,-3.63
1.98,-9.12
3.27,-9.0
9.74,-6.13
13.45,1.95
7.55,4.73
8.55,2.45
3.58,-3.55
2.68,-3.56
3.32,-6.37
4.19,-6.31
17.7,-2.44
12.99,8.59
14.81,0.95
16.71,-0.19
15.64,0.28
3.08,-4.55
10.36,-4.51
18.42,0.14
17.83,9.31
14.05,5.92
11.68,3.74
17.0,4.15
11.78,2.75
6.25,1.27
7.26,1.33
8.85,3.76
12.59,3.62
16.3,5.35
20.54,12.44
22.04,0.49
3.67,-1.27
6.66,-1.03
12.78,3.19
12.08,3.48
17.18,4.01
21.58,7.07
25.61,13.16
26.46,16.49
19.09,7.75
16.79,5.57
8.69,4.42
12.16,0.58
16.74,2.29
21.2,6.56
21.71,7.59
16.59,7.74
21.8,9.34
26.05,13.86
27.33,7.43
13.03,0.28
11.18,0.88
17.09,5.23
16.63,8.91
9.73,0.99
8.71,-2.8
11.39,-3.6
10.41,-0.57
11.69,0.95
12.75,1.3
14.43,3.12
18.95,5.28
15.04,0.59
21.97,3.92
13.47,10.24
19.46,8.1
18.68,7.14
15.57,2.33
19.34,5.67
23.93,13.2
18.39,7.23
10.3,5.88
20.54,6.93
27.77,13.32
23.24,6.96
22.04,8.38
9.28,4.82
15.76,3.51
19.73,7.55
12.94,-1.89
13.75,0.71
18.71,2.99
11.04,2.22
16.01,5.3
13.66,8.89
27.76,13.7
24.35,16.51
27.02,17.5
25.52,16.47
19.85,14.21
19.43,12.09
15.05,11.62
18.83,12.48
25.38,14.22
28.58,17.18
30.08,17.7
30.7,18.03
29.64,19.27
25.57,18.29
27.56,17.51
24.88,13.27
23.24,11.24
22.64,8.45
25.43,12.94
30.96,18.42
31.38,20.5
29.21,18.02
30.45,18.98
33.03,16.73
29.38,16.4
30.52,19.02
29.09,23.18
31.52,15.2
27.43,13.45
29.76,13.25
27.76,13.34
23.97,11.36
25.47,13.25
27.09,14.29
28.5,14.95
28.82,16.74
31.61,17.92
32.55,18.74
29.03,19.27
30.36,19.84
26.52,16.95
27.56,14.67
29.2,16.98
31.18,21.2
26.43,20.06
27.72,21.18
31.09,20.36
29.43,20.48
31.81,20.35
32.28,18.86
32.78,19.94
34.1,20.42
33.98,20.77
33.15,20.7
33.7,21.35
32.96,20.8
33.57,21.47
30.25,18.89
32.0,17.18
28.55,16.55
28.59,16.14
30.97,17.17
32.07,20.59
27.66,18.35
30.84,20.25
33.1,22.91
33.62,21.77
32.2,21.32
32.62,20.6
29.78,21.24
29.76,19.04
30.94,18.13
31.68,19.61
33.37,21.94
32.31,21.16
30.69,18.74
31.7,20.57
23.99,20.03
25.71,20.14
27.58,17.47
26.95,17.47
27.58,16.87
25.35,12.84
24.84,14.16
26.45,14.82
27.1,13.48
28.84,15.57
30.68,18.41
29.42,19.42
29.27,19.86
28.7,20.61
30.15,20.82
27.57,19.26
30.26,18.84
28.33,16.4
29.85,17.53
25.86,14.58
25.82,13.32
26.96,14.58
27.83,17.27
27.53,18.1
29.18,18.65
30.93,19.77
32.1,20.28
31.13,21.43
29.03,22.56
28.77,20.95
29.49,14.7
26.47,16.49
26.4,18.13
27.47,20.51
27.69,20.73
28.69,16.38
26.08,10.05
26.93,11.74
27.26,15.53
29.39,17.04
30.22,16.42
30.48,17.1
30.44,18.57
22.83,17.45
28.51,17.94
27.23,14.68
26.0,11.86
22.7,9.4
26.02,10.04
26.86,11.36
20.19,6.43
20.29,5.2
22.81,6.25
23.57,7.2
23.49,8.78
22.21,10.28
24.22,11.36
25.94,12.3
24.5,13.7
26.13,13.99
19.25,6.76
17.68,6.95
24.91,5.3
20.47,2.33
17.21,3.54
18.59,6.47
16.68,0.02
17.52,1.23
22.77,4.82
29.01,7.17
26.23,7.71
27.74,9.54
23.28,16.17
26.11,15.97
25.01,4.59
21.13,4.52
25.83,6.37
17.22,-0.31
14.84,-1.19
17.31,0.14
16.26,9.04
13.33,7.85
17.01,8.8
21.9,11.92
27.46,13.02
25.6,6.66
12.77,5.75
10.71,6.05
9.6,6.86
11.04,6.97
12.32,8.44
11.7,3.81
10.26,-0.89
15.09,0.44
11.31,-3.12
9.99,-2.52
18.2,0.89
21.93,5.57
19.64,4.28
21.37,3.85
23.4,4.31
26.65,9.89
26.24,11.49
25.4,11.84
13.52,0.15
13.27,0.07
13.9,-1.29
17.48,0.77
13.99,1.76
13.57,1.39
7.1,-2.15
10.15,-2.02
18.65,6.2
17.64,9.14
11.09,6.85
10.55,1.19
9.6,1.8
11.48,4.39
15.44,7.89
10.73,7.35
13.15,-0.21
9.7,-2.32
11.65,-2.25
2.97,-2.13
1.36,-5.91
6.84,-5.77
6.86,-3.4
7.06,-2.11
7.53,-3.68
4.28,-3.33
1.41,-1.33
2.77,-0.83
13.78,-0.88
16.63,-0.72
18.12,5.33
16.52,3.97
6.16,2.32
2.48,-6.1
2.45,-5.73
1.8,-1.23
0.43,-5.25
3.58,-5.44
5.95,0.3
7.09,0.74
9.73,0.55
7.93,-0.67
13.71,-1.03
-1.23,-10.44
-7.82,-11.42
3.9,-9.68
12.25,-1.11
3.62,-2.52
6.08,-3.03
11.84,-1.73
0.79,-2.08
11.58,0.5
4.2,1.5
2.88,-2.77
8.22,-2.41
2.23,-0.11
3.14,-1.14
4.0,-0.55
0.78,-1.96
0.05,-6.53
0.33,-6.49
-1.06,-4.4
3.24,-4.14
8.44,-2.15
9.76,-0.06
6.39,-1.23
1.73,-1.15
1.46,-1.56
3.08,-1.61
7.64,-2.34
3.77,-2.99
10.67,-1.59
3.63,-9.11
2.28,-9.13
1.78,-0.95
4.49,-0.1
7.93,-0.27
1.13,-8.49
-0.53,-10.71
1.69,-10.52
4.21,-3.39
6.63,-1.97
-0.32,-5.53
1.27,-5.86
3.53,-4.61
4.53,-3.24
4.1,-4.73
3.32,-9.77
-3.75,-11.09
2.43,-8.23
0.13,-5.13
-2.96,-6.96
-2.41,-7.05
-1.27,-6.32
-2.03,-8.77
-2.84,-9.36
-6.24,-11.51
-6.72,-16.05
-3.53,-14.7
-1.16,-11.38
-1.36,-13.95
0.97,-11.37
8.45,-7.58
5.05,1.36
13.64,1.15
17.52,-1.67
9.19,-1.54
7.79,0.3
12.97,6.49
17.31,2.23
8.54,-4.37
7.75,-4.34
17.41,-2.1
12.28,-3.65
8.69,-4.11
9.66,-3.22
11.64,-2.82
18.51,-0.99
19.82,1.24
21.35,8.76
18.91,7.6
16.16,5.32
13.13,0.42
10.38,1.47
6.02,1.37
16.59,3.25
17.49,5.47
17.61,-0.01
11.54,-1.67
16.38,-1.64
19.6,1.51
20.04,4.73
19.69,9.52
22.65,7.3
18.22,8.43
14.95,4.36
23.49,6.03
12.08,-1.4
15.62,0.02
23.4,5.9
11.95,-1.54
5.42,-5.22
9.38,-3.64
18.01,0.53
23.71,5.84
24.82,7.79
25.71,9.97
27.13,12.9
21.52,11.02
27.05,11.83
18.7,9.17
12.02,7.49
20.43,8.02
19.15,9.43
16.33,3.19
14.22,0.75
17.21,2.63
13.95,2.12
17.73,3.47
20.02,2.9
19.03,-0.78
8.6,-0.87
12.97,0.25
16.29,4.08
11.91,6.84
18.08,3.94
24.33,6.99
27.69,16.82
26.42,17.11
21.03,10.04
22.65,2.7
22.96,5.46
24.62,13.32
23.29,15.69
22.54,8.96
17.62,3.41
18.49,4.21
18.38,2.92
16.14,5.4
18.45,2.87
17.26,4.61
17.05,4.94
17.82,3.6
19.94,4.35
21.75,5.08
22.94,9.8
21.6,12.97
23.33,14.93
26.3,15.98
27.44,16.33
29.1,15.39
28.97,13.56
29.88,14.98
30.52,16.05
31.12,16.37
31.14,18.24
25.92,17.44
27.8,17.93
23.04,7.85
14.42,4.73
20.13,7.21
23.65,10.73
23.8,14.74
18.84,16.28
22.83,14.01
29.48,14.84
29.63,16.69
27.8,19.6
27.76,20.2
25.4,20.71
25.67,20.71
27.73,20.39
30.57,19.29
33.22,20.22
31.86,15.57
31.73,14.05
27.55,13.95
27.59,13.75
29.93,16.42
32.53,19.31
28.63,18.83
31.13,22.0
28.17,13.24
22.5,10.63
25.54,13.19
28.59,18.59
28.01,22.08
30.45,21.69
31.96,21.24
32.92,21.4
34.49,21.53
29.46,21.26
25.29,15.23
25.21,13.37
26.34,15.15
30.16,18.7
31.66,20.01
32.13,19.47
30.85,21.1
28.94,17.98
25.4,16.92
27.46,18.52
26.47,20.57
28.25,21.13
27.76,19.19
29.4,19.98
31.28,21.28
29.23,20.82
27.68,19.49
27.68,17.31
28.52,17.54
29.21,17.82
28.15,17.49
28.05,16.76
29.29,17.38
30.61,19.36
31.23,21.85
32.19,17.87
31.44,18.22
31.22,19.92
31.5,20.67
28.15,16.92
23.06,14.62
27.55,12.71
26.68,13.77
27.8,13.88
28.42,15.13
29.65,16.22
29.24,17.9
30.79,18.73
31.55,19.9
26.5,21.48
32.98,23.17
32.97,24.0
34.06,21.18
31.33,20.8
28.68,19.28
24.37,18.72
28.0,19.73
29.43,19.39
31.13,20.52
29.99,19.19
31.28,19.19
31.57,19.33
32.84,19.86
33.59,20.59
33.92,21.47
31.93,20.12
34.02,20.59
33.47,20.39
33.35,21.23
32.98,21.48
26.95,20.12
25.9,18.87
27.02,13.53
26.45,13.44
26.44,14.48
26.87,17.87
26.45,12.91
28.9,13.52
29.14,16.65
27.66,12.43
25.77,12.02
26.45,12.5
27.86,15.49
29.45,18.05
30.37,18.44
30.78,19.66
25.62,15.46
28.71,16.25
31.04,17.67
31.96,18.5
29.86,19.06
23.38,18.64
24.65,13.97
15.79,9.28
19.87,7.12
23.43,8.15
21.78,7.61
24.37,8.52
28.93,14.2
29.49,15.39
29.9,15.48
28.05,13.23
26.83,13.44
25.61,15.58
23.91,16.31
23.45,15.03
25.87,15.71
24.75,16.76
24.89,15.99
26.4,14.54
28.44,14.61
28.91,17.95
27.63,17.88
21.72,11.97
24.59,12.71
28.22,18.65
24.26,9.78
17.35,4.81
20.31,4.8
21.85,5.21
21.9,6.17
22.94,7.52
21.83,9.27
13.24,6.95
16.64,7.01
24.6,12.65
17.27,8.49
14.64,2.04
15.48,2.1
12.62,8.37
16.6,10.33
13.91,9.26
17.37,3.01
12.79,2.4
9.92,-2.28
9.77,-2.31
10.93,-2.36
12.18,-2.14
14.7,-1.31
17.44,-0.57
21.18,2.22
18.07,3.67
21.2,6.91
17.24,3.19
10.78,1.65
4.7,0.53
6.12,-2.49
5.66,-2.01
17.22,0.13
19.72,4.44
8.76,-3.7
5.84,-4.1
12.83,-1.08
8.37,-0.99
4.9,-6.23
6.03,-6.28
13.32,-0.35
9.07,-3.94
1.73,-4.27
10.26,0.02
8.63,-5.27
7.58,-5.79
13.56,0.08
12.28,3.77
19.1,2.28
18.38,2.1
13.51,1.24
17.63,2.89
7.39,-5.03
-1.03,-4.87
6.06,-5.01
15.39,-1.01
19.22,10.15
17.27,-2.39
9.36,-2.77
12.48,-1.63
14.59,-0.63
18.68,11.85
16.74,-0.15
9.37,0.03
12.81,-1.44
1.89,-5.13
6.77,-5.13
7.7,-4.46
3.33,-5.07
11.9,-3.54
17.8,9.67
21.13,8.33
16.03,7.3
21.16,6.18
13.96,4.71
10.42,6.05
9.94,6.17
17.93,8.7
14.51,3.71
3.04,-4.93
1.46,-6.38
6.54,-6.07
6.97,-8.11
-6.51,-12.78
-6.63,-13.16
6.5,-10.74
6.71,-8.2
1.16,-9.96
1.89,-9.84
10.7,-0.53
8.66,-1.27
2.62,-1.99
1.09,-5.69
1.13,-5.88
-1.62,-4.6
6.72,-4.95
10.16,-6.72
-3.25,-8.45
-2.66,-12.93
0.57,-12.68
3.35,-6.96
6.29,-6.63
-1.11,-14.01
-4.04,-14.47
2.61,-9.3
-0.37,-15.93
-2.5,-15.87
5.74,-6.64
5.55,-5.65
16.44,0.05
8.51,-0.89
-0.14,-6.61
-3.79,-11.0
-4.09,-11.93
4.21,-9.54
2.9,-8.55
9.49,-7.48
11.76,-1.14
7.67,-1.96
13.87,-1.64
-1.09,-7.52
-0.78,-8.76
1.36,-8.81
13.71,-6.7
17.57,8.32
13.93,-4.66
1.99,-5.43
1.42,-5.84
15.55,-4.0
18.44,4.45
16.66,-1.76
-0.84,-2.53
3.16,-1.47
0.4,-3.49
3.72,-5.12
10.01,-4.99
11.86,-3.33
19.49,2.57
21.25,2.53
9.63,-0.72
14.45,-0.73
23.79,7.73
21.21,11.91
16.02,0.69
5.15,0.5
10.45,-0.76
11.96,-0.47
9.45,-8.23
-1.95,-8.59
11.66,-3.39
18.41,3.21
20.26,3.39
21.86,3.37
22.61,5.37
18.07,8.21
9.11,2.3
17.85,1.98
21.76,3.91
20.18,9.62
20.18,6.57
12.01,4.54
7.81,3.13
6.61,-2.41
7.2,-5.31
7.27,-4.49
9.57,0.61
26.74,7.97
8.45,1.18
7.09,-2.65
13.17,-1.12
16.21,1.5
15.99,6.24
14.11,6.53
13.99,6.06
12.2,2.51
9.19,1.24
7.97,-1.6
18.67,0.14
18.19,10.91
22.72,11.64
21.76,4.19
17.0,4.06
21.66,7.99
18.26,2.17
11.11,2.32
7.78,1.0
12.16,1.73
20.12,7.02
18.97,8.08
26.82,11.12
29.44,16.33
28.47,17.89
20.16,3.57
15.46,2.24
19.62,4.41
19.87,7.95
22.84,12.4
26.85,14.0
23.7,6.87
22.96,9.97
26.42,10.9
15.74,10.79
17.71,12.88
22.82,10.4
17.25,8.33
21.99,10.13
26.49,13.07
29.24,17.59
30.95,13.26
30.38,15.11
29.68,15.39
29.59,14.02
30.33,13.33
25.82,11.04
28.53,13.47
23.12,14.66
28.14,16.17
31.08,20.76
29.93,17.65
20.58,11.41
18.65,10.41
23.97,12.31
29.44,18.36
22.98,14.57
20.75,11.58
22.97,12.21
27.95,14.94
31.2,18.37
31.36,18.85
31.41,19.02
24.55,13.06
27.18,11.93
28.64,12.84
28.87,15.89
27.97,18.29
27.73,16.85
29.21,14.42
25.9,14.88
22.14,14.99
26.51,16.07
30.05,20.37
34.17,24.38
34.71,23.51
34.41,24.23
33.75,24.54
30.38,16.29
26.52,11.75
26.55,12.35
30.99,13.71
33.93,18.31
34.98,17.08
30.48,15.39
31.26,16.18
31.5,19.12
29.36,15.32
26.89,11.58
26.06,10.47
29.71,14.02
33.26,19.9
33.33,21.54
30.92,19.47
30.72,18.18
32.98,21.31
36.2,24.21
35.2,22.94
28.18,21.64
26.04,20.65
25.88,16.43
29.87,17.3
30.93,19.82
30.87,17.25
30.51,18.56
29.89,16.71
29.39,20.1
31.92,21.8
25.1,21.03
29.13,19.89
31.22,21.34
33.69,20.45
31.79,19.49
33.41,21.15
31.97,23.02
32.37,22.39
27.67,20.14
26.1,19.62
29.05,21.49
30.95,21.11
27.5,15.92
27.46,17.39
26.61,18.94
30.03,20.08
28.22,19.34
32.97,21.13
29.34,21.29
28.4,21.53
31.24,20.73
32.05,21.08
32.36,22.08
30.94,21.41
28.13,17.08
29.36,15.88
25.94,13.64
27.59,15.83
27.0,18.8
27.08,15.94
28.13,15.74
28.04,15.61
29.45,15.71
30.38,16.99
29.84,18.72
27.24,17.69
27.2,15.99
28.5,14.64
29.59,14.89
30.21,16.3
30.46,18.35
30.64,19.19
33.32,21.08
32.39,20.37
29.58,14.29
28.07,13.73
29.82,15.34
30.52,17.92
25.98,18.68
26.85,19.5
28.08,19.67
26.61,15.99
27.13,13.68
26.41,13.53
29.42,15.66
28.99,18.29
26.17,13.72
22.79,12.14
22.01,12.65
26.97,13.26
28.34,13.21
28.72,14.04
29.0,14.41
29.43,15.73
28.95,16.48
31.88,17.18
34.89,16.81
22.32,6.51
20.1,7.92
25.87,12.01
24.47,10.19
21.41,5.45
20.26,3.62
16.74,4.43
20.11,5.57
21.91,6.71
23.79,7.08
22.41,7.07
21.87,3.71
22.51,3.62
24.8,5.14
24.92,8.48
17.41,0.9
15.2,-0.01
18.37,1.18
23.24,5.33
24.29,7.92
24.76,6.98
18.8,1.91
20.36,2.87
18.42,3.31
22.12,4.87
10.62,1.08
7.31,0.25
12.69,-1.84
15.33,-0.86
22.72,5.43
25.6,10.64
25.57,9.75
25.6,10.38
23.33,7.7
12.5,0.83
15.16,1.66
19.82,3.78
21.29,4.78
16.24,10.51
17.79,12.11
19.79,7.86
17.93,6.7
23.05,6.71
24.65,11.69
21.79,8.28
22.08,6.15
20.02,6.9
18.14,5.43
23.78,5.61
22.36,8.06
17.54,-0.26
0.36,-1.96
3.35,-1.84
6.91,-1.93
5.58,1.35
3.88,-1.91
0.48,-3.54
1.81,-7.82
2.52,-7.86
2.07,-7.72
9.5,-5.47
13.96,-3.72
15.4,-2.74
17.28,-1.18
13.27,-3.04
12.98,-3.22
13.03,5.02
8.29,4.79
16.37,0.46
3.86,-6.06
4.44,-6.58
13.8,1.94
12.29,-5.9
5.62,-6.17
7.83,-3.3
11.73,6.07
10.67,5.23
7.99,5.0
9.35,5.35
8.45,4.9
8.06,1.72
7.71,-0.39
8.62,-0.27
12.19,5.07
7.43,1.05
5.0,-0.68
1.41,-3.77
1.75,-7.22
1.32,-7.08
7.65,-5.31
6.83,-5.02
6.87,-21.85
-15.45,-22.13
-8.1,-16.46
-6.11,-13.56
-2.53,-8.82
-0.16,-4.76
10.19,-3.64
14.39,9.19
16.45,8.89
