20170101
8.54,-0.62
13.18,6.03
13.41,-3.84
-1.48,-6.75
-5.2,-13.33
-8.92,-15.75
-7.83,-16.44
-5.19,-15.19
5.15,-6.25
13.06,-1.24
18.2,0.47
18.96,-0.74
2.28,-0.64
3.51,0.75
4.3,0.83
15.01,4.15
15.31,3.25
5.55,1.7
11.42,2.97
15.3,8.03
18.6,6.42
15.74,6.99
9.2,3.43
7.89,2.13
15.39,1.62
2.89,-1.02
2.2,-3.88
2.86,-4.01
0.66,-6.62
7.34,-7.58
8.36,2.96
7.12,-2.16
2.64,-5.02
-0.08,-10.57
5.03,-10.76
11.47,-1.33
16.36,-0.3
16.05,2.95
6.88,-4.59
-1.53,-8.31
13.36,-4.26
18.42,8.94
16.48,-2.65
9.74,-2.55
11.83,1.62
7.97,-1.67
10.44,-0.4
19.8,4.49
17.15,6.58
15.92,2.51
20.74,3.47
18.88,10.08
21.06,12.23
20.86,13.49
25.02,2.25
2.95,-5.85
9.05,-5.25
11.51,5.4
18.69,8.64
16.05,0.45
8.23,-1.85
4.7,-2.52
12.39,-1.14
19.68,0.1
17.77,9.49
14.46,5.57
16.58,3.1
21.42,1.27
7.18,-3.11
3.37,-5.66
4.53,-5.21
3.68,-4.01
1.09,-6.94
2.29,-7.64
6.87,-6.04
9.66,1.69
7.13,-0.31
11.12,0.85
19.5,5.4
17.75,-0.13
7.37,-1.41
15.43,-0.82
24.29,13.18
25.2,13.39
19.14,6.92
20.47,7.68
16.7,9.28
17.49,8.88
24.97,10.9
13.07,4.57
10.62,2.38
19.48,4.37
21.68,12.26
20.53,8.71
24.17,5.05
9.63,1.5
14.32,-0.4
19.51,3.74
25.73,10.07
26.47,15.14
19.07,5.39
21.74,6.51
26.95,8.46
28.5,12.24
28.24,17.09
26.67,13.08
21.89,10.36
25.62,12.84
27.83,16.94
27.56,10.23
15.99,7.52
13.35,5.57
19.44,6.46
24.18,9.26
24.55,11.94
28.65,15.38
18.08,7.2
22.0,9.4
27.45,15.28
25.8,12.57
17.59,7.84
19.98,4.92
13.79,7.36
14.6,7.62
11.54,4.76
17.48,3.7
18.4,1.55
19.09,5.29
23.35,11.72
29.52,14.69
21.67,11.95
19.18,7.3
24.39,10.92
28.11,13.1
28.72,14.31
29.72,17.2
28.76,20.59
29.09,18.4
28.55,16.4
28.04,16.51
25.29,8.81
22.05,9.69
24.03,13.68
17.97,12.91
18.84,10.28
26.7,14.89
28.82,16.68
24.45,15.27
28.44,13.45
27.62,12.82
27.67,11.0
27.31,10.76
29.26,12.51
31.21,14.44
31.01,18.61
30.5,15.37
25.56,12.04
21.16,10.08
24.47,10.9
28.61,14.33
30.06,15.87
31.46,18.83
33.06,20.95
31.67,19.24
31.85,19.25
28.65,18.71
31.21,18.76
31.31,21.04
28.59,16.6
27.95,15.03
29.85,16.97
32.53,20.02
27.59,20.99
25.71,16.45
26.16,12.07
26.39,11.43
24.79,10.78
24.5,11.23
27.8,16.26
31.21,20.63
29.56,19.9
29.41,17.19
30.43,16.98
31.09,19.49
30.07,19.55
29.24,20.69
26.17,18.53
31.21,16.98
28.62,14.77
29.63,17.71
30.35,22.57
27.67,20.01
32.47,22.25
31.33,21.77
29.96,15.65
28.64,16.18
30.35,17.7
31.34,19.79
31.92,18.13
31.6,19.89
32.88,22.55
34.1,23.79
34.24,21.0
29.97,19.66
30.25,17.18
28.35,16.81
30.97,18.67
29.63,22.75
28.65,16.04
26.52,13.4
28.55,15.46
30.17,17.8
29.43,17.86
29.64,17.31
30.4,18.96
24.62,11.04
25.52,13.34
22.6,16.86
25.31,14.03
27.25,11.55
27.74,13.83
29.4,15.48
27.74,16.91
27.75,13.47
28.26,15.98
28.27,17.46
31.01,18.59
32.06,20.85
31.55,20.29
29.66,18.4
31.74,18.3
32.53,18.89
32.35,20.83
29.26,14.84
26.84,11.12
26.49,11.73
26.0,11.43
26.33,12.17
28.4,13.93
27.05,16.51
26.83,14.73
28.18,15.7
28.16,15.25
16.24,12.16
22.93,11.44
27.97,12.69
30.84,16.11
23.18,8.2
20.26,6.82
21.6,6.95
25.28,9.09
24.37,7.78
23.73,7.63
22.6,8.74
21.43,14.32
18.67,15.78
23.47,12.95
28.49,13.29
30.05,14.88
30.52,16.07
28.31,19.02
26.92,17.46
31.07,18.16
32.71,18.87
32.63,17.19
32.19,16.27
32.65,15.06
31.95,15.37
32.15,17.0
29.8,12.52
23.55,7.67
25.46,7.12
23.21,5.53
23.91,6.26
26.6,10.69
28.38,14.15
27.04,17.04
24.46,16.35
27.47,16.92
28.19,13.56
20.18,14.52
22.93,15.52
22.46,16.16
18.85,13.41
18.02,11.99
23.77,10.95
28.63,13.57
23.92,6.89
17.4,2.87
20.31,3.1
21.32,4.05
24.17,6.55
25.15,7.03
24.37,9.81
25.55,14.35
17.64,7.76
11.98,4.51
11.06,-0.13
17.6,-0.07
14.28,1.52
4.46,0.82
4.01,-1.52
9.13,-0.7
7.94,-0.57
15.82,2.2
20.38,13.34
16.95,7.35
19.95,9.61
23.9,9.58
12.5,6.79
9.38,4.65
11.65,-0.57
13.52,-1.79
3.72,-3.74
7.3,-3.68
9.49,2.16
8.34,1.0
11.62,0.82
9.97,0.62
5.45,-1.58
16.0,0.65
18.29,2.26
3.92,-3.82
9.89,-3.66
13.65,-2.76
5.75,-4.23
9.17,-2.68
14.38,-1.5
15.53,-1.84
12.58,-2.51
17.45,0.19
17.75,4.75
14.81,2.79
12.53,-2.12
12.36,-2.28
13.93,-1.36
15.7,-1.26
18.78,4.7
9.59,-2.3
7.59,-2.42
0.24,-8.16
0.24,-8.84
0.42,-6.65
3.89,-6.35
9.88,-4.15
0.41,-7.72
8.14,-6.02
1.07,-5.77
1.6,-4.26
10.41,-0.99
7.53,3.1
8.0,5.0
10.54,2.38
10.32,-1.21
13.09,-1.32
12.45,2.89
3.57,-1.09
1.73,-6.0
-1.53,-7.56
-4.37,-16.05
-8.43,-16.37
-4.88,-12.44
-3.09,-7.25
-5.16,-14.85
-8.33,-18.71
-10.94,-21.06
-7.34,-21.06
-3.03,-16.48
-6.72,-17.51
-7.82,-18.89
-6.17,-19.47
3.97,-10.14
3.71,-0.14
6.36,-0.07
15.04,4.49
15.82,-2.36
-1.25,-10.33
-4.62,-16.4
-4.86,-16.57
-2.07,-16.43
-11.65,-17.9
-6.05,-14.64
0.54,-12.19
5.98,-6.76
10.2,0.75
13.57,7.47
14.09,2.35
4.09,-1.23
1.14,-5.44
9.42,-4.71
14.16,1.16
11.16,-2.34
12.0,-3.49
1.97,-5.78
1.87,-6.31
12.06,-0.69
6.89,-10.85
-3.97,-11.69
4.68,-6.52
4.16,-9.95
-1.63,-10.11
0.75,-3.78
0.0,-8.4
0.8,-8.15
11.28,-1.27
5.95,-0.37
1.87,-6.26
4.8,-6.55
7.43,-4.32
15.43,5.75
20.4,8.87
8.34,-1.45
2.83,-1.74
13.15,-1.84
23.27,13.01
25.54,11.25
11.57,3.82
11.88,4.23
16.45,7.76
15.42,6.87
9.51,-0.6
13.44,-0.67
16.75,0.6
13.69,10.09
14.35,0.11
9.88,-2.27
11.01,-2.13
11.65,-0.74
9.99,0.31
14.25,-0.55
4.08,-2.12
1.46,-4.47
7.58,-3.88
10.67,-0.57
7.48,-1.66
5.64,-3.67
6.1,-5.49
5.77,-5.04
15.64,-2.02
9.96,-1.98
10.04,-1.1
15.09,0.15
16.81,-0.01
2.58,-1.76
5.23,-4.26
8.53,-3.71
11.14,-1.32
2.67,-1.66
8.89,-1.34
15.43,3.64
14.36,10.22
14.83,10.46
14.97,5.34
10.67,0.39
16.18,1.32
9.93,-0.53
10.74,-0.06
23.48,1.04
3.55,-3.42
11.35,-2.03
15.41,-2.12
6.36,-4.44
6.6,-1.88
7.13,-1.31
7.3,-1.93
18.53,-0.22
26.67,13.36
26.64,15.98
20.61,10.54
11.71,0.66
2.53,-0.45
11.75,0.47
23.51,1.49
12.64,-0.73
16.76,1.63
19.02,5.38
20.26,9.05
15.08,9.73
13.57,10.53
19.53,4.92
20.48,4.22
21.74,6.52
15.0,0.07
17.4,0.81
23.44,5.26
27.63,13.54
29.02,18.52
25.72,18.07
26.44,14.35
19.38,11.98
27.59,10.13
23.57,8.31
26.0,9.98
28.76,15.62
29.25,14.99
30.5,18.23
29.87,17.33
31.39,18.23
32.5,20.13
31.9,18.86
26.59,16.62
28.63,17.64
24.03,18.23
26.14,17.07
31.19,18.01
30.15,18.53
29.77,15.39
28.05,14.29
28.58,13.65
30.93,18.27
30.49,18.41
32.28,18.83
32.78,20.19
30.95,21.47
27.34,20.52
28.9,19.44
29.28,18.2
30.97,19.75
27.42,12.77
25.06,12.07
28.65,14.14
26.96,15.28
31.2,18.22
32.15,18.26
32.9,17.76
26.33,18.03
25.97,18.74
28.32,19.74
29.17,14.97
29.11,15.53
31.49,18.59
33.92,20.8
34.32,22.03
33.51,22.56
32.96,21.34
31.08,21.51
27.17,19.05
24.94,18.33
25.3,18.09
28.17,20.31
24.31,20.07
26.55,19.51
28.93,18.73
30.9,20.23
32.15,20.25
32.99,22.68
33.04,22.51
32.47,21.81
31.44,22.05
34.73,22.83
34.54,21.62
28.61,13.59
27.88,15.16
31.7,17.99
32.99,20.11
33.23,20.8
30.28,16.33
29.76,15.99
32.08,17.46
33.37,20.75
29.13,21.28
30.05,20.13
30.85,15.46
30.0,15.64
30.61,18.14
29.77,18.24
25.46,18.78
26.91,16.81
26.2,16.71
29.03,17.38
30.52,17.34
30.13,16.45
27.27,14.55
27.5,15.16
27.91,18.14
24.87,18.76
25.16,17.42
27.04,16.24
29.45,16.78
30.68,19.35
32.1,19.39
32.96,20.03
32.52,20.25
30.04,20.62
29.97,18.39
29.66,18.53
30.52,19.79
30.63,17.12
30.54,16.85
30.11,16.25
31.2,18.63
25.94,19.37
27.51,20.5
28.43,19.9
29.26,18.44
30.38,19.45
28.72,20.11
27.45,17.28
25.52,11.65
26.69,12.38
24.46,14.27
29.23,20.46
32.35,21.91
32.69,21.72
33.04,21.4
31.48,19.35
29.17,17.64
30.98,18.83
30.18,19.62
32.47,20.82
33.44,20.95
33.7,20.51
32.8,21.04
30.82,20.47
28.53,19.0
19.8,15.1
16.61,13.77
19.78,12.95
22.38,13.6
24.17,14.97
30.25,16.46
31.31,17.45
31.73,19.32
29.31,20.21
30.12,18.64
33.0,18.68
33.28,19.38
33.6,20.79
31.29,15.54
17.21,14.12
23.72,14.12
21.9,17.26
25.37,19.59
21.99,11.58
16.44,7.58
22.78,9.0
22.97,9.75
27.12,11.51
29.49,14.07
30.18,19.09
30.7,19.33
27.56,17.42
31.36,18.64
31.51,17.85
31.57,17.98
31.24,19.5
30.68,19.27
24.98,11.74
16.02,1.89
12.76,2.47
12.3,3.59
13.29,7.08
12.81,1.14
11.92,1.29
16.63,-0.22
14.64,-0.46
14.69,0.43
17.29,-2.38
12.34,-2.2
18.99,0.96
18.04,0.3
14.8,0.93
13.95,3.16
9.91,5.74
12.61,3.61
18.59,2.59
16.85,2.14
20.87,5.72
18.64,7.79
11.37,4.9
9.68,0.44
14.09,0.46
16.41,7.08
16.17,8.52
15.65,3.32
12.79,-1.29
6.36,-0.34
6.68,-6.8
3.23,-7.23
7.05,-6.14
6.96,-0.43
2.12,-6.37
0.86,-6.44
1.37,-1.57
4.62,-1.6
8.12,0.46
11.11,0.5
6.16,1.56
3.82,-3.12
9.19,-3.74
11.33,-3.15
11.97,-1.05
13.71,0.35
15.99,0.05
2.31,-5.78
-3.61,-7.36
1.16,-7.93
7.59,-0.57
12.04,5.86
14.98,7.96
16.62,3.91
5.01,0.36
1.83,-2.01
0.56,-3.3
5.12,-5.63
3.9,-6.63
-1.82,-6.0
5.15,-7.51
2.24,-9.0
7.62,-7.28
11.34,1.39
10.57,4.89
10.31,6.17
8.76,3.27
10.44,-0.63
10.22,-3.11
8.05,-3.39
12.91,-1.34
8.6,5.14
6.69,-0.29
5.25,-1.5
3.53,-2.81
7.88,-3.08
8.49,-3.76
9.64,-3.56
14.05,4.79
13.82,-0.21
2.29,-2.66
7.45,-2.84
17.31,4.63
5.85,3.15
5.01,0.37
5.1,-0.79
10.04,0.1
12.38,-0.09
12.74,0.11
14.7,7.89
16.26,-1.26
-0.1,-6.57
-0.65,-7.1
1.08,-6.98
1.81,-1.41
0.95,-3.16
0.8,-6.68
1.32,-3.81
2.73,0.56
5.44,1.1
3.06,0.49
4.42,-10.15
-6.4,-16.72
-6.09,-16.73
7.87,-7.98
10.52,-4.41
-0.02,-11.8
-2.65,-11.98
2.48,-3.56
0.16,-5.64
9.03,-9.84
-5.54,-16.87
-15.01,-20.33
-6.65,-18.39
1.81,-7.08
11.12,-2.93
18.23,2.99
13.94,4.27
13.22,4.02
15.1,9.79
17.35,-6.84
-2.17,-9.92
0.05,-9.7
3.05,-3.48
10.4,1.82
11.82,-3.75
4.17,-3.65
13.64,1.05
2.54,-3.83
3.26,-4.4
1.04,-1.94
0.55,-5.18
2.65,-5.32
8.76,-1.25
7.68,-1.55
6.4,0.98
14.88,4.4
7.64,-4.87
5.52,-5.34
11.34,-3.09
15.4,-1.37
1.82,-0.78
3.85,-0.64
5.23,-0.35
0.73,-11.26
-5.74,-13.29
-3.09,-12.46
-0.33,-10.4
2.14,-3.69
3.63,-0.51
15.77,1.61
10.46,0.16
11.22,-2.2
10.75,-2.13
21.04,6.58
22.29,6.47
7.31,-0.91
9.57,-2.65
11.99,-3.21
9.48,-3.28
10.9,-2.4
13.67,2.3
7.93,1.4
11.73,-2.71
14.1,-1.98
14.59,5.59
9.76,-1.83
9.68,-2.33
15.84,-1.28
21.96,5.13
17.44,11.19
16.14,-1.39
4.36,-4.42
8.72,-2.95
15.04,-0.36
17.34,2.63
21.91,9.39
15.68,9.81
20.49,10.42
20.48,12.3
22.69,9.93
21.48,5.83
22.05,8.11
26.95,10.68
19.38,5.19
19.65,6.28
22.87,2.09
12.16,2.36
24.7,7.45
24.36,13.83
23.16,6.43
8.15,2.29
6.66,1.9
20.72,3.94
24.96,9.88
25.48,10.25
21.95,10.26
21.08,8.94
18.17,5.19
16.75,6.12
13.06,5.73
25.32,7.35
27.18,13.37
27.01,14.18
23.75,15.85
22.42,14.8
17.21,10.69
21.69,7.99
24.6,10.11
26.03,12.11
28.25,14.71
23.67,11.82
15.14,7.27
19.02,7.75
12.23,8.22
14.05,5.67
20.43,7.27
21.23,9.17
25.63,12.3
29.87,16.13
30.33,19.42
24.36,13.71
22.55,9.29
21.4,10.23
25.93,18.36
29.27,18.67
31.13,19.03
30.31,20.19
29.76,17.14
29.05,19.2
30.19,21.64
26.26,17.5
24.34,17.02
25.81,14.43
27.3,16.77
26.81,8.97
24.3,11.61
27.05,15.83
29.91,17.79
28.17,19.1
25.04,18.88
24.66,19.31
26.25,19.65
24.19,9.94
24.02,11.05
24.38,13.63
20.65,7.67
24.06,12.06
26.06,17.5
26.93,18.54
27.47,19.2
26.5,19.09
28.64,19.49
23.65,15.09
25.92,16.5
24.85,17.07
29.15,18.45
25.15,17.07
28.57,17.83
31.35,19.21
30.97,18.66
32.04,19.95
32.4,21.48
32.84,18.73
31.55,20.21
32.89,20.34
30.17,19.96
31.36,20.84
32.51,21.67
30.57,21.4
31.68,20.46
30.15,18.68
31.97,20.05
32.85,21.88
31.52,18.3
29.77,15.03
31.86,17.91
32.23,20.85
31.04,22.22
30.83,22.19
30.95,21.62
32.94,23.44
33.08,22.65
33.54,22.85
32.77,21.69
26.23,15.13
26.6,13.95
26.66,13.67
27.88,15.1
29.36,16.38
30.89,18.0
31.39,19.29
31.02,19.98
29.8,18.45
28.93,16.7
30.34,17.82
30.16,16.65
30.53,15.65
31.09,16.3
31.94,17.29
30.75,18.63
29.86,17.26
31.15,18.48
30.92,15.56
29.27,14.81
30.57,17.79
29.13,20.74
30.41,19.52
31.74,16.51
29.08,15.81
30.67,17.63
30.86,19.91
33.57,19.65
34.08,20.48
32.79,18.38
31.3,19.74
27.33,18.93
23.72,12.67
25.69,13.58
27.88,15.22
21.84,20.26
26.59,14.94
26.46,12.01
28.31,14.11
30.22,19.24
26.51,17.81
30.63,18.14
28.61,15.59
30.52,17.67
29.68,13.8
25.89,12.5
29.22,14.08
24.07,12.11
25.82,14.28
30.71,16.29
34.95,18.54
33.24,18.91
33.31,19.8
33.53,16.03
27.84,13.23
31.39,15.54
32.63,17.41
29.77,14.84
30.65,15.61
31.14,16.32
30.63,17.86
31.38,16.07
31.55,17.46
28.46,9.46
26.13,10.21
30.08,13.13
26.29,10.05
32.7,12.87
33.05,18.68
33.65,18.2
34.19,16.8
34.03,17.54
33.94,17.05
32.67,10.7
22.44,8.12
27.37,8.93
23.54,11.82
19.1,5.31
22.48,6.02
22.22,7.78
27.19,12.28
22.49,0.99
13.79,0.34
20.32,1.53
20.63,2.75
23.71,5.16
10.45,1.31
15.45,0.98
17.65,1.6
22.31,4.37
23.9,10.05
22.34,10.1
16.8,2.27
18.76,2.38
20.43,6.9
15.17,8.99
18.52,10.41
18.33,3.5
20.01,4.7
15.96,9.21
13.85,9.99
10.59,-2.43
8.51,-2.67
11.29,-2.16
12.21,-1.7
16.05,2.64
11.03,-1.62
12.85,-0.81
6.91,-6.41
2.42,-6.49
8.78,-2.5
17.91,3.63
13.38,-8.78
-5.0,-12.65
0.17,-11.29
6.41,-5.57
6.19,-5.51
8.17,-3.87
8.77,-3.57
5.93,-0.31
7.29,-0.98
8.53,3.56
12.92,4.54
7.39,-0.97
4.15,-0.15
9.98,0.32
14.91,2.19
15.16,5.41
13.92,1.38
3.76,1.32
6.58,2.52
14.26,3.17
9.92,0.68
2.45,-0.41
4.2,-0.48
10.47,-2.06
11.67,-2.63
9.67,-3.87
7.64,-4.19
13.8,-1.07
13.96,-1.7
-1.09,-7.63
3.77,-7.32
7.33,-4.85
8.18,1.76
6.39,-0.8
1.85,-1.31
1.44,-0.71
2.63,-5.44
-0.69,-9.09
4.32,-7.96
8.16,-4.85
11.55,-2.9
12.56,-2.58
15.87,-1.45
16.11,-1.24
18.82,-0.58
17.39,9.01
15.19,7.68
16.13,8.04
16.46,5.23
5.59,1.2
2.74,-0.12
9.28,-0.67
10.66,6.04
10.88,3.37
4.04,-2.11
9.15,-2.45
8.78,-2.28
9.24,-1.78
5.75,-2.12
14.31,-1.71
17.62,10.19
18.68,2.31
5.59,1.63
8.09,2.02
11.06,0.6
14.05,1.27
5.32,-4.93
3.69,-4.72
11.17,-7.53
-6.76,-9.98
-3.19,-8.74
0.33,-8.85
4.07,-8.21
9.12,0.25
7.88,1.09
1.85,-0.5
7.18,-2.55
4.02,-2.03
1.9,0.01
2.69,-0.31
4.34,-0.3
3.86,0.08
6.03,-0.2
17.51,1.35
20.49,4.99
14.31,0.13
2.88,-0.16
0.68,-2.87
1.31,-2.97
2.34,-4.61
10.78,-3.35
7.56,0.4
5.4,-1.43
2.57,-0.71
2.88,-11.8
-4.17,-12.63
7.61,-9.89
10.41,-1.17
12.24,0.2
10.56,-3.5
6.8,-3.77
1.76,-9.45
3.26,-9.27
9.68,-6.35
13.44,1.8
7.44,4.61
8.36,2.15
3.42,-3.65
2.53,-3.71
3.18,-6.71
4.07,-6.44
17.48,-2.49
12.89,8.56
14.77,0.69
16.66,-0.38
15.58,0.08
2.95,-4.74
10.33,-4.66
18.34,-0.02
17.78,9.08
13.96,5.82
11.55,3.61
16.93,4.16
11.68,2.45
6.19,1.17
7.22,1.18
8.87,3.6
12.4,3.5
16.24,5.12
20.44,12.22
22.07,0.38
3.57,-1.37
6.57,-1.1
12.58,3.03
12.08,3.38
17.15,3.96
21.45,7.01
25.44,12.98
26.5,16.39
18.93,7.66
16.68,5.37
8.54,4.28
11.99,0.25
16.57,2.33
20.98,6.16
22.02,7.8
16.66,7.76
21.64,9.38
25.91,13.64
27.36,7.33
13.05,0.18
11.09,0.84
17.02,5.13
16.55,9.47
9.61,0.89
8.57,-2.99
11.4,-3.88
10.35,-0.7
11.74,0.88
12.6,1.25
14.26,3.14
18.8,5.14
14.98,0.14
21.86,3.72
13.29,10.11
19.23,7.73
18.55,7.0
15.25,1.97
19.19,5.65
23.79,13.34
18.38,7.13
10.15,5.76
20.37,6.71
27.64,13.19
23.23,6.66
21.94,8.15
9.19,4.61
15.54,3.12
19.58,7.43
12.71,-2.1
13.59,0.78
18.6,2.95
10.92,1.94
15.99,5.27
13.69,8.75
27.67,13.83
24.04,16.59
26.83,17.51
25.58,16.45
19.76,14.14
19.13,11.86
14.99,11.44
18.74,12.41
25.27,14.19
28.31,17.08
29.96,17.55
30.54,17.78
29.47,19.14
25.43,18.31
27.46,17.41
24.58,13.15
23.07,11.04
22.43,8.01
25.29,12.6
30.81,18.37
31.24,20.53
29.0,17.81
30.3,18.7
32.87,16.4
29.17,16.17
30.39,18.98
29.03,23.22
31.45,14.94
27.22,13.05
29.53,12.85
27.48,13.41
23.72,11.27
25.23,13.19
26.85,14.1
28.24,14.61
28.57,16.6
31.4,17.78
32.36,18.42
29.12,19.23
30.13,19.83
26.35,16.54
27.34,14.37
29.01,16.9
30.97,21.27
26.3,19.96
27.5,21.16
30.81,20.24
29.35,20.28
31.73,20.09
32.19,18.69
32.61,19.76
33.93,20.18
33.84,20.56
32.98,20.48
33.51,21.14
32.9,20.67
33.41,21.25
30.11,18.62
31.77,17.09
28.47,16.38
28.47,15.91
30.88,16.95
31.91,20.45
27.6,18.03
30.76,20.07
32.94,22.66
33.46,21.57
32.08,21.25
32.48,20.42
29.61,21.07
29.62,18.86
30.77,17.83
31.48,19.35
33.24,21.67
32.16,20.94
30.59,18.36
31.56,20.37
23.86,19.91
25.65,19.97
27.7,17.32
26.82,17.27
27.49,16.79
25.24,12.47
24.7,13.98
26.33,14.64
26.93,13.18
28.67,15.48
30.71,18.11
29.2,19.22
29.08,19.67
28.52,20.45
30.07,20.79
27.33,18.96
30.11,18.54
28.16,16.01
29.72,17.26
25.64,14.22
25.68,12.99
26.8,14.39
27.71,17.05
27.31,17.81
29.01,18.45
30.74,19.61
31.95,19.97
31.05,21.19
28.86,22.36
28.59,20.79
29.32,14.27
26.29,16.27
26.39,17.93
27.52,20.46
27.78,20.66
28.65,16.15
26.03,9.83
26.87,11.65
27.35,15.37
29.35,16.87
30.19,16.23
30.47,16.88
30.42,18.42
22.82,17.25
28.53,17.68
27.23,14.47
26.01,11.52
22.6,9.09
26.01,9.71
26.8,11.17
20.14,6.2
20.26,4.95
22.73,6.04
23.5,6.86
23.48,8.4
22.27,9.98
24.2,11.05
25.96,12.08
24.57,13.45
26.18,13.82
19.39,6.43
17.68,6.79
24.76,5.0
20.32,2.08
17.08,3.26
18.54,6.29
16.84,-0.28
17.52,0.9
22.72,4.6
28.9,6.73
26.13,7.29
27.62,9.27
23.22,16.07
25.93,15.91
24.93,4.43
21.12,4.35
25.74,6.11
17.13,-0.51
14.7,-1.36
17.25,-0.13
16.19,8.84
13.32,7.39
16.92,8.56
21.9,11.76
27.39,12.79
25.48,6.5
12.68,5.56
10.74,5.86
9.61,6.72
11.1,6.75
12.27,8.32
11.7,3.74
10.18,-1.0
15.0,0.43
11.28,-3.21
9.92,-2.59
18.12,0.6
21.87,5.45
19.54,3.95
21.32,3.58
23.37,4.04
26.67,9.71
26.24,11.25
25.41,11.87
13.3,0.06
13.18,0.04
13.9,-1.51
17.43,0.64
13.91,1.73
13.49,1.36
6.87,-2.34
10.1,-2.12
18.59,6.12
17.61,9.06
10.96,6.87
10.68,1.04
9.45,1.86
11.33,4.26
15.32,7.75
10.66,7.29
13.11,-0.34
9.65,-2.37
11.64,-2.36
2.98,-2.0
1.21,-6.09
6.75,-5.84
6.87,-3.53
6.94,-2.36
7.43,-3.79
4.19,-3.39
1.27,-1.46
2.6,-0.93
13.67,-1.1
16.52,-0.9
18.0,5.22
16.66,3.9
6.16,2.28
2.44,-6.26
2.43,-5.86
1.68,-1.28
0.35,-5.34
3.55,-5.57
5.75,0.25
7.04,0.59
9.62,0.47
7.7,-0.56
13.64,-0.97
-1.33,-10.57
-7.7,-11.51
3.78,-9.69
12.09,-1.16
3.45,-2.54
6.0,-3.15
11.7,-1.94
0.57,-2.25
11.38,0.41
4.03,1.37
2.77,-2.79
8.1,-2.37
2.08,-0.16
2.99,-1.18
3.89,-0.64
0.67,-2.03
0.02,-6.68
0.28,-6.65
-1.07,-4.46
3.11,-4.19
8.31,-2.22
9.61,-0.13
6.39,-1.29
1.64,-1.22
1.41,-1.55
2.87,-1.65
7.55,-2.39
3.56,-2.92
10.63,-1.64
3.51,-9.29
2.23,-9.27
1.71,-1.06
4.4,-0.11
7.79,-0.31
1.04,-8.71
-0.53,-10.97
1.6,-10.82
4.04,-3.43
6.48,-2.02
-0.56,-5.62
1.09,-6.01
3.27,-4.69
4.34,-3.2
3.92,-4.98
3.17,-10.06
-3.92,-11.32
2.34,-8.34
0.05,-5.3
-3.3,-7.11
-2.48,-7.12
-1.3,-6.29
-2.05,-8.76
-2.91,-9.28
-6.22,-11.52
-6.66,-16.32
-3.65,-14.85
-1.02,-11.28
-1.39,-14.27
0.86,-11.41
8.35,-7.72
4.82,1.27
13.46,0.87
17.45,-1.84
9.0,-1.61
7.89,0.13
12.94,6.54
17.06,2.1
8.3,-4.6
7.57,-4.53
17.28,-2.47
11.98,-3.98
8.59,-4.41
9.36,-3.6
11.38,-3.06
18.48,-1.35
19.67,0.77
21.25,8.62
18.67,7.28
15.99,4.95
13.02,-0.04
10.25,1.21
5.74,1.16
16.17,3.13
17.3,5.6
17.31,-0.11
11.29,-1.72
16.26,-1.65
19.4,1.63
19.87,4.43
19.69,9.19
22.65,6.99
18.07,8.12
14.68,4.18
23.29,6.15
11.62,-1.64
15.27,-0.23
23.25,5.98
11.73,-1.59
5.17,-5.44
9.24,-3.74
17.84,0.43
23.51,5.64
24.69,7.52
25.51,9.63
27.03,12.76
21.25,10.93
26.83,11.69
18.48,9.08
11.72,7.56
20.31,8.01
19.04,9.29
16.15,3.04
14.0,0.43
17.0,2.39
13.73,1.81
17.54,3.29
19.83,2.7
18.98,-0.83
8.34,-0.94
12.79,0.02
16.26,3.75
11.81,6.79
17.85,3.51
24.12,6.95
27.55,16.68
26.35,16.98
20.82,9.88
22.43,2.23
22.66,5.37
24.55,13.57
23.25,15.58
22.66,9.06
17.33,3.19
18.27,4.51
18.08,2.74
15.89,5.41
18.42,2.57
17.06,4.77
16.84,4.79
17.58,3.41
19.6,4.11
21.47,4.93
22.68,9.93
21.29,12.65
22.97,14.35
26.13,15.66
27.33,16.01
28.92,15.07
28.84,13.35
29.83,14.85
30.33,16.1
30.97,16.04
31.07,18.32
25.8,17.4
27.64,17.94
22.86,7.62
13.86,4.71
19.71,6.96
23.52,10.64
23.66,14.7
18.69,16.27
22.7,13.81
29.35,14.76
29.5,16.54
27.65,19.51
27.6,20.14
25.36,20.7
25.48,20.68
27.55,20.36
30.46,19.13
33.06,19.99
31.72,15.29
31.57,13.77
27.36,13.56
27.34,13.41
29.74,16.27
32.36,18.93
28.47,18.3
30.96,21.75
28.06,12.94
22.25,10.49
25.34,13.21
28.44,18.35
27.89,21.9
30.26,21.42
31.77,20.98
32.79,21.12
34.37,21.37
29.39,21.09
25.02,15.3
25.01,13.32
26.16,15.17
29.95,18.66
31.46,19.99
31.89,19.31
30.63,20.92
28.63,17.63
25.26,16.71
27.29,18.29
26.37,20.39
28.04,21.1
27.56,18.89
29.19,19.9
31.03,21.12
28.98,20.64
27.5,19.42
27.4,17.17
28.33,17.42
29.05,17.56
27.91,17.12
27.86,16.36
29.08,17.13
30.42,18.93
31.08,21.57
31.99,17.6
31.22,17.87
30.98,19.71
31.27,20.47
28.08,16.88
22.9,14.43
27.34,12.49
26.41,13.68
27.55,13.73
28.15,14.99
29.48,16.09
29.02,17.83
30.5,18.51
31.35,19.68
26.25,21.5
32.74,22.91
32.74,23.77
33.77,21.0
31.16,20.7
28.45,19.12
24.29,18.57
27.76,19.68
29.25,19.16
30.94,20.44
29.75,18.95
31.02,19.04
31.32,19.08
32.52,19.64
33.29,20.29
33.61,21.22
31.74,19.9
33.72,20.48
33.21,20.22
33.11,21.08
32.71,21.23
26.69,20.07
25.6,18.63
26.77,13.31
26.24,13.32
26.24,14.38
26.72,17.85
26.24,12.59
28.62,13.33
28.89,16.53
27.35,12.22
25.49,11.73
26.2,12.27
27.62,15.34
29.21,17.8
30.1,18.24
30.48,19.46
25.44,15.16
28.46,16.04
30.75,17.43
31.66,18.26
29.59,18.85
23.17,18.46
24.39,13.85
15.7,9.2
19.69,6.96
23.22,7.98
21.55,7.37
24.14,8.32
28.62,14.15
29.23,15.12
29.6,15.19
27.77,13.04
26.53,13.04
25.47,15.23
23.54,16.32
23.2,14.99
25.54,15.71
24.51,16.7
24.85,15.89
26.13,14.39
28.14,14.43
28.67,17.85
27.41,17.86
21.83,11.72
24.53,12.38
28.04,18.64
24.01,9.75
17.07,4.62
20.13,4.52
21.65,5.01
21.78,5.86
22.77,7.17
21.84,9.35
13.07,6.91
16.52,6.94
24.43,12.61
16.97,8.57
14.57,1.92
15.45,1.89
12.46,8.33
16.38,10.28
13.5,9.21
17.31,2.79
12.7,2.24
9.81,-2.47
9.72,-2.38
10.84,-2.48
12.1,-2.28
14.67,-1.46
17.45,-0.67
21.06,2.09
17.89,3.47
21.13,6.66
17.19,3.09
10.68,1.53
4.55,0.42
5.86,-2.66
5.47,-2.15
16.99,0.0
19.53,4.34
8.64,-3.89
5.79,-4.33
12.68,-1.11
8.2,-1.25
4.8,-6.47
5.93,-6.51
13.2,-0.44
8.93,-4.04
1.66,-4.32
10.09,-0.01
8.46,-5.53
7.4,-6.01
13.44,-0.07
12.1,3.6
18.99,2.04
18.18,2.05
13.41,1.05
17.46,2.74
7.32,-5.26
-1.22,-4.97
5.93,-5.13
15.19,-1.0
19.09,10.11
17.17,-2.42
9.24,-2.84
12.36,-1.67
14.46,-0.64
18.5,11.76
16.64,-0.4
9.3,-0.22
12.65,-1.51
1.82,-5.22
6.73,-5.25
7.56,-4.64
3.23,-5.2
11.78,-3.57
17.7,9.53
21.02,8.14
15.9,7.05
21.03,6.0
13.66,4.58
10.32,5.94
9.64,6.07
17.82,8.58
14.45,3.42
2.83,-5.23
1.42,-6.5
6.46,-6.13
6.83,-8.34
-6.59,-12.86
-6.67,-13.23
6.44,-10.8
6.67,-8.31
1.01,-10.2
1.82,-10.0
10.66,-0.84
8.58,-1.34
2.47,-2.17
0.93,-5.96
1.18,-6.2
-1.76,-4.6
6.63,-5.0
10.08,-6.81
-3.33,-8.48
-2.7,-13.11
0.56,-12.99
3.21,-7.25
6.01,-6.85
-1.24,-14.31
-4.09,-14.82
2.5,-9.43
-0.5,-16.31
-2.55,-16.27
5.66,-6.9
5.52,-5.67
16.29,0.07
8.34,-0.82
-0.29,-6.65
-3.99,-11.14
-4.3,-12.09
3.99,-9.7
2.78,-8.81
9.17,-7.66
11.58,-1.28
7.47,-2.11
13.54,-1.68
-1.17,-7.67
-1.0,-8.98
1.17,-9.01
13.4,-6.75
17.37,8.16
13.63,-4.78
1.9,-5.55
1.21,-6.0
15.36,-4.03
18.22,4.47
16.56,-1.83
-0.98,-2.46
2.96,-1.56
0.25,-3.6
3.59,-5.34
9.89,-5.2
11.77,-3.53
19.36,2.45
21.12,2.52
9.35,-0.89
14.11,-0.93
23.73,7.74
21.19,11.72
15.6,0.43
4.93,0.35
10.24,-0.84
11.84,-0.61
8.87,-8.39
-2.03,-8.73
11.55,-3.48
18.25,2.97
20.13,3.17
21.84,3.21
22.55,5.23
17.83,8.13
8.94,2.23
17.74,1.83
21.65,3.78
19.77,9.41
19.99,6.41
11.81,4.26
7.66,2.93
6.14,-2.56
6.87,-5.69
7.07,-4.83
9.47,0.55
26.58,7.98
8.3,1.18
7.06,-2.84
12.86,-1.27
16.07,1.46
15.85,5.86
13.94,6.52
13.87,5.84
12.0,2.19
9.03,1.21
7.74,-1.77
18.47,-0.06
17.88,10.81
22.58,11.53
21.6,4.16
16.83,3.99
21.52,7.93
18.14,1.83
10.91,2.08
7.57,0.95
12.01,1.59
19.96,6.76
18.82,7.52
26.7,10.93
29.22,16.02
28.29,17.93
20.23,3.37
15.32,2.09
19.37,4.28
19.69,7.72
22.71,12.17
26.6,13.79
23.56,6.66
22.8,9.93
26.23,10.64
15.71,10.65
17.66,12.74
22.65,10.32
16.94,8.13
21.81,10.08
26.33,12.85
29.01,17.47
30.69,12.98
30.12,15.1
29.39,15.33
29.35,13.91
30.06,13.21
25.55,10.85
28.27,13.32
23.13,14.67
27.93,15.9
30.86,20.63
29.69,17.67
20.45,11.31
18.37,10.29
23.71,12.32
29.23,18.37
22.71,14.65
20.57,11.49
22.88,12.17
27.78,14.98
30.97,18.28
31.1,18.58
31.21,19.1
24.31,12.86
26.9,11.75
28.38,12.72
28.59,15.69
27.71,18.23
27.5,16.62
29.01,14.22
25.59,14.59
21.99,14.74
26.26,15.6
29.84,19.95
33.93,24.11
34.47,23.27
34.18,23.92
33.56,24.27
30.04,15.94
26.31,11.49
26.33,12.19
30.82,13.39
33.68,18.12
34.69,16.81
30.21,15.16
31.0,16.0
31.23,18.58
29.21,15.01
26.6,11.3
25.77,10.2
29.43,14.09
32.98,19.86
33.04,21.33
30.69,19.45
30.41,17.87
32.68,21.13
35.83,23.98
34.9,22.72
28.0,21.5
25.86,20.51
25.61,16.24
29.6,17.09
30.69,19.71
30.61,17.05
30.17,18.33
29.56,16.36
29.15,19.92
31.68,21.55
24.86,21.0
28.85,19.76
30.93,21.27
33.37,20.3
31.47,19.34
33.12,20.89
31.67,22.76
32.2,22.16
27.5,20.01
25.99,19.32
28.88,21.25
30.68,21.03
27.25,15.59
27.2,17.27
26.37,18.8
29.8,19.83
28.08,19.18
32.71,21.03
29.22,21.21
28.16,21.48
30.91,20.61
31.78,20.96
32.06,21.95
30.61,21.29
27.86,16.74
29.11,15.61
25.74,13.47
27.41,15.64
26.83,18.57
26.79,15.68
27.82,15.58
27.73,15.45
29.09,15.44
30.08,16.78
29.6,18.57
27.03,17.52
26.91,15.71
28.21,14.3
29.26,14.69
29.94,16.14
30.22,18.17
30.39,19.15
33.04,20.96
32.13,20.23
29.3,14.05
27.85,13.43
29.64,15.15
30.34,17.81
25.94,18.51
26.83,19.33
27.9,19.68
26.25,15.85
26.86,13.42
26.24,13.3
29.29,15.5
28.74,18.15
26.17,13.63
22.52,12.05
21.73,12.52
26.8,13.1
28.14,13.03
28.54,13.73
28.83,14.25
29.23,15.53
28.81,16.04
31.61,16.79
34.67,16.44
22.1,6.23
20.05,7.68
25.62,11.86
24.35,9.94
21.14,5.36
20.07,3.39
16.57,4.23
20.11,5.34
21.77,6.57
23.53,6.9
22.2,7.01
21.67,3.52
22.25,3.4
24.56,4.78
24.61,8.29
17.11,0.54
15.02,-0.16
18.18,0.95
22.96,5.19
24.09,7.46
24.66,6.58
18.53,1.59
20.13,2.44
18.18,3.02
22.01,4.74
10.44,1.06
7.02,0.09
12.48,-1.93
15.11,-1.07
22.49,5.45
25.31,10.6
25.36,9.58
25.49,10.19
23.33,7.65
12.08,0.64
15.06,1.64
19.81,3.8
21.12,4.84
16.18,10.28
17.69,12.18
19.85,7.57
17.82,6.54
22.92,6.39
24.53,11.27
21.88,8.05
22.07,5.84
19.91,6.59
17.85,5.26
23.68,5.3
22.4,7.94
17.28,-0.32
0.27,-1.93
3.29,-1.75
6.85,-1.77
5.59,1.47
3.68,-1.79
0.32,-3.58
1.75,-7.92
2.45,-7.94
1.97,-7.83
9.31,-5.56
13.88,-4.07
15.39,-2.85
17.3,-1.08
13.03,-3.22
12.9,-3.46
12.83,5.25
8.03,4.85
16.18,0.81
3.72,-6.27
4.57,-6.65
13.82,1.76
12.52,-6.25
5.57,-6.53
7.74,-3.7
11.49,5.95
10.66,5.5
7.8,4.93
9.34,5.12
8.44,4.73
8.14,1.84
7.65,-0.46
8.52,-0.35
12.45,5.13
7.37,1.08
4.97,-0.62
1.13,-4.06
1.58,-7.45
1.15,-7.28
7.57,-5.57
6.9,-5.43
7.01,-22.1
-16.08,-22.36
-8.46,-16.56
-6.32,-13.98
-2.58,-8.83
-0.08,-4.65
9.9,-3.51
14.25,8.93
16.68,9.16
