20170101
8.42,-0.59
13.17,6.06
13.39,-3.75
-1.43,-6.74
-5.17,-13.4
-8.94,-15.76
-7.93,-16.47
-5.2,-15.24
5.14,-6.26
13.05,-1.28
18.11,0.55
18.89,-0.76
2.27,-0.66
3.47,0.71
4.28,0.77
15.0,4.08
15.31,3.17
5.51,1.69
11.39,2.9
15.36,8.05
18.56,6.48
15.76,7.06
9.28,3.48
7.83,2.11
15.36,1.64
2.83,-0.97
2.18,-3.83
2.73,-3.97
0.61,-6.61
7.39,-7.66
8.36,3.0
7.12,-2.12
2.62,-5.07
-0.13,-10.62
5.06,-10.78
11.45,-1.4
16.34,-0.35
16.04,2.88
6.85,-4.51
-1.57,-8.32
13.27,-4.2
18.39,8.79
16.55,-2.65
9.69,-2.56
11.78,1.61
7.9,-1.68
10.39,-0.39
19.81,4.41
17.07,6.52
15.83,2.42
20.7,3.45
18.93,10.0
21.07,12.26
20.8,13.5
25.08,2.22
2.91,-5.86
8.98,-5.27
11.49,5.4
18.65,8.48
16.05,0.46
8.14,-1.83
4.64,-2.54
12.26,-1.08
19.63,0.07
17.72,9.41
14.35,5.47
16.55,2.89
21.46,1.17
7.16,-3.18
3.27,-5.69
4.5,-5.22
3.67,-4.02
1.02,-6.99
2.26,-7.66
6.84,-6.09
9.67,1.55
7.11,-0.52
11.03,0.71
19.37,5.28
17.69,-0.2
7.33,-1.44
15.48,-0.81
24.27,13.15
25.2,13.35
19.14,6.8
20.53,7.59
16.65,9.28
17.45,8.73
24.91,10.92
13.07,4.49
10.41,2.19
19.42,4.32
21.6,12.27
20.48,8.62
24.29,5.06
9.49,1.45
14.2,-0.5
19.37,4.16
25.67,9.81
26.43,15.02
19.0,5.22
21.66,6.51
26.86,8.46
28.46,12.13
28.14,17.04
26.67,13.2
21.88,10.43
25.54,13.18
27.77,16.91
27.51,10.13
15.99,7.53
13.23,5.53
19.22,6.44
24.08,9.37
24.44,11.98
28.6,15.47
18.08,7.07
22.08,9.27
27.42,15.33
25.89,12.63
17.61,7.75
19.93,4.69
13.79,7.4
14.7,7.56
10.95,4.68
17.38,3.76
18.31,1.22
19.04,5.38
23.1,11.61
29.45,14.47
21.66,11.88
19.06,7.1
24.24,10.81
28.07,12.97
28.64,14.23
29.63,17.25
28.69,20.53
28.98,18.22
28.48,16.34
28.13,16.59
25.26,8.69
21.95,9.58
24.1,13.65
18.14,12.89
18.64,10.17
26.61,14.8
28.72,16.65
24.3,15.19
28.35,13.22
27.57,12.66
27.57,10.81
27.17,10.5
29.13,12.44
31.09,14.35
30.91,18.73
30.32,15.33
25.4,11.82
20.95,10.08
24.34,10.74
28.47,14.31
29.97,15.8
31.33,18.79
32.99,21.0
31.48,19.13
31.64,19.16
28.55,18.73
31.08,18.67
31.27,21.09
28.54,16.56
27.83,14.89
29.72,17.04
32.43,20.11
27.58,20.96
25.71,16.43
26.05,11.91
26.32,11.29
24.66,10.6
24.34,11.13
27.71,16.35
31.16,20.61
29.55,19.97
29.32,17.02
30.33,16.83
30.98,19.51
29.95,19.47
29.13,20.7
26.07,18.43
31.06,16.86
28.42,14.61
29.44,17.66
30.26,22.55
27.52,19.92
32.35,22.23
31.27,21.73
29.84,15.54
28.49,16.15
30.2,17.63
31.19,19.8
31.82,17.94
31.44,19.88
32.82,22.39
34.03,23.63
34.06,20.95
29.85,19.61
30.11,17.03
28.22,16.68
30.83,18.67
29.54,22.73
28.55,15.96
26.38,13.2
28.41,15.4
30.07,17.91
29.22,17.77
29.57,17.23
30.26,18.99
24.51,10.99
25.4,13.36
22.49,16.82
25.13,14.11
27.13,11.36
27.61,13.9
29.22,15.59
27.71,16.94
27.59,13.44
28.18,16.04
28.08,17.47
30.91,18.5
31.97,20.9
31.4,20.32
29.51,18.22
31.64,18.18
32.37,18.8
32.22,20.78
29.22,14.76
26.76,10.94
26.36,11.64
25.9,11.36
26.2,12.12
28.25,13.84
26.84,16.43
26.76,14.58
28.06,15.66
28.11,15.18
16.23,12.12
22.4,11.37
27.86,12.59
30.62,15.88
23.08,8.06
20.21,6.63
21.42,6.74
25.09,8.81
24.09,7.56
23.66,7.4
22.54,8.42
21.37,14.25
18.53,15.76
23.3,12.79
28.27,13.1
29.82,14.7
30.33,15.93
28.21,18.88
26.75,17.37
30.78,18.07
32.55,18.76
32.49,17.04
32.11,16.13
32.47,14.87
31.81,15.16
32.04,16.9
29.91,12.32
23.4,7.5
25.34,6.92
23.06,5.55
23.78,6.4
26.5,10.78
28.3,14.11
26.97,16.94
24.42,16.25
27.38,16.92
28.13,13.66
20.15,14.62
22.9,15.63
22.47,16.3
18.86,13.46
18.01,11.81
23.66,10.89
28.53,13.44
23.86,6.9
17.32,2.87
20.22,3.17
21.22,4.13
24.03,6.58
25.08,7.01
24.36,9.9
25.46,14.4
17.54,7.78
11.89,4.62
11.0,-0.05
17.51,0.0
14.4,1.54
4.41,0.83
3.9,-1.47
9.15,-0.65
7.93,-0.54
15.81,2.23
20.35,13.5
16.78,7.31
19.77,9.62
23.96,9.57
12.53,6.75
9.27,4.63
11.6,-0.56
13.48,-1.78
3.63,-3.64
7.19,-3.65
9.52,2.16
8.2,1.1
11.56,1.01
9.97,0.62
5.25,-1.57
15.9,0.69
18.26,2.28
3.98,-3.75
9.83,-3.6
13.6,-2.81
5.66,-4.14
8.93,-2.6
14.27,-1.48
15.49,-1.84
12.52,-2.56
17.41,0.02
17.69,4.69
14.75,2.72
12.48,-2.15
12.33,-2.3
13.83,-1.37
15.62,-1.27
18.72,4.71
9.69,-2.3
7.53,-2.41
0.26,-8.12
0.21,-8.82
0.37,-6.62
3.81,-6.35
9.8,-4.18
0.38,-7.69
8.13,-5.95
1.05,-5.84
1.56,-4.35
10.38,-0.91
7.48,3.06
8.02,4.9
10.6,2.36
10.3,-1.17
13.09,-1.25
12.44,2.94
3.65,-1.03
1.77,-5.95
-1.48,-7.49
-4.2,-16.03
-8.38,-16.33
-4.8,-12.37
-2.95,-7.1
-5.12,-14.75
-8.45,-18.86
-11.19,-21.24
-7.54,-21.22
-3.31,-16.54
-6.77,-17.7
-8.0,-19.08
-6.39,-19.64
3.74,-10.13
3.61,-0.18
6.16,-0.17
15.06,4.41
15.71,-2.21
-0.93,-10.34
-4.97,-16.48
-5.17,-16.68
-1.93,-16.64
-11.74,-18.07
-6.03,-14.72
0.57,-12.26
5.79,-6.8
9.93,0.65
13.27,7.08
13.95,2.3
3.96,-1.27
0.95,-5.49
9.09,-4.74
14.15,1.11
11.13,-2.5
11.87,-3.54
1.97,-5.85
1.45,-6.41
12.1,-0.68
6.96,-10.82
-3.95,-11.69
4.64,-6.48
4.16,-9.94
-1.62,-10.08
0.82,-3.89
-0.12,-8.36
0.7,-8.1
11.22,-1.27
6.08,-0.44
1.96,-6.26
4.87,-6.53
7.46,-4.32
15.43,5.72
20.41,8.84
8.39,-1.5
2.85,-1.71
13.19,-1.82
23.3,12.95
25.55,11.26
11.91,3.81
11.82,4.18
16.5,7.8
15.42,6.8
9.37,-0.63
13.43,-0.68
16.7,0.51
13.64,10.03
14.33,0.03
9.82,-2.36
10.95,-2.09
11.62,-0.77
9.99,0.19
14.23,-0.55
4.07,-2.14
1.39,-4.46
7.54,-3.91
10.7,-0.6
7.51,-1.66
5.66,-3.73
6.01,-5.49
5.7,-5.03
15.59,-2.16
9.91,-2.08
9.89,-1.18
15.09,-0.05
16.83,-0.06
2.57,-1.8
5.15,-4.31
8.47,-3.77
11.14,-1.42
2.66,-1.75
8.85,-1.42
15.45,3.54
14.27,10.2
14.84,10.41
14.98,5.36
10.54,0.32
16.16,1.2
9.92,-0.61
10.61,-0.07
23.47,0.99
3.51,-3.4
11.31,-2.0
15.39,-2.16
6.32,-4.49
6.56,-1.99
7.07,-1.35
7.29,-2.04
18.49,-0.27
26.66,13.23
26.63,15.93
20.58,10.54
11.7,0.63
2.49,-0.44
11.74,0.48
23.51,1.45
12.59,-0.91
16.69,1.56
19.01,5.29
20.22,9.06
15.05,9.69
13.54,10.57
19.49,4.82
20.46,4.09
21.72,6.49
14.89,-0.09
17.36,0.65
23.3,5.01
27.54,13.44
28.91,18.27
25.71,17.83
26.36,14.21
19.22,11.8
27.42,10.1
23.48,8.07
25.91,9.81
28.66,15.49
29.11,14.76
30.41,18.06
29.76,17.26
31.31,18.01
32.42,20.1
31.82,18.81
26.51,16.5
28.49,17.56
24.03,18.16
26.03,16.9
31.08,17.84
30.08,18.45
29.72,15.15
27.92,14.06
28.47,13.32
30.85,18.21
30.39,18.31
32.15,18.92
32.67,20.12
30.9,21.36
27.28,20.48
28.76,19.48
29.1,18.06
30.86,19.67
27.3,12.56
24.98,11.85
28.5,14.05
26.79,15.03
31.07,17.99
32.01,18.15
32.78,17.57
26.36,17.88
25.9,18.67
28.2,19.68
29.06,14.71
29.02,15.38
31.36,18.46
33.81,20.67
34.25,21.87
33.44,22.33
32.85,21.26
31.04,21.44
27.07,19.04
24.83,18.2
25.27,18.06
28.09,20.23
24.16,19.93
26.48,19.46
28.79,18.59
30.82,20.04
32.06,20.02
32.87,22.56
32.83,22.37
32.33,21.75
31.24,21.96
34.61,22.75
34.4,21.56
28.48,13.46
27.78,15.22
31.6,17.94
32.84,19.94
33.07,20.68
30.13,16.08
29.67,15.83
31.95,17.38
33.22,20.62
28.96,21.17
29.88,20.13
30.66,15.22
29.85,15.5
30.51,18.21
29.53,18.16
25.3,18.79
26.82,16.75
26.07,16.61
28.84,17.19
30.34,17.25
29.98,16.4
27.13,14.34
27.35,15.01
27.79,18.04
24.85,18.72
25.16,17.37
26.93,16.19
29.4,16.7
30.6,19.37
32.0,19.25
32.86,19.93
32.39,20.09
29.97,20.59
29.88,18.2
29.62,18.39
30.46,19.74
30.55,16.98
30.38,16.75
30.0,16.1
31.08,18.43
25.86,19.29
27.4,20.55
28.3,19.8
29.25,18.24
30.26,19.4
28.6,20.17
27.34,17.16
25.41,11.46
26.57,12.36
24.5,14.25
29.03,20.44
32.24,21.85
32.52,21.67
32.85,21.25
31.36,19.31
29.07,17.51
30.93,18.87
30.08,19.46
32.35,20.76
33.33,20.87
33.57,20.34
32.67,20.94
30.69,20.33
28.58,19.01
19.79,14.98
16.53,13.74
19.66,13.03
22.25,13.72
24.19,14.88
30.27,16.4
31.41,17.38
31.69,19.31
29.15,20.24
30.05,18.45
32.93,18.5
33.26,19.22
33.56,20.7
31.31,15.45
17.17,14.16
23.63,14.15
21.79,17.27
25.32,19.7
21.95,11.47
16.28,7.38
22.76,9.01
23.02,9.8
27.09,11.56
29.5,14.19
30.2,19.16
30.68,19.4
27.54,17.56
31.38,18.65
31.52,17.84
31.57,17.99
31.27,19.53
30.78,19.29
25.0,11.85
16.24,1.86
12.76,2.52
12.35,3.71
13.29,7.16
12.82,1.18
11.94,1.33
16.66,-0.25
14.66,-0.45
14.76,0.48
17.23,-2.37
12.27,-2.16
18.98,0.99
17.98,0.28
14.78,0.94
13.78,3.25
9.9,5.86
12.5,3.64
18.51,2.64
16.76,2.21
20.75,5.69
18.62,7.61
11.28,4.83
9.54,0.18
14.04,0.22
16.39,7.1
16.13,8.51
15.61,3.11
12.74,-1.46
6.31,-0.47
6.66,-7.0
3.13,-7.29
7.01,-6.22
6.95,-0.53
2.11,-6.47
0.81,-6.63
1.35,-1.65
4.55,-1.58
8.04,0.6
11.07,0.51
6.09,1.47
3.77,-3.22
9.1,-3.8
11.2,-3.26
11.91,-1.21
13.63,0.13
15.74,-0.04
2.2,-5.82
-3.65,-7.46
1.1,-8.1
7.46,-0.7
11.93,5.77
14.95,7.87
16.69,3.88
5.0,0.32
1.82,-2.04
0.52,-3.36
5.15,-5.75
3.86,-6.74
-1.84,-6.06
5.12,-7.61
2.27,-9.1
7.6,-7.36
11.29,1.35
10.54,4.76
10.35,6.09
8.75,3.22
10.3,-0.64
10.17,-3.19
8.03,-3.48
12.87,-1.39
8.61,5.15
6.68,-0.34
5.21,-1.55
3.5,-2.86
7.83,-3.12
8.49,-3.84
9.6,-3.61
14.04,4.73
13.88,-0.23
2.33,-2.71
7.43,-2.91
17.29,4.56
5.8,3.09
5.02,0.35
5.05,-0.9
10.05,0.1
12.34,-0.17
12.68,0.0
14.66,7.79
16.24,-1.34
-0.11,-6.56
-0.7,-7.24
1.02,-6.89
1.74,-1.51
0.88,-3.25
0.72,-6.85
1.29,-3.98
2.68,0.45
5.41,1.04
2.99,0.46
4.38,-10.29
-6.47,-16.8
-6.1,-16.82
7.81,-7.96
10.49,-4.38
-0.04,-11.83
-2.68,-12.02
2.44,-3.59
0.15,-5.72
8.98,-9.82
-5.57,-16.99
-15.02,-20.47
-6.65,-18.41
1.76,-7.17
11.14,-2.97
18.17,3.02
13.93,4.2
13.29,3.94
15.11,9.76
17.33,-6.85
-2.16,-9.93
0.07,-9.67
3.05,-3.52
10.42,1.67
11.89,-3.72
4.14,-3.68
13.63,0.98
2.57,-3.87
3.24,-4.43
0.99,-1.94
0.52,-5.25
2.65,-5.31
8.76,-1.24
7.66,-1.49
6.4,0.89
14.82,4.45
7.63,-4.92
5.46,-5.39
11.35,-3.09
15.53,-1.33
1.75,-0.78
3.8,-0.69
5.2,-0.43
0.79,-11.29
-5.86,-13.32
-3.18,-12.56
-0.33,-10.45
2.04,-3.76
3.51,-0.49
15.74,1.54
10.41,0.05
11.25,-2.26
10.69,-2.21
20.96,6.48
22.2,6.44
7.3,-0.93
9.42,-2.73
11.94,-3.27
9.46,-3.39
10.85,-2.52
13.63,2.15
7.89,1.32
11.65,-2.75
14.06,-2.01
14.66,5.51
9.75,-1.92
9.64,-2.33
15.8,-1.36
21.87,5.05
17.37,11.16
16.13,-1.44
4.29,-4.5
8.53,-3.11
14.85,-0.44
17.14,2.64
21.86,9.25
15.47,9.63
20.39,10.38
20.36,12.51
22.57,9.84
21.4,5.67
21.97,7.84
26.89,10.57
19.3,5.06
19.58,6.39
22.93,2.0
12.04,2.15
24.63,7.22
24.35,13.36
23.07,6.29
8.18,2.13
6.57,1.87
20.59,4.03
24.82,9.99
25.41,9.99
21.98,10.15
21.02,9.17
18.1,5.11
16.72,5.87
12.84,5.67
25.3,7.33
27.15,13.22
26.92,13.95
23.75,15.79
22.37,14.81
17.17,10.73
21.61,7.89
24.54,10.04
25.97,12.16
28.2,14.57
23.64,11.92
14.99,7.08
18.98,7.57
12.16,8.15
13.86,5.41
20.32,6.96
21.16,8.97
25.55,12.32
29.79,15.97
30.23,19.33
24.25,13.85
22.49,8.99
21.5,10.08
25.81,18.15
29.14,18.45
31.05,18.68
30.23,20.03
29.67,16.89
28.93,18.97
30.11,21.6
26.16,17.34
24.22,16.95
25.63,14.21
27.14,16.65
26.64,8.62
24.03,11.54
26.93,15.72
29.8,17.6
28.03,18.95
24.83,18.74
24.4,19.2
26.1,19.48
24.1,9.59
23.81,10.95
24.16,13.55
20.42,7.49
23.91,12.14
25.89,17.37
26.83,18.38
27.32,18.96
26.36,18.84
28.54,19.37
23.51,15.08
25.78,16.35
24.76,16.87
29.01,18.35
24.99,16.97
28.39,17.69
31.23,19.08
30.85,18.48
31.88,19.77
32.21,21.37
32.67,18.59
31.39,20.08
32.72,20.18
30.0,19.91
31.18,20.76
32.33,21.5
30.42,21.19
31.52,20.28
29.99,18.43
31.77,19.88
32.69,21.7
31.35,18.08
29.62,14.83
31.67,17.76
32.05,20.73
30.94,22.1
30.72,22.1
30.74,21.4
32.74,23.3
32.91,22.45
33.38,22.61
32.61,21.65
26.08,15.01
26.4,13.71
26.48,13.5
27.7,14.92
29.15,16.19
30.69,17.87
31.17,19.1
30.84,19.78
29.62,18.26
28.77,16.55
30.22,17.75
30.02,16.51
30.35,15.41
30.9,16.13
31.76,17.17
30.57,18.42
29.73,17.09
30.98,18.35
30.71,15.36
29.08,14.62
30.43,17.8
28.94,20.64
30.33,19.35
31.54,16.32
28.96,15.63
30.54,17.48
30.75,19.83
33.4,19.55
33.85,20.41
32.56,18.2
31.15,19.64
27.19,18.75
23.57,12.46
25.58,13.43
27.78,15.14
21.75,20.16
26.44,14.81
26.32,11.8
28.18,13.97
30.09,19.15
26.47,17.67
30.5,17.93
28.51,15.38
30.41,17.62
29.6,13.57
25.83,12.24
29.1,13.96
23.95,11.88
25.76,14.09
30.55,16.24
34.81,18.47
33.12,18.65
33.18,19.66
33.44,15.87
27.68,13.12
31.3,15.48
32.52,17.25
29.69,14.62
30.61,15.48
31.04,16.26
30.48,17.76
31.26,15.93
31.44,17.34
28.36,9.21
26.02,10.09
30.0,12.99
26.21,9.88
32.58,12.84
32.99,18.6
33.56,18.04
34.06,16.83
33.93,17.46
33.85,16.99
32.56,10.74
22.36,8.08
27.26,8.92
23.45,11.81
19.03,5.24
22.38,5.97
22.25,7.84
27.08,12.32
22.43,0.98
13.72,0.26
20.23,1.42
20.51,2.68
23.6,5.14
10.38,1.19
15.36,0.88
17.61,1.51
22.25,4.34
23.84,10.05
22.26,10.15
16.66,2.2
18.66,2.35
20.39,6.73
15.14,9.01
18.45,10.48
18.28,3.39
20.03,4.7
16.01,9.25
13.79,10.06
10.61,-2.53
8.48,-2.75
11.24,-2.29
12.16,-1.85
16.0,2.63
10.96,-1.81
12.85,-0.94
6.86,-6.51
2.37,-6.58
8.72,-2.59
17.88,3.57
13.38,-8.79
-5.03,-12.79
0.11,-11.32
6.28,-5.75
6.17,-5.7
8.14,-3.99
8.77,-3.71
5.88,-0.39
7.26,-1.16
8.6,3.55
12.85,4.43
7.35,-1.13
4.12,-0.22
9.94,0.18
14.82,2.1
15.11,5.42
13.84,1.28
3.7,1.19
6.58,2.36
14.27,3.13
9.93,0.59
2.42,-0.5
4.09,-0.51
10.43,-2.22
11.61,-2.8
9.59,-4.04
7.59,-4.34
13.75,-1.14
13.92,-1.66
-1.11,-7.69
3.66,-7.41
7.31,-4.9
8.2,1.79
6.35,-0.77
1.81,-1.31
1.44,-0.67
2.6,-5.46
-0.74,-9.13
4.3,-8.0
8.12,-5.02
11.51,-3.02
12.56,-2.71
15.87,-1.55
16.05,-1.36
18.8,-0.78
17.33,8.95
15.11,7.73
16.09,8.05
16.43,5.16
5.58,1.17
2.71,-0.12
9.25,-0.72
10.63,5.93
10.89,3.38
3.98,-2.15
9.06,-2.45
8.73,-2.32
9.22,-1.86
5.71,-2.07
14.29,-1.68
17.59,10.08
18.68,2.27
5.57,1.65
8.12,2.0
11.07,0.63
14.02,1.21
5.3,-4.97
3.53,-4.81
11.15,-7.54
-6.78,-10.02
-3.18,-8.71
0.33,-8.85
4.09,-8.26
9.19,0.2
7.87,0.98
1.8,-0.47
7.17,-2.67
3.98,-2.12
1.94,-0.03
2.64,-0.29
4.25,-0.3
3.89,0.0
6.01,-0.4
17.51,1.39
20.42,4.72
14.29,-0.01
2.88,-0.2
0.77,-2.89
1.31,-3.01
2.38,-4.71
10.71,-3.48
7.55,0.33
5.39,-1.5
2.63,-0.85
2.93,-11.83
-4.17,-12.69
7.55,-9.95
10.38,-1.51
12.24,0.09
10.61,-3.59
6.77,-3.87
1.77,-9.58
3.26,-9.29
9.7,-6.52
13.46,1.81
7.41,4.55
8.34,2.03
3.49,-3.7
2.51,-3.8
3.23,-6.82
3.95,-6.55
17.36,-2.58
12.82,8.56
14.75,0.53
16.67,-0.49
15.53,-0.03
2.88,-4.86
10.31,-4.79
18.3,-0.14
17.78,8.89
13.93,5.83
11.54,3.56
16.93,4.15
11.6,2.3
6.17,1.11
7.15,1.09
8.78,3.44
12.26,3.36
16.24,5.04
20.39,12.18
22.09,0.34
3.54,-1.48
6.56,-1.24
12.52,2.92
12.07,3.27
17.12,3.9
21.42,6.97
25.43,12.87
26.51,16.37
18.87,7.64
16.66,5.25
8.48,4.16
11.94,0.06
16.5,2.28
20.92,6.01
22.11,7.8
16.6,7.73
21.56,9.35
25.89,13.54
27.34,7.21
13.04,0.09
11.07,0.79
17.0,5.13
16.52,9.59
9.52,0.77
8.52,-3.03
11.38,-3.97
10.31,-0.66
11.71,0.83
12.54,1.19
14.18,3.04
18.77,5.02
14.95,-0.09
21.79,3.69
13.2,10.0
19.17,7.55
18.58,6.87
15.18,1.81
19.15,5.64
23.77,13.31
18.35,7.03
10.05,5.63
20.29,6.55
27.54,13.08
23.19,6.41
21.89,7.97
9.15,4.43
15.4,2.88
19.46,7.35
12.6,-2.24
13.49,0.73
18.47,2.89
10.84,1.73
15.9,5.23
13.66,8.67
27.59,13.87
23.92,16.52
26.74,17.48
25.55,16.3
19.65,14.14
19.01,11.69
14.92,11.32
18.64,12.41
25.18,14.08
28.19,17.01
29.86,17.4
30.42,17.56
29.36,19.02
25.35,18.34
27.4,17.29
24.44,13.06
22.97,10.85
22.31,7.77
25.19,12.45
30.71,18.26
31.13,20.53
28.84,17.65
30.16,18.49
32.72,16.12
29.06,15.97
30.29,18.9
28.94,23.19
31.31,14.72
27.08,12.78
29.35,12.6
27.31,13.29
23.55,11.16
25.09,13.18
26.71,13.94
28.07,14.36
28.37,16.45
31.29,17.63
32.17,18.19
29.03,19.23
29.99,19.77
26.2,16.23
27.18,14.19
28.86,16.81
30.81,21.28
26.17,19.89
27.38,21.13
30.65,20.16
29.18,20.14
31.64,19.94
32.07,18.57
32.45,19.65
33.74,20.02
33.67,20.39
32.78,20.33
33.33,21.0
32.81,20.58
33.21,21.13
29.89,18.42
31.56,17.02
28.33,16.31
28.3,15.78
30.73,16.82
31.75,20.43
27.54,17.76
30.63,20.02
32.75,22.49
33.27,21.46
31.94,21.26
32.33,20.29
29.45,20.97
29.43,18.77
30.59,17.59
31.31,19.25
33.1,21.52
31.97,20.87
30.43,18.1
31.41,20.3
23.71,19.84
25.6,19.89
27.71,17.25
26.67,17.19
27.39,16.77
25.14,12.29
24.54,13.88
26.26,14.57
26.83,13.06
28.57,15.39
30.64,17.94
29.03,19.1
28.98,19.58
28.41,20.36
29.98,20.8
27.14,18.86
30.02,18.4
28.06,15.83
29.6,17.12
25.51,14.07
25.57,12.85
26.7,14.42
27.66,16.93
27.15,17.65
28.91,18.3
30.6,19.47
31.85,19.81
30.97,21.07
28.72,22.24
28.45,20.74
29.21,14.06
26.21,16.17
26.38,17.79
27.58,20.42
27.83,20.64
28.64,16.09
26.07,9.79
26.86,11.65
27.4,15.23
29.35,16.8
30.21,16.11
30.49,16.75
30.41,18.27
22.81,17.12
28.6,17.47
27.24,14.3
26.06,11.29
22.58,8.89
26.04,9.49
26.82,11.05
20.17,6.05
20.31,4.76
22.74,5.92
23.48,6.65
23.5,8.15
22.32,9.8
24.27,10.85
26.05,11.91
24.64,13.28
26.24,13.7
19.49,6.25
17.68,6.68
24.57,4.95
20.17,2.04
16.93,3.28
18.45,6.29
16.86,-0.28
17.49,0.92
22.64,4.57
28.76,6.69
25.99,7.33
27.53,9.41
23.13,16.17
25.78,16.05
24.83,4.46
21.07,4.42
25.63,6.12
17.03,-0.47
14.56,-1.27
17.18,-0.01
16.13,8.86
13.33,7.41
16.8,8.69
21.84,11.77
27.31,12.8
25.41,6.55
12.62,5.59
10.73,5.86
9.61,6.76
11.07,6.79
12.25,8.4
11.66,3.89
10.01,-0.95
15.0,0.43
11.25,-3.29
9.9,-2.65
18.06,0.44
21.81,5.3
19.43,3.7
21.29,3.43
23.37,3.84
26.7,9.64
26.25,11.11
25.41,11.85
13.26,-0.04
13.13,0.01
13.95,-1.64
17.38,0.6
13.81,1.71
13.41,1.31
6.74,-2.44
10.06,-2.18
18.55,6.01
17.58,8.98
10.91,6.88
10.75,0.95
9.32,1.89
11.26,4.16
15.26,7.61
10.62,7.23
13.08,-0.45
9.63,-2.38
11.64,-2.4
2.97,-1.92
1.09,-6.17
6.73,-5.88
6.85,-3.56
6.86,-2.45
7.42,-3.77
4.17,-3.42
1.24,-1.53
2.53,-1.01
13.59,-1.15
16.51,-0.91
17.98,5.13
16.71,3.88
6.15,2.33
2.46,-6.32
2.48,-5.82
1.66,-1.26
0.33,-5.37
3.56,-5.6
5.72,0.17
7.05,0.47
9.54,0.46
7.69,-0.55
13.64,-0.88
-1.23,-10.59
-7.69,-11.54
3.73,-9.71
12.03,-1.13
3.44,-2.55
6.04,-3.15
11.73,-1.98
0.41,-2.29
11.21,0.37
3.88,1.34
2.69,-2.64
7.98,-2.22
1.92,-0.18
2.87,-1.19
3.8,-0.7
0.55,-2.02
0.04,-6.81
0.23,-6.85
-1.12,-4.48
2.97,-4.21
8.2,-2.23
9.45,-0.19
6.3,-1.29
1.55,-1.18
1.37,-1.52
2.66,-1.71
7.4,-2.44
3.34,-2.82
10.55,-1.68
3.4,-9.4
2.14,-9.41
1.6,-1.16
4.31,-0.11
7.67,-0.31
0.99,-8.76
-0.54,-11.07
1.54,-10.91
3.87,-3.48
6.42,-2.06
-0.68,-5.74
1.02,-6.15
3.12,-4.8
4.22,-3.2
3.78,-5.01
3.0,-10.13
-4.14,-11.38
2.29,-8.44
-0.02,-5.38
-3.42,-7.15
-2.54,-7.15
-1.28,-6.31
-2.06,-8.62
-2.91,-9.1
-6.24,-11.48
-6.66,-16.41
-3.67,-14.93
-0.92,-11.23
-1.45,-14.34
0.77,-11.34
8.28,-7.73
4.64,1.2
13.32,0.68
17.38,-1.91
8.88,-1.68
7.94,0.07
12.99,6.52
16.97,2.15
8.19,-4.64
7.5,-4.61
17.23,-2.59
11.87,-3.99
8.56,-4.45
9.24,-3.75
11.29,-3.18
18.44,-1.4
19.63,0.57
21.2,8.4
18.54,7.32
15.96,4.92
12.91,-0.14
10.28,1.12
5.76,1.13
16.0,3.08
17.21,5.63
17.26,-0.1
11.2,-1.76
16.26,-1.66
19.38,1.71
19.82,4.29
19.72,9.09
22.61,6.95
18.02,8.06
14.53,4.16
23.2,6.28
11.45,-1.7
15.21,-0.24
23.19,5.87
11.54,-1.59
4.91,-5.48
9.11,-3.74
17.69,0.43
23.37,5.53
24.55,7.37
25.39,9.45
26.98,12.8
21.1,10.93
26.68,11.7
18.32,9.08
11.55,7.6
20.23,7.92
18.94,9.22
16.05,3.01
13.81,0.29
16.8,2.27
13.57,1.65
17.44,3.24
19.7,2.59
18.85,-0.89
8.09,-0.99
12.65,-0.14
16.18,3.51
11.76,6.8
17.68,3.28
24.03,7.05
27.46,16.65
26.33,17.01
20.67,9.77
22.27,2.05
22.58,5.16
24.52,13.46
23.13,15.51
22.62,9.05
17.16,3.09
18.15,4.48
17.88,2.51
15.85,5.25
18.32,2.43
16.97,4.66
16.78,4.64
17.47,3.2
19.46,3.97
21.35,4.81
22.58,9.94
21.17,12.54
22.77,14.19
26.03,15.48
27.24,15.82
28.81,14.88
28.72,13.18
29.76,14.75
30.22,15.99
30.91,15.92
30.99,18.1
25.74,17.36
27.52,17.93
22.68,7.56
13.67,4.49
19.55,6.84
23.46,10.59
23.51,14.63
18.56,16.25
22.6,13.71
29.27,14.72
29.42,16.52
27.58,19.48
27.51,20.08
25.35,20.7
25.33,20.67
27.44,20.41
30.35,19.09
32.96,19.88
31.55,15.2
31.5,13.69
27.27,13.31
27.2,13.27
29.61,16.19
32.25,18.72
28.34,18.08
30.84,21.63
27.96,12.83
22.11,10.44
25.19,13.24
28.36,18.14
27.8,21.77
30.13,21.23
31.64,20.84
32.69,21.01
34.25,21.35
29.29,21.02
24.9,15.44
24.88,13.24
26.05,15.0
29.84,18.66
31.34,19.93
31.75,19.25
30.5,20.81
28.36,17.5
25.08,16.59
27.12,18.16
26.32,20.33
27.83,21.11
27.35,18.77
29.02,19.84
30.85,21.02
28.75,20.54
27.35,19.42
27.21,17.11
28.17,17.31
28.91,17.44
27.68,16.96
27.7,16.22
28.96,17.06
30.31,18.76
30.94,21.49
31.87,17.44
31.08,17.71
30.83,19.62
31.06,20.35
27.94,16.88
22.8,14.38
27.29,12.31
26.25,13.61
27.49,13.58
27.93,14.96
29.38,16.02
28.87,17.74
30.3,18.37
31.2,19.65
26.15,21.48
32.52,22.72
32.59,23.6
33.59,20.92
31.12,20.64
28.33,19.07
24.27,18.52
27.59,19.66
29.2,19.08
30.78,20.38
29.66,18.82
30.89,18.91
31.16,18.96
32.37,19.43
33.16,20.19
33.43,21.13
31.63,19.78
33.56,20.42
33.07,20.14
32.97,21.03
32.55,21.19
26.42,20.05
25.38,18.53
26.66,13.18
26.15,13.22
26.16,14.41
26.64,17.79
26.15,12.47
28.47,13.37
28.73,16.55
27.23,12.07
25.4,11.58
26.09,12.23
27.49,15.25
29.11,17.7
29.98,18.19
30.36,19.33
25.37,15.13
28.28,16.1
30.66,17.42
31.54,18.17
29.47,18.81
22.95,18.41
24.2,13.78
15.56,9.15
19.6,6.85
23.11,8.02
21.45,7.23
24.05,8.33
28.5,14.13
29.15,15.01
29.42,15.01
27.56,12.94
26.32,12.86
25.32,15.06
23.31,16.33
23.02,14.95
25.35,15.68
24.32,16.66
24.69,15.84
25.91,14.35
27.92,14.36
28.48,17.8
27.23,17.84
21.83,11.64
24.45,12.23
27.86,18.62
23.81,9.7
16.88,4.54
19.97,4.41
21.46,4.95
21.64,5.74
22.64,7.05
21.72,9.36
12.95,6.86
16.38,6.93
24.23,12.58
16.86,8.53
14.5,1.86
15.4,1.82
12.36,8.28
16.22,10.24
13.33,9.16
17.27,2.71
12.65,2.24
9.78,-2.51
9.68,-2.38
10.79,-2.46
12.08,-2.28
14.6,-1.5
17.46,-0.63
20.99,2.1
17.79,3.34
21.09,6.74
17.2,3.11
10.63,1.45
4.45,0.38
5.7,-2.68
5.35,-2.17
16.84,0.01
19.43,4.34
8.57,-3.94
5.74,-4.42
12.56,-1.07
8.05,-1.3
4.72,-6.55
5.84,-6.59
13.08,-0.52
8.81,-4.02
1.66,-4.27
10.02,-0.05
8.3,-5.58
7.25,-6.09
13.32,-0.16
12.0,3.51
18.9,1.97
18.01,2.15
13.34,0.99
17.3,2.7
7.21,-5.34
-1.27,-4.99
5.82,-5.09
15.05,-1.01
18.98,10.12
17.07,-2.43
9.13,-2.83
12.23,-1.62
14.39,-0.59
18.35,11.72
16.58,-0.35
9.39,-0.2
12.59,-1.52
1.79,-5.24
6.66,-5.29
7.43,-4.61
3.08,-5.17
11.68,-3.63
17.61,9.49
20.94,8.08
15.77,6.99
20.98,5.94
13.51,4.52
10.24,5.95
9.51,6.06
17.74,8.51
14.39,3.33
2.66,-5.34
1.28,-6.66
6.36,-6.17
6.77,-8.51
-6.69,-12.83
-6.85,-13.24
6.37,-10.91
6.64,-8.35
0.76,-10.41
1.71,-10.2
10.46,-1.01
8.47,-1.45
2.33,-2.4
0.8,-6.12
1.05,-6.36
-1.9,-4.57
6.47,-4.93
10.04,-6.75
-3.35,-8.5
-2.8,-13.29
0.49,-13.19
3.04,-7.68
5.77,-6.82
-1.34,-14.54
-4.16,-15.05
2.34,-9.44
-0.61,-16.72
-2.73,-16.61
5.52,-7.14
5.51,-5.54
16.18,-0.01
8.27,-0.78
-0.36,-6.61
-4.1,-11.07
-4.35,-12.08
3.92,-9.73
2.82,-8.84
8.98,-7.71
11.49,-1.29
7.44,-2.12
13.47,-1.69
-1.17,-7.64
-1.08,-9.03
1.08,-9.0
13.22,-6.67
17.25,8.13
13.47,-4.69
1.85,-5.49
1.11,-6.02
15.19,-4.04
18.14,4.45
16.51,-1.81
-0.99,-2.41
2.89,-1.56
0.15,-3.61
3.45,-5.38
9.83,-5.28
11.7,-3.6
19.27,2.28
20.99,2.39
9.23,-0.98
13.99,-0.99
23.69,7.75
21.08,11.9
15.49,0.38
4.92,0.31
10.11,-0.99
11.82,-0.72
8.8,-8.37
-2.12,-8.7
11.47,-3.58
18.14,2.82
20.08,3.02
21.83,3.13
22.51,5.2
17.78,8.18
8.85,2.14
17.65,1.83
21.58,3.7
19.76,9.38
19.96,6.36
11.77,4.16
7.57,2.78
5.94,-2.6
6.72,-5.83
6.95,-4.94
9.49,0.5
26.54,8.04
8.19,1.15
7.03,-2.87
12.61,-1.2
15.95,1.53
15.7,5.67
13.8,6.39
13.75,5.77
11.78,2.09
8.78,1.17
7.5,-1.79
18.31,-0.05
17.71,10.77
22.42,11.53
21.45,4.16
16.62,3.97
21.35,7.91
17.98,1.7
10.81,1.95
7.36,0.94
11.87,1.57
19.79,6.67
18.62,7.31
26.55,10.99
29.02,16.06
28.08,17.98
20.21,3.25
15.2,2.02
19.14,4.28
19.5,7.63
22.57,12.1
26.39,13.62
23.48,6.5
22.7,9.93
26.15,10.46
15.65,10.55
17.62,12.56
22.55,10.26
16.68,7.97
21.64,10.09
26.2,12.82
28.83,17.36
30.46,12.69
29.93,15.05
29.16,15.3
29.24,13.84
29.96,13.14
25.38,10.65
28.11,13.26
23.21,14.73
27.79,15.88
30.7,20.59
29.58,17.63
20.36,11.15
18.14,10.1
23.57,12.27
29.06,18.33
22.57,14.6
20.42,11.44
22.84,12.13
27.67,15.01
30.87,18.2
30.94,18.34
31.11,19.08
24.16,12.73
26.73,11.63
28.2,12.68
28.4,15.62
27.56,18.19
27.34,16.56
28.91,14.13
25.4,14.47
21.9,14.6
26.09,15.38
29.72,19.71
33.77,23.99
34.33,23.08
34.05,23.73
33.45,24.13
29.82,15.74
26.14,11.3
26.18,12.05
30.71,13.4
33.51,18.05
34.5,16.56
30.04,15.0
30.83,15.87
31.06,18.23
29.14,14.8
26.42,11.23
25.6,10.05
29.24,14.08
32.76,19.89
32.82,21.23
30.51,19.41
30.18,17.69
32.43,21.17
35.57,23.81
34.7,22.57
27.82,21.42
25.63,20.48
25.39,16.17
29.42,17.01
30.5,19.71
30.43,16.92
29.93,18.18
29.28,16.16
28.95,19.8
31.48,21.4
24.67,20.98
28.64,19.58
30.69,21.23
33.12,20.23
31.25,19.16
32.88,20.72
31.43,22.65
32.02,22.1
27.38,20.05
25.91,19.2
28.71,21.14
30.46,21.01
27.05,15.37
26.99,17.24
26.24,18.65
29.6,19.79
28.01,19.06
32.55,21.11
29.12,21.24
28.07,21.53
30.65,20.46
31.6,20.94
31.87,21.87
30.37,21.27
27.66,16.57
28.93,15.52
25.6,13.35
27.32,15.64
26.67,18.43
26.61,15.56
27.6,15.47
27.54,15.3
28.89,15.28
29.89,16.73
29.41,18.48
26.86,17.46
26.69,15.55
28.02,14.13
29.05,14.62
29.75,16.22
30.02,18.02
30.22,19.08
32.85,20.91
31.97,20.19
29.05,13.85
27.73,13.35
29.52,15.17
30.22,17.8
25.96,18.52
26.78,19.31
27.83,19.73
26.11,15.89
26.74,13.44
26.17,13.23
29.18,15.56
28.56,18.19
26.08,13.68
22.4,12.09
21.63,12.57
26.68,13.03
27.99,12.99
28.43,13.67
28.68,14.28
29.06,15.53
28.69,15.91
31.41,16.59
34.51,16.49
22.04,6.21
20.02,7.63
25.47,12.04
24.24,10.1
21.01,5.44
19.97,3.38
16.46,4.25
20.11,5.33
21.69,6.44
23.35,6.76
22.04,6.98
21.54,3.34
22.13,3.3
24.4,4.66
24.37,8.16
16.89,0.3
14.93,-0.13
18.03,0.87
22.8,5.09
23.89,7.23
24.6,6.45
18.3,1.43
20.0,2.17
17.96,2.87
21.88,4.7
10.27,1.03
6.79,0.05
12.33,-2.02
14.92,-1.19
22.3,5.35
25.15,10.53
25.21,9.4
25.35,10.07
23.32,7.59
11.94,0.52
14.97,1.59
19.72,3.82
20.95,4.84
16.19,10.15
17.64,12.25
19.82,7.5
17.72,6.48
22.82,6.26
24.43,11.1
21.87,7.91
22.02,5.71
19.84,6.47
17.68,5.14
23.64,5.13
22.35,7.67
17.22,-0.26
0.18,-1.8
3.23,-1.75
6.79,-1.78
5.59,1.44
3.5,-1.77
0.21,-3.59
1.61,-7.95
2.33,-7.97
1.79,-7.85
9.14,-5.7
13.77,-4.26
15.35,-3.05
17.34,-1.2
12.83,-3.3
12.82,-3.51
12.71,5.23
7.92,4.84
16.01,0.98
3.61,-6.3
4.6,-6.66
13.75,1.68
12.43,-6.32
5.54,-6.57
7.7,-3.74
11.53,6.03
10.62,5.6
7.7,5.01
9.3,5.07
8.41,4.72
8.14,1.85
7.58,-0.46
8.47,-0.36
12.47,5.12
7.31,1.09
4.87,-0.62
0.99,-4.07
1.49,-7.43
1.04,-7.27
7.55,-5.6
6.87,-5.53
6.99,-22.15
-16.24,-22.4
-8.53,-16.58
-6.38,-13.99
-2.63,-8.82
-0.09,-4.66
9.76,-3.53
14.16,8.84
16.67,9.25
