20170101
8.28,-0.37
13.19,6.17
13.38,-3.54
-1.35,-6.65
-5.07,-13.28
-8.97,-15.62
-8.06,-16.33
-5.2,-15.17
5.11,-6.25
13.02,-1.15
18.0,0.7
18.82,-0.63
2.28,-0.51
3.45,0.74
4.23,0.8
14.98,4.09
15.35,3.17
5.47,1.76
11.38,2.94
15.45,8.05
18.5,6.66
15.8,7.11
9.4,3.54
7.74,2.09
15.34,1.69
2.8,-0.87
2.16,-3.75
2.6,-3.89
0.56,-6.49
7.45,-7.59
8.35,3.09
7.13,-2.02
2.6,-5.08
-0.2,-10.59
5.1,-10.76
11.44,-1.37
16.31,-0.33
16.03,2.92
6.8,-4.37
-1.59,-8.26
13.18,-4.13
18.36,8.68
16.66,-2.61
9.64,-2.52
11.72,1.67
7.83,-1.65
10.36,-0.36
19.83,4.39
16.96,6.5
15.74,2.36
20.66,3.41
19.0,9.97
21.09,12.35
20.73,13.57
25.06,2.28
2.85,-5.8
8.9,-5.26
11.48,5.41
18.63,8.43
16.09,0.55
8.06,-1.73
4.57,-2.51
12.15,-1.0
19.58,0.04
17.68,9.4
14.24,5.46
16.56,2.88
21.55,1.2
7.18,-3.15
3.2,-5.62
4.52,-5.15
3.72,-3.96
0.97,-6.96
2.24,-7.59
6.82,-5.99
9.73,1.51
7.14,-0.7
10.97,0.61
19.28,5.22
17.65,-0.14
7.32,-1.4
15.56,-0.73
24.27,13.14
25.21,13.34
19.17,6.86
20.64,7.66
16.65,9.31
17.44,8.68
24.87,10.96
13.09,4.5
10.16,2.11
19.38,4.39
21.56,12.35
20.46,8.6
24.5,5.14
9.38,1.45
14.1,-0.48
19.25,4.68
25.63,9.71
26.43,14.97
18.94,5.25
21.62,6.59
26.81,8.64
28.47,12.16
28.07,17.02
26.71,13.41
21.92,10.71
25.51,13.69
27.75,16.92
27.51,10.18
16.02,7.58
13.12,5.56
18.99,6.48
24.0,9.58
24.34,12.11
28.58,15.56
18.11,7.01
22.22,9.3
27.46,15.53
26.03,12.73
17.68,7.76
19.92,4.66
13.85,7.51
14.85,7.62
10.79,4.6
17.3,3.89
18.24,1.09
19.01,5.51
22.85,11.58
29.41,14.4
21.61,11.89
18.95,7.02
24.12,10.72
28.07,12.97
28.57,14.32
29.57,17.37
28.63,20.5
28.87,18.16
28.43,16.37
28.27,16.73
25.24,8.69
21.85,9.57
24.03,13.57
18.01,12.9
18.52,10.14
26.55,14.77
28.67,16.65
24.15,15.2
28.29,13.14
27.58,12.64
27.51,10.76
27.07,10.37
29.04,12.45
31.01,14.41
30.85,18.87
30.15,15.37
25.26,11.76
20.76,10.15
24.24,10.69
28.35,14.36
29.86,15.81
31.23,18.85
32.97,21.1
31.36,19.08
31.45,19.12
28.5,18.81
31.0,18.65
31.29,21.17
28.54,16.59
27.77,14.85
29.65,17.15
32.39,20.23
27.6,20.95
25.76,16.48
25.99,11.85
26.31,11.29
24.59,10.58
24.2,11.15
27.67,16.44
31.16,20.65
29.48,20.06
29.25,16.97
30.28,16.78
30.88,19.6
29.84,19.42
29.06,20.67
25.97,18.31
30.93,16.7
28.21,14.53
29.24,17.66
30.2,22.54
27.38,19.91
32.21,22.17
31.2,21.74
29.75,15.51
28.36,16.19
30.09,17.62
31.06,19.85
31.75,17.86
31.3,19.95
32.74,22.21
33.96,23.52
33.87,20.93
29.76,19.58
29.97,16.89
28.08,16.61
30.72,18.68
29.47,22.72
28.39,15.94
26.29,13.1
28.33,15.39
29.97,18.02
29.04,17.67
29.52,17.14
30.15,19.04
24.45,10.94
25.32,13.35
22.4,16.75
24.97,14.0
27.02,11.18
27.5,14.0
29.04,15.41
27.59,16.96
27.44,13.3
28.11,16.12
27.9,17.48
30.83,18.39
31.9,20.96
31.3,20.33
29.39,17.99
31.57,18.03
32.23,18.7
32.12,20.71
29.23,14.65
26.71,10.73
26.24,11.54
25.82,11.27
26.08,12.07
28.11,13.71
26.63,16.3
26.71,14.41
27.96,15.61
27.96,14.93
16.08,12.07
22.01,11.47
27.67,12.69
30.42,15.61
22.83,8.15
20.12,6.74
21.28,6.79
24.91,8.78
23.93,7.68
23.53,7.51
22.42,8.36
21.22,14.2
18.47,15.71
23.13,12.78
28.05,13.0
29.59,14.62
30.13,15.86
28.1,18.82
26.53,17.33
30.58,17.95
32.36,18.8
32.28,17.08
31.95,16.13
32.3,14.85
31.65,15.02
31.88,16.86
29.92,12.31
23.32,7.51
25.23,6.94
22.91,5.43
23.67,6.37
26.42,10.78
28.23,13.99
26.98,16.85
24.42,16.12
27.31,16.91
28.11,13.68
20.15,14.65
22.89,15.66
22.54,16.43
18.87,13.47
17.99,11.62
23.57,10.74
28.45,13.26
23.88,6.83
17.27,2.75
20.16,3.11
21.14,4.07
23.91,6.51
25.01,6.85
24.38,9.94
25.38,14.49
17.47,7.72
11.84,4.62
10.98,-0.11
17.42,-0.03
14.63,1.48
4.38,0.79
3.81,-1.43
9.22,-0.62
7.95,-0.46
15.8,2.36
20.3,13.65
16.61,7.44
19.59,9.65
24.04,9.61
12.57,6.81
9.14,4.69
11.52,-0.48
13.44,-1.66
3.54,-3.64
7.07,-3.56
9.57,2.29
8.07,1.43
11.47,1.27
9.97,0.78
5.08,-1.4
15.81,0.74
18.23,2.41
3.91,-3.67
9.75,-3.5
13.56,-2.68
5.58,-3.99
8.9,-2.56
14.15,-1.38
15.45,-1.73
12.48,-2.46
17.35,0.04
17.62,4.73
14.73,2.83
12.41,-2.13
12.31,-2.26
13.75,-1.33
15.56,-1.25
18.64,4.73
9.8,-2.27
7.47,-2.37
0.27,-7.98
0.18,-8.72
0.25,-6.57
3.71,-6.3
9.69,-4.18
0.36,-7.63
8.08,-5.87
0.98,-5.86
1.52,-4.42
10.36,-0.82
7.42,3.06
8.02,4.83
10.6,2.45
10.26,-1.05
13.1,-1.13
12.42,3.08
3.68,-0.93
1.77,-5.86
-1.49,-7.35
-4.14,-15.9
-8.35,-16.18
-4.8,-12.24
-2.89,-6.91
-5.2,-14.58
-8.5,-18.87
-11.23,-21.31
-7.53,-21.33
-3.3,-16.69
-6.78,-17.76
-8.06,-19.15
-6.46,-19.64
3.66,-10.25
3.58,-0.16
6.03,-0.22
15.1,4.31
15.69,-2.01
-0.67,-10.38
-4.98,-16.33
-5.3,-16.55
-1.88,-16.41
-11.72,-17.9
-6.01,-14.57
0.55,-12.26
5.59,-6.77
9.85,0.65
13.16,6.99
13.81,2.32
3.97,-1.28
0.88,-5.58
8.94,-4.92
14.14,0.83
11.15,-2.41
11.8,-3.45
1.99,-5.75
1.31,-6.31
12.16,-0.67
7.06,-10.73
-3.91,-11.63
4.64,-6.45
4.15,-9.74
-1.57,-9.87
0.91,-3.77
-0.12,-8.25
0.65,-7.99
11.22,-1.28
6.19,-0.38
2.11,-6.15
4.98,-6.38
7.5,-4.21
15.45,5.75
20.42,8.97
8.53,-1.47
2.88,-1.64
13.18,-1.78
23.38,12.93
25.63,11.4
12.25,3.85
11.75,4.17
16.61,7.93
15.43,6.85
9.36,-0.57
13.46,-0.63
16.73,0.47
13.6,10.0
14.33,0.08
9.83,-2.34
10.91,-2.0
11.61,-0.71
10.04,0.19
14.24,-0.49
4.08,-2.05
1.35,-4.39
7.52,-3.86
10.79,-0.54
7.59,-1.58
5.71,-3.67
5.96,-5.43
5.65,-4.93
15.58,-2.15
9.87,-1.97
9.84,-1.07
15.1,-0.03
16.84,0.0
2.64,-1.76
5.03,-4.33
8.44,-3.75
11.15,-1.4
2.67,-1.71
8.84,-1.35
15.51,3.66
14.24,10.29
14.89,10.51
15.04,5.47
10.39,0.29
16.22,1.16
9.96,-0.6
10.33,0.03
23.55,0.99
3.56,-3.36
11.3,-1.92
15.45,-2.18
6.33,-4.42
6.56,-2.03
7.01,-1.28
7.34,-2.03
18.49,-0.25
26.67,13.2
26.7,15.99
20.56,10.57
11.9,0.64
2.52,-0.41
11.76,0.53
23.55,1.47
12.6,-0.99
16.7,1.55
19.01,5.3
20.18,9.14
15.02,9.69
13.53,10.62
19.52,4.84
20.54,4.08
21.79,6.58
14.85,-0.16
17.36,0.65
23.17,4.96
27.47,13.34
28.82,18.2
25.72,17.76
26.31,14.29
19.03,11.73
27.27,10.18
23.41,8.02
25.83,9.74
28.58,15.5
29.0,14.67
30.35,17.98
29.68,17.3
31.24,17.91
32.36,20.17
31.78,18.81
26.44,16.49
28.34,17.57
24.1,18.14
25.94,16.84
31.03,17.81
30.03,18.47
29.69,15.1
27.83,14.01
28.42,13.16
30.85,18.25
30.31,18.26
32.03,19.02
32.56,20.15
30.86,21.3
27.21,20.49
28.65,19.52
28.95,18.0
30.78,19.73
27.23,12.51
24.95,11.77
28.41,14.09
26.64,14.93
30.98,17.91
31.92,18.15
32.73,17.53
26.48,17.85
25.85,18.67
28.12,19.69
28.99,14.63
28.98,15.36
31.28,18.44
33.76,20.64
34.25,21.8
33.43,22.22
32.81,21.28
31.08,21.48
27.02,19.08
24.77,18.15
25.31,18.11
28.07,20.26
24.04,19.89
26.48,19.48
28.7,18.58
30.79,20.04
31.99,19.93
32.77,22.52
32.64,22.27
32.2,21.72
31.03,21.91
34.53,22.72
34.32,21.55
28.36,13.39
27.72,15.34
31.52,17.95
32.73,19.85
32.93,20.64
30.01,15.95
29.6,15.75
31.85,17.37
33.09,20.58
28.76,21.1
29.7,20.19
30.49,15.09
29.75,15.46
30.43,18.34
29.28,18.11
25.12,18.83
26.73,16.74
25.96,16.57
28.65,17.07
30.2,17.23
29.86,16.41
27.02,14.21
27.22,14.94
27.7,18.0
24.86,18.72
25.28,17.31
26.88,16.22
29.35,16.63
30.55,19.43
31.99,19.16
32.81,19.81
32.31,19.87
29.97,20.57
29.85,18.01
29.65,18.19
30.44,19.7
30.51,16.84
30.27,16.65
29.94,15.98
30.97,18.21
25.83,19.22
27.25,20.61
28.18,19.73
29.29,18.01
30.19,19.26
28.55,20.2
27.26,17.05
25.37,11.23
26.49,12.37
24.65,14.12
28.74,20.41
32.18,21.76
32.39,21.59
32.68,21.06
31.29,19.31
29.03,17.37
30.9,19.03
29.92,19.4
32.24,20.78
33.23,20.88
33.49,20.27
32.55,20.94
30.6,20.29
28.58,19.12
19.79,14.98
16.53,13.77
19.52,13.17
22.08,13.91
24.2,14.88
30.25,16.48
31.39,17.46
31.64,19.41
28.97,20.35
29.87,18.35
32.82,18.41
33.2,19.18
33.47,20.74
31.21,15.5
17.21,14.25
23.59,14.26
21.65,17.35
25.26,19.86
21.96,11.52
16.19,7.32
22.76,9.13
22.95,9.96
27.05,11.56
29.5,14.14
30.19,19.17
30.65,19.38
27.51,17.6
31.35,18.6
31.5,17.73
31.57,17.89
31.3,19.49
30.79,19.24
24.99,11.94
16.26,1.67
12.79,2.52
12.38,3.81
13.31,7.16
12.9,1.09
11.99,1.3
16.69,-0.44
14.71,-0.57
14.86,0.38
17.16,-2.51
12.25,-2.25
18.93,0.91
17.93,0.08
14.88,0.87
13.81,3.16
9.93,5.95
12.38,3.57
18.44,2.64
16.65,2.22
20.62,5.53
18.72,7.84
11.52,4.86
9.37,0.15
13.99,0.21
16.36,7.16
16.11,8.72
15.65,3.11
12.77,-1.46
6.35,-0.46
6.68,-6.92
3.13,-7.26
7.06,-6.14
6.98,-0.5
2.24,-6.41
0.81,-6.5
1.38,-1.65
4.53,-1.55
8.02,0.65
11.15,0.55
6.07,1.55
3.8,-3.09
8.99,-3.7
10.91,-3.14
11.9,-1.14
13.64,0.21
15.6,-0.03
2.18,-5.76
-3.56,-7.43
1.04,-8.07
7.26,-0.77
11.81,5.74
14.92,7.86
16.75,3.92
5.05,0.33
1.78,-2.06
0.52,-3.39
5.16,-5.74
3.83,-6.78
-1.87,-6.02
5.08,-7.62
2.33,-9.14
7.58,-7.42
11.22,1.36
10.5,4.7
10.44,6.07
8.78,3.2
10.13,-0.64
10.14,-3.19
8.0,-3.52
12.83,-1.4
8.62,5.12
6.71,-0.34
5.13,-1.57
3.49,-2.9
7.76,-3.13
8.5,-3.86
9.57,-3.57
14.03,4.68
13.99,-0.22
2.39,-2.69
7.38,-2.91
17.26,4.61
5.8,3.11
5.1,0.43
5.05,-0.83
10.13,0.22
12.32,-0.16
12.63,-0.01
14.7,7.72
16.25,-1.31
-0.1,-6.47
-0.7,-7.23
1.0,-6.8
1.71,-1.5
0.85,-3.15
0.63,-6.76
1.29,-4.0
2.65,0.44
5.39,1.08
2.93,0.52
4.42,-10.29
-6.48,-16.73
-6.1,-16.77
7.77,-7.94
10.49,-4.26
-0.04,-11.74
-2.67,-11.91
2.45,-3.53
0.18,-5.6
8.97,-9.74
-5.6,-16.92
-15.04,-20.46
-6.6,-18.32
1.69,-7.14
11.11,-2.89
18.11,3.03
13.91,4.3
13.34,4.06
15.13,9.87
17.36,-6.76
-2.13,-9.85
0.08,-9.6
3.06,-3.49
10.49,1.68
11.99,-3.62
4.08,-3.62
13.63,1.08
2.6,-3.8
3.22,-4.39
0.95,-1.86
0.5,-5.26
2.62,-5.28
8.76,-1.2
7.64,-1.39
6.43,0.94
14.77,4.51
7.65,-4.85
5.39,-5.33
11.36,-2.98
15.7,-1.22
1.74,-0.7
3.74,-0.6
5.21,-0.42
0.82,-11.12
-5.84,-13.28
-3.14,-12.49
-0.3,-10.37
1.98,-3.74
3.41,-0.4
15.72,1.56
10.39,0.07
11.21,-2.19
10.65,-2.14
20.89,6.45
22.13,6.42
7.3,-0.88
9.33,-2.71
11.89,-3.27
9.38,-3.38
10.81,-2.47
13.68,2.1
7.86,1.32
11.58,-2.7
14.02,-1.95
14.87,5.54
9.74,-1.87
9.61,-2.26
15.77,-1.33
21.82,4.95
17.36,11.18
16.25,-1.37
4.19,-4.42
8.42,-3.03
14.76,-0.36
17.03,2.74
21.89,9.23
15.36,9.6
20.35,10.44
20.31,12.7
22.52,9.8
21.36,5.6
21.97,7.77
26.86,10.62
19.29,5.03
19.56,6.49
23.08,1.97
11.96,2.06
24.6,7.17
24.29,13.16
23.04,6.24
8.2,1.98
6.5,1.89
20.5,4.14
24.74,10.17
25.42,9.89
22.06,10.13
21.01,9.45
18.1,5.12
16.72,5.8
12.7,5.68
25.33,7.33
27.12,13.15
26.84,13.8
23.7,15.78
22.33,14.86
17.17,10.79
21.53,7.87
24.48,10.1
25.88,12.29
28.16,14.57
23.59,12.0
15.01,7.03
18.91,7.48
12.11,8.15
13.76,5.28
20.27,6.88
21.12,8.87
25.48,12.39
29.76,15.91
30.17,19.41
24.14,13.95
22.44,8.82
21.49,10.03
25.66,18.1
29.02,18.33
31.01,18.5
30.19,20.0
29.66,16.73
28.84,18.88
30.08,21.55
26.1,17.26
24.16,16.93
25.56,14.12
27.05,16.66
26.51,8.44
23.83,11.57
26.86,15.75
29.75,17.49
27.94,18.92
24.73,18.65
24.18,19.16
26.01,19.4
24.0,9.41
23.64,10.93
24.05,13.6
20.2,7.4
23.78,12.32
25.8,17.34
26.72,18.31
27.23,18.81
26.28,18.69
28.5,19.31
23.39,15.09
25.68,16.32
24.68,16.8
28.94,18.31
24.9,16.95
28.27,17.67
31.16,19.05
30.79,18.39
31.8,19.72
32.12,21.37
32.57,18.49
31.27,20.05
32.62,20.13
29.84,19.92
31.06,20.76
32.19,21.4
30.28,21.06
31.38,20.17
29.87,18.3
31.59,19.85
32.54,21.59
31.17,18.0
29.49,14.75
31.51,17.77
31.92,20.7
30.92,22.05
30.67,22.06
30.57,21.28
32.6,23.22
32.75,22.31
33.26,22.47
32.46,21.65
25.99,14.95
26.24,13.54
26.34,13.4
27.55,14.84
28.96,16.09
30.52,17.83
31.03,19.0
30.69,19.67
29.53,18.21
28.67,16.39
30.15,17.7
29.92,16.38
30.23,15.06
30.8,15.95
31.66,17.04
30.45,18.24
29.62,16.92
30.87,18.28
30.54,15.19
28.92,14.43
30.34,17.87
28.8,20.61
30.26,19.09
31.42,16.06
28.87,15.42
30.45,17.37
30.68,19.74
33.27,19.48
33.68,20.36
32.4,17.94
31.05,19.56
27.1,18.47
23.43,12.22
25.48,13.32
27.73,15.15
21.64,20.04
26.32,14.57
26.15,11.58
28.08,13.88
30.02,19.13
26.24,17.65
30.43,17.89
28.42,15.3
30.23,17.7
29.53,13.46
25.74,12.12
28.99,13.96
23.82,11.72
25.72,13.95
30.42,16.33
34.72,18.56
33.03,18.51
33.06,19.66
33.33,15.84
27.56,13.08
31.2,15.6
32.4,17.16
29.63,14.51
30.58,15.49
30.95,16.33
30.34,17.78
31.16,15.88
31.32,17.37
28.26,9.08
25.88,10.04
29.95,12.96
26.15,9.86
32.46,12.97
32.95,18.63
33.49,17.98
33.95,16.69
33.88,17.26
33.82,16.82
32.48,10.59
22.3,7.94
27.2,8.85
23.41,11.76
19.0,4.98
22.32,5.82
22.3,7.79
27.02,12.36
22.4,0.83
13.65,0.18
20.17,1.36
20.44,2.55
23.51,5.16
10.31,1.04
15.31,0.73
17.57,1.36
22.21,4.36
23.83,9.92
22.21,10.04
16.56,2.07
18.59,2.22
20.41,6.64
15.12,8.94
18.39,10.5
18.24,3.2
20.1,4.66
16.1,9.27
13.73,10.02
10.6,-2.49
8.44,-2.7
11.21,-2.29
12.14,-1.87
15.99,2.57
10.88,-1.83
12.85,-0.95
6.8,-6.45
2.35,-6.53
8.65,-2.56
17.88,3.52
13.39,-8.69
-5.05,-12.72
0.09,-11.22
6.16,-5.76
6.14,-5.72
8.12,-4.01
8.74,-3.73
5.81,-0.36
7.2,-1.11
8.7,3.57
12.78,4.42
7.31,-1.1
4.11,-0.16
9.92,0.18
14.75,2.08
15.09,5.35
13.78,1.28
3.64,1.19
6.6,2.34
14.26,3.12
9.94,0.55
2.39,-0.47
3.99,-0.49
10.38,-2.24
11.55,-2.84
9.53,-4.04
7.54,-4.38
13.69,-1.14
13.86,-1.51
-1.11,-7.68
3.6,-7.41
7.28,-4.92
8.2,1.86
6.31,-0.71
1.77,-1.27
1.41,-0.59
2.54,-5.4
-0.73,-9.07
4.27,-7.94
8.05,-5.04
11.47,-3.04
12.51,-2.73
15.89,-1.53
15.95,-1.36
18.76,-0.88
17.29,8.9
15.02,7.82
16.07,8.1
16.39,5.11
5.54,1.18
2.71,-0.06
9.23,-0.72
10.6,5.85
10.93,3.45
3.92,-2.12
8.98,-2.41
8.66,-2.3
9.19,-1.83
5.68,-1.99
14.28,-1.64
17.57,10.09
18.67,2.29
5.55,1.67
8.16,2.05
11.11,0.66
14.02,1.22
5.28,-4.98
3.42,-4.82
11.15,-7.46
-6.77,-10.01
-3.18,-8.65
0.3,-8.82
4.1,-8.27
9.25,0.15
7.85,1.03
1.76,-0.44
7.16,-2.69
3.96,-2.13
1.95,-0.01
2.6,-0.28
4.17,-0.29
3.88,-0.03
5.99,-0.33
17.52,1.32
20.34,4.79
14.25,0.0
2.84,-0.15
0.84,-2.89
1.27,-3.0
2.41,-4.76
10.66,-3.49
7.77,0.27
5.38,-1.55
2.64,-0.84
2.98,-11.78
-4.17,-12.7
7.51,-9.88
10.35,-1.42
12.26,0.11
10.67,-3.62
6.76,-3.86
1.76,-9.67
3.26,-9.41
9.7,-6.57
13.48,1.76
7.37,4.56
8.48,2.08
3.56,-3.73
2.45,-3.79
3.28,-6.89
3.88,-6.51
17.28,-2.58
12.82,8.56
14.72,0.5
16.71,-0.41
15.5,0.05
2.83,-4.83
10.3,-4.78
18.28,-0.17
17.78,8.73
13.88,5.91
11.58,3.58
16.93,4.24
11.57,2.31
6.19,1.1
7.08,1.09
8.67,3.39
12.14,3.32
16.28,5.05
20.38,12.26
22.15,0.37
3.52,-1.47
6.6,-1.23
12.54,2.94
12.12,3.27
17.08,3.91
21.49,7.04
25.48,12.86
26.58,16.38
18.85,7.64
16.65,5.22
8.45,4.11
11.93,-0.02
16.47,2.24
20.93,5.97
22.2,7.79
16.56,7.73
21.54,9.38
25.91,13.48
27.33,7.16
13.07,0.05
11.08,0.79
17.01,5.14
16.51,9.58
9.46,0.73
8.52,-2.99
11.38,-3.96
10.31,-0.56
11.69,0.82
12.51,1.17
14.12,2.93
18.79,5.03
14.97,-0.18
21.79,3.76
13.11,9.98
19.17,7.5
18.65,6.83
15.17,1.77
19.14,5.68
23.8,13.27
18.36,6.99
10.03,5.55
20.23,6.5
27.49,13.05
23.16,6.28
21.87,7.9
9.06,4.33
15.33,2.77
19.4,7.39
12.51,-2.29
13.42,0.75
18.4,2.88
10.81,1.65
15.88,5.35
13.63,8.67
27.6,13.9
23.81,16.51
26.71,17.5
25.58,16.23
19.58,14.14
18.88,11.58
14.84,11.26
18.61,12.4
25.14,14.03
28.08,16.98
29.84,17.32
30.37,17.43
29.31,18.98
25.32,18.33
27.4,17.23
24.32,13.03
22.89,10.78
22.22,7.68
25.12,12.43
30.67,18.27
31.12,20.57
28.72,17.55
30.08,18.38
32.66,15.95
28.98,15.91
30.27,18.9
28.89,23.19
31.23,14.61
27.0,12.63
29.23,12.46
27.14,13.24
23.43,11.12
25.01,13.23
26.65,13.87
27.97,14.23
28.25,16.42
31.26,17.52
32.07,18.08
29.0,19.27
29.9,19.77
26.11,16.1
27.08,14.1
28.79,16.79
30.73,21.35
26.11,19.86
27.28,21.12
30.52,20.12
28.99,20.12
31.57,19.89
31.97,18.56
32.31,19.63
33.57,19.96
33.5,20.35
32.6,20.25
33.18,20.94
32.72,20.6
33.02,21.09
29.64,18.33
31.38,17.03
28.2,16.3
28.12,15.75
30.59,16.76
31.6,20.56
27.51,17.62
30.5,20.06
32.58,22.4
33.07,21.46
31.83,21.33
32.19,20.25
29.31,20.94
29.23,18.77
30.43,17.45
31.17,19.23
32.97,21.43
31.78,20.89
30.28,17.95
31.28,20.31
23.58,19.81
25.57,19.8
27.75,17.14
26.58,17.06
27.33,16.73
25.08,12.07
24.44,13.82
26.22,14.48
26.73,12.92
28.48,15.33
30.63,17.79
28.88,18.99
28.87,19.48
28.27,20.31
29.93,20.8
26.95,18.73
29.94,18.21
27.95,15.63
29.54,17.01
25.41,13.85
25.46,12.67
26.63,14.47
27.65,16.76
27.0,17.47
28.84,18.18
30.49,19.36
31.78,19.71
30.94,20.98
28.61,22.13
28.34,20.67
29.12,13.8
26.14,16.14
26.35,17.76
27.62,20.5
27.78,20.67
28.6,16.15
26.03,9.9
26.83,11.82
27.38,15.22
29.35,16.75
30.22,16.08
30.49,16.75
30.42,18.25
22.79,17.04
28.64,17.36
27.24,14.22
26.07,11.16
22.54,8.84
26.06,9.49
26.8,11.06
20.19,6.01
20.32,4.74
22.72,6.02
23.45,6.59
23.51,8.05
22.32,9.88
24.33,10.88
26.11,11.91
24.71,13.23
26.27,13.7
19.54,6.18
17.66,6.69
24.43,4.75
20.09,1.87
16.82,3.21
18.4,6.25
16.95,-0.44
17.45,0.82
22.57,4.48
28.65,6.45
25.87,7.19
27.47,9.5
23.03,16.21
25.65,16.17
24.74,4.39
21.03,4.41
25.55,6.01
16.95,-0.54
14.47,-1.25
17.13,0.02
16.08,8.82
13.35,7.49
16.7,8.76
21.84,11.69
27.27,12.69
25.4,6.57
12.57,5.58
10.69,5.8
9.59,6.79
11.01,6.77
12.23,8.44
11.66,4.01
9.85,-0.92
14.98,0.52
11.24,-3.22
9.9,-2.55
17.99,0.44
21.72,5.34
19.3,3.67
21.26,3.44
23.34,3.85
26.72,9.67
26.27,11.15
25.42,11.96
13.2,-0.01
13.11,0.04
14.01,-1.54
17.34,0.72
13.75,1.77
13.36,1.35
6.66,-2.38
10.02,-2.14
18.5,5.94
17.55,9.02
10.91,6.93
10.81,0.96
9.22,2.0
11.2,4.14
15.21,7.57
10.59,7.25
13.07,-0.43
9.59,-2.33
11.6,-2.35
2.98,-1.8
0.99,-6.17
6.66,-5.81
6.85,-3.51
6.78,-2.42
7.4,-3.71
4.17,-3.37
1.2,-1.55
2.46,-1.05
13.53,-1.1
16.48,-0.8
17.91,5.17
16.76,3.91
6.14,2.38
2.45,-6.3
2.53,-5.73
1.62,-1.23
0.3,-5.3
3.53,-5.52
5.66,0.13
7.06,0.43
9.48,0.46
7.65,-0.47
13.61,-0.71
-1.19,-10.52
-7.65,-11.51
3.67,-9.7
11.96,-1.0
3.41,-2.51
6.07,-3.08
11.76,-1.9
0.41,-2.15
11.29,0.38
3.91,1.42
2.69,-2.56
7.96,-2.12
1.86,-0.07
2.85,-1.23
3.81,-0.68
0.54,-1.96
0.06,-6.82
0.28,-6.97
-1.05,-4.41
2.87,-4.15
8.16,-2.18
9.42,-0.14
6.36,-1.21
1.54,-1.11
1.38,-1.46
2.59,-1.66
7.41,-2.32
3.31,-2.7
10.53,-1.67
3.45,-9.33
2.15,-9.34
1.58,-1.1
4.35,-0.04
7.71,-0.22
1.05,-8.78
-0.52,-11.03
1.53,-10.83
3.84,-3.49
6.48,-2.05
-0.73,-5.73
1.01,-6.19
3.04,-4.77
4.19,-3.12
3.78,-4.86
3.04,-10.04
-4.15,-11.26
2.37,-8.41
0.02,-5.33
-3.4,-7.11
-2.51,-7.14
-1.17,-6.29
-2.01,-8.44
-2.81,-8.91
-6.18,-11.38
-6.63,-16.34
-3.59,-14.84
-0.86,-11.06
-1.36,-14.31
0.74,-11.23
8.29,-7.63
4.52,1.15
13.29,0.58
17.41,-1.93
8.89,-1.64
7.97,0.04
13.02,6.52
16.98,2.29
8.16,-4.54
7.47,-4.53
17.22,-2.64
11.87,-3.86
8.53,-4.3
9.18,-3.71
11.24,-3.06
18.4,-1.29
19.67,0.62
21.22,8.43
18.54,7.51
15.99,4.97
12.86,-0.1
10.26,1.19
5.88,1.19
16.09,3.11
17.2,5.7
17.5,-0.03
11.25,-1.68
16.28,-1.56
19.39,1.8
19.82,4.36
19.72,9.2
22.62,6.98
18.06,8.06
14.61,4.25
23.14,6.54
11.46,-1.62
15.17,-0.08
23.21,5.89
11.49,-1.54
4.79,-5.44
9.06,-3.64
17.65,0.53
23.37,5.51
24.54,7.3
25.38,9.4
27.05,12.96
21.07,11.02
26.68,11.82
18.24,9.1
11.49,7.59
20.27,7.88
18.92,9.27
16.08,3.07
13.75,0.21
16.74,2.29
13.51,1.56
17.46,3.28
19.69,2.55
18.91,-0.79
8.02,-0.94
12.64,-0.2
16.21,3.42
11.8,6.88
17.67,3.26
24.04,7.26
27.47,16.65
26.46,17.08
20.66,9.8
22.22,2.0
22.53,5.17
24.55,13.48
23.06,15.54
22.58,9.04
17.05,3.06
18.12,4.52
17.76,2.44
15.87,5.3
18.29,2.38
16.93,4.67
16.78,4.65
17.39,3.14
19.37,3.93
21.28,4.8
22.54,10.02
21.11,12.56
22.68,14.15
25.98,15.46
27.2,15.79
28.74,14.85
28.66,13.14
29.75,14.75
30.16,15.96
30.88,15.9
30.98,18.05
25.73,17.32
27.46,17.93
22.55,7.61
13.53,4.42
19.44,6.84
23.43,10.64
23.39,14.66
18.45,16.25
22.52,13.6
29.23,14.72
29.36,16.55
27.54,19.48
27.46,20.04
25.33,20.72
25.22,20.68
27.37,20.47
30.31,19.06
32.91,19.86
31.45,15.14
31.43,13.67
27.21,13.19
27.06,13.16
29.53,16.24
32.2,18.6
28.24,17.9
30.76,21.6
27.9,12.76
22.0,10.43
25.08,13.39
28.32,18.12
27.74,21.7
30.07,21.1
31.57,20.8
32.63,20.96
34.18,21.39
29.25,20.94
24.82,15.47
24.77,13.18
25.94,14.96
29.74,18.67
31.27,19.89
31.65,19.18
30.42,20.76
28.11,17.32
24.95,16.53
26.99,18.05
26.29,20.25
27.66,21.09
27.2,18.61
28.91,19.82
30.73,20.94
28.56,20.42
27.21,19.42
27.07,17.05
28.04,17.23
28.8,17.33
27.5,16.86
27.62,16.11
28.86,17.01
30.25,18.64
30.83,21.36
31.77,17.31
30.95,17.55
30.72,19.59
30.93,20.23
27.84,16.88
22.7,14.41
27.19,12.17
26.14,13.62
27.38,13.49
27.75,14.94
29.28,15.98
28.72,17.64
30.16,18.29
31.09,19.77
26.06,21.51
32.36,22.6
32.46,23.5
33.44,20.9
31.05,20.64
28.22,19.04
24.21,18.47
27.45,19.67
29.18,18.97
30.63,20.33
29.58,18.71
30.78,18.79
31.04,18.85
32.23,19.25
33.04,20.14
33.28,21.1
31.5,19.68
33.4,20.43
32.95,20.09
32.8,21.01
32.4,21.16
26.18,20.03
25.19,18.49
26.61,13.07
26.14,13.17
26.14,14.48
26.66,17.78
26.09,12.38
28.38,13.43
28.64,16.56
27.19,11.95
25.39,11.51
26.07,12.23
27.41,15.23
29.02,17.68
29.94,18.22
30.29,19.2
25.36,15.19
28.2,16.23
30.67,17.49
31.52,18.16
29.44,18.8
22.78,18.38
24.1,13.74
15.48,9.06
19.54,6.82
23.04,8.08
21.36,7.2
24.02,8.36
28.43,14.07
29.09,14.95
29.34,15.03
27.41,12.86
26.17,12.73
25.23,14.94
23.14,16.34
22.9,14.9
25.23,15.65
24.18,16.62
24.55,15.82
25.75,14.34
27.75,14.34
28.34,17.76
27.09,17.83
21.85,11.62
24.38,12.16
27.72,18.59
23.63,9.67
16.76,4.48
19.85,4.35
21.33,4.92
21.54,5.68
22.53,6.99
21.64,9.34
12.88,6.74
16.28,6.92
24.07,12.55
16.82,8.48
14.45,1.82
15.36,1.79
12.3,8.24
16.06,10.2
13.23,9.13
17.22,2.61
12.67,2.27
9.79,-2.53
9.64,-2.4
10.8,-2.44
12.14,-2.27
14.51,-1.47
17.42,-0.58
20.95,2.08
17.85,3.18
21.13,6.82
17.27,3.12
10.64,1.39
4.5,0.36
5.75,-2.65
5.4,-2.2
16.85,-0.04
19.5,4.32
8.55,-3.97
5.68,-4.52
12.56,-1.02
7.97,-1.28
4.7,-6.56
5.82,-6.64
13.02,-0.53
8.74,-3.97
1.68,-4.22
10.08,-0.08
8.25,-5.6
7.18,-6.17
13.3,-0.26
12.0,3.5
18.9,1.86
17.95,2.24
13.33,0.94
17.22,2.77
7.11,-5.3
-1.23,-4.92
5.75,-4.99
15.0,-1.09
18.91,10.17
17.01,-2.42
9.06,-2.84
12.19,-1.64
14.33,-0.57
18.29,11.66
16.58,-0.22
9.62,-0.04
12.71,-1.45
1.74,-5.26
6.63,-5.29
7.38,-4.57
3.07,-5.14
11.68,-3.71
17.58,9.63
21.0,8.16
15.73,7.12
21.06,5.99
13.5,4.51
10.26,6.02
9.51,6.11
17.74,8.5
14.37,3.56
2.71,-5.29
1.25,-6.71
6.37,-6.23
6.88,-8.41
-6.71,-12.72
-6.95,-13.17
6.36,-11.01
6.7,-8.3
0.7,-10.44
1.66,-10.25
10.47,-0.94
8.48,-1.49
2.32,-2.32
0.83,-5.97
0.88,-6.2
-1.92,-4.47
6.39,-4.86
10.1,-6.61
-3.35,-8.4
-2.77,-13.37
0.48,-13.26
3.02,-7.83
5.81,-6.61
-1.31,-14.52
-4.14,-15.07
2.35,-9.5
-0.59,-16.82
-2.79,-16.7
5.56,-7.13
5.48,-5.25
16.11,-0.03
8.29,-0.73
-0.26,-6.53
-4.14,-10.92
-4.27,-11.96
3.94,-9.63
2.95,-8.74
8.91,-7.63
11.48,-1.19
7.54,-2.0
13.61,-1.63
-1.12,-7.52
-1.0,-8.96
1.04,-8.9
13.2,-6.49
17.21,8.09
13.49,-4.54
1.81,-5.38
1.11,-5.96
15.13,-3.97
18.13,4.45
16.47,-1.74
-0.94,-2.35
2.9,-1.5
0.15,-3.55
3.35,-5.32
9.78,-5.23
11.69,-3.55
19.26,2.22
20.91,2.35
9.31,-0.92
14.03,-0.91
23.68,7.86
20.94,12.26
15.61,0.44
4.97,0.38
10.11,-1.07
11.9,-0.72
9.0,-8.27
-2.12,-8.6
11.48,-3.6
18.11,2.82
20.13,2.92
21.85,3.08
22.5,5.24
17.82,8.3
8.83,2.11
17.62,1.88
21.57,3.68
19.99,9.46
20.0,6.41
11.86,4.19
7.57,2.81
5.94,-2.5
6.71,-5.83
6.96,-4.9
9.55,0.5
26.57,8.09
8.09,1.12
6.88,-2.81
12.42,-0.94
15.92,1.7
15.6,5.55
13.72,6.35
13.64,5.8
11.71,2.03
8.71,1.14
7.32,-1.76
18.17,0.1
17.5,10.7
22.38,11.61
21.4,4.15
16.56,4.06
21.25,8.0
17.9,1.62
10.66,1.92
7.19,0.95
11.76,1.56
19.72,6.62
18.41,7.11
26.51,11.19
28.94,16.27
27.98,18.07
20.29,3.09
15.16,1.96
18.99,4.47
19.44,7.58
22.5,12.07
26.32,13.54
23.44,6.38
22.64,10.02
26.12,10.4
15.54,10.47
17.58,12.48
22.51,10.24
16.53,7.89
21.58,10.23
26.15,12.85
28.72,17.31
30.37,12.38
29.85,15.13
29.04,15.35
29.25,13.83
29.95,13.13
25.31,10.49
28.07,13.34
23.26,14.82
27.7,15.97
30.62,20.7
29.57,17.72
20.27,11.07
17.96,9.89
23.46,12.23
28.97,18.3
22.46,14.51
20.3,11.43
22.85,12.08
27.6,15.12
30.86,18.18
30.87,18.23
31.11,19.06
24.08,12.64
26.66,11.57
28.1,12.7
28.28,15.62
27.46,18.21
27.23,16.55
28.9,14.07
25.34,14.44
21.86,14.5
25.96,15.26
29.66,19.56
33.68,23.97
34.29,22.98
34.03,23.64
33.4,24.04
29.71,15.61
26.02,11.2
26.12,11.97
30.63,13.38
33.44,18.1
34.42,16.4
29.97,14.89
30.77,15.77
30.96,18.04
29.14,14.61
26.33,11.28
25.51,9.96
29.17,14.17
32.66,19.97
32.72,21.14
30.39,19.44
30.09,17.5
32.31,21.25
35.49,23.72
34.65,22.42
27.63,21.35
25.46,20.4
25.32,16.09
29.35,16.95
30.39,19.75
30.34,16.82
29.85,18.09
29.1,16.0
28.81,19.76
31.35,21.29
24.53,20.97
28.52,19.49
30.56,21.24
32.95,20.17
31.15,19.0
32.71,20.61
31.26,22.6
31.91,22.05
27.31,20.04
25.89,19.05
28.58,21.05
30.33,20.98
26.91,15.18
26.86,17.23
26.15,18.53
29.51,19.82
27.91,18.98
32.45,21.27
29.12,21.32
28.02,21.6
30.51,20.35
31.5,20.96
31.71,21.88
30.31,21.27
27.6,16.45
28.78,15.45
25.5,13.28
27.24,15.78
26.59,18.33
26.5,15.42
27.51,15.38
27.44,15.2
28.74,15.16
29.74,16.74
29.24,18.41
26.69,17.39
26.45,15.44
27.87,13.92
28.89,14.53
29.61,16.32
29.83,17.94
30.12,19.09
32.67,20.94
31.86,20.17
28.89,13.65
27.58,13.32
29.41,15.18
30.12,17.82
26.08,18.51
26.78,19.32
27.81,19.79
26.0,15.96
26.6,13.44
26.1,13.24
29.12,15.7
28.43,18.24
26.08,13.78
22.31,12.11
21.53,12.63
26.58,13.0
27.84,12.99
28.37,13.63
28.57,14.37
28.91,15.52
28.57,15.9
31.29,16.51
34.41,16.56
21.85,6.23
19.99,7.62
25.37,12.13
24.16,10.15
20.94,5.49
19.88,3.38
16.24,4.29
20.03,5.35
21.68,6.39
23.29,6.66
22.02,6.96
21.49,3.27
22.12,3.25
24.35,4.65
24.26,8.09
16.8,0.15
14.95,-0.03
17.98,0.9
22.72,5.14
23.76,7.18
24.64,6.39
18.21,1.46
19.96,2.06
17.83,2.89
21.88,4.81
10.17,1.03
6.65,0.11
12.28,-1.95
14.84,-1.14
22.21,5.32
25.05,10.54
25.17,9.39
25.31,10.07
23.35,7.54
11.8,0.52
14.97,1.64
19.72,3.96
20.88,5.02
16.2,10.22
17.68,12.27
19.82,7.55
17.68,6.5
22.81,6.26
24.46,11.08
21.99,7.85
22.1,5.74
19.96,6.45
17.73,5.14
23.71,5.09
22.32,7.61
17.2,-0.18
0.22,-1.68
3.17,-1.66
6.88,-1.7
5.7,1.41
3.52,-1.72
0.24,-3.58
1.65,-7.9
2.35,-7.92
1.75,-7.8
9.13,-5.76
13.76,-4.27
15.36,-3.03
17.4,-1.12
12.88,-3.29
12.82,-3.47
12.73,5.22
7.94,4.87
16.02,1.11
3.56,-6.27
4.64,-6.57
13.72,1.69
12.5,-6.21
5.52,-6.43
7.68,-3.66
11.67,6.17
10.64,5.74
7.69,5.19
9.34,5.13
8.43,4.79
8.15,1.74
7.55,-0.41
8.47,-0.32
12.46,5.2
7.35,1.1
4.92,-0.56
0.91,-3.94
1.47,-7.27
1.01,-7.13
7.53,-5.57
6.91,-5.55
7.03,-22.08
-16.21,-22.34
-8.5,-16.52
-6.35,-13.84
-2.55,-8.75
-0.06,-4.63
9.66,-3.52
14.11,8.77
16.81,9.41
