20170101
7.66,0.19
13.1,6.57
13.27,-2.64
-1.07,-6.33
-5.05,-13.27
-9.02,-15.27
-8.6,-16.16
-5.09,-15.08
4.97,-6.1
12.81,-0.99
17.62,1.31
18.5,-0.27
2.12,-0.2
3.18,0.87
4.06,0.84
15.04,4.0
15.47,3.15
5.31,1.92
11.12,2.93
15.7,7.77
18.18,6.5
15.91,7.39
9.74,3.88
7.33,1.88
15.13,1.82
2.49,-0.51
2.09,-3.41
1.89,-3.4
0.25,-6.21
7.66,-7.64
8.27,3.53
7.08,-1.56
2.35,-5.09
-0.64,-10.57
5.07,-10.67
11.26,-1.53
16.11,-0.49
16.0,3.09
6.41,-3.65
-1.96,-7.94
12.35,-3.8
18.39,8.15
16.8,-2.35
9.3,-2.32
11.42,1.9
7.25,-1.48
9.77,-0.13
19.96,3.93
16.56,5.98
15.32,1.96
20.21,3.16
19.1,9.62
20.77,12.45
20.4,13.62
25.09,2.4
2.43,-5.54
8.47,-5.22
11.16,5.36
18.38,8.13
16.17,0.87
7.48,-1.4
4.19,-2.35
11.21,-0.78
19.35,-0.11
17.29,9.27
13.64,5.15
16.24,2.18
21.84,1.17
7.09,-3.3
2.74,-5.45
4.26,-5.13
3.75,-3.74
0.49,-6.95
2.02,-7.47
6.77,-6.09
9.73,1.13
7.13,-1.36
10.43,-0.24
18.21,4.99
17.16,-0.19
7.14,-1.38
15.95,-0.51
24.25,12.95
25.24,13.23
19.31,6.43
20.91,7.48
16.31,9.38
17.13,8.3
24.67,11.0
13.24,4.75
9.18,1.93
19.05,4.45
21.19,12.59
20.14,8.67
25.29,5.73
8.55,1.58
13.41,-0.39
18.46,5.78
25.35,9.65
26.28,14.94
18.65,5.61
21.19,6.74
26.31,9.04
28.24,11.93
27.68,16.78
26.81,14.12
21.97,11.42
25.27,15.1
27.37,16.63
27.35,10.51
16.26,7.7
12.57,5.71
18.01,6.63
23.55,10.07
23.86,12.44
28.4,15.67
18.43,7.01
22.59,9.58
27.21,16.16
26.67,12.94
17.91,7.88
19.8,4.71
14.11,7.67
15.45,7.68
9.33,4.73
16.92,4.23
17.95,0.78
18.97,5.57
21.51,11.61
29.05,14.43
21.75,11.9
18.4,6.9
23.39,10.9
27.98,12.94
28.27,14.48
29.36,17.62
28.41,20.3
28.51,17.87
28.28,16.57
29.03,17.0
25.16,8.82
21.49,9.68
23.96,13.57
18.32,13.05
18.19,10.08
26.28,14.85
28.38,16.85
23.44,15.52
28.01,13.09
27.52,12.61
27.48,10.82
26.89,10.09
28.88,12.62
30.85,14.49
30.73,19.45
29.78,15.62
25.06,11.84
20.1,10.56
24.05,10.77
27.99,14.7
29.69,15.99
30.99,19.34
33.2,21.63
31.16,19.04
30.6,19.06
28.43,19.38
30.8,18.74
31.45,21.58
28.63,16.84
27.6,14.96
29.53,17.67
32.37,20.71
27.72,20.95
26.19,16.78
25.85,11.76
26.35,11.61
24.44,10.73
23.94,11.46
27.62,16.78
31.33,20.88
29.64,20.45
29.5,17.01
30.52,16.81
30.88,20.21
29.56,19.67
28.96,20.86
25.85,18.15
30.65,16.49
28.05,14.62
29.0,17.96
30.45,22.56
27.17,19.89
32.06,22.44
31.58,21.92
29.84,15.79
28.18,16.53
29.96,17.78
31.0,20.36
31.79,18.02
31.14,20.34
32.81,22.14
34.22,23.64
33.73,21.04
29.74,19.84
29.98,17.0
28.05,16.61
30.77,18.7
29.69,22.79
28.13,16.04
26.18,13.01
28.17,15.63
29.93,18.73
28.51,17.57
29.51,17.31
29.97,19.31
24.3,11.26
25.13,13.57
22.16,16.8
24.41,14.39
26.93,11.18
27.3,14.63
28.55,15.81
27.35,17.29
27.18,13.38
28.03,16.63
27.41,17.93
30.79,18.49
31.88,21.23
31.05,20.7
29.1,17.77
31.53,17.85
31.99,18.72
31.9,20.73
29.44,14.75
26.71,10.58
26.02,11.5
25.76,11.35
25.99,12.31
28.03,13.67
26.17,16.49
26.59,14.46
27.83,15.7
27.73,14.63
15.84,11.98
20.4,11.56
27.09,12.78
29.89,15.26
22.73,8.19
19.64,6.93
20.73,7.01
24.33,8.8
23.59,7.72
23.25,7.64
22.02,8.05
21.07,14.24
17.91,15.55
22.59,12.4
27.4,12.67
28.91,14.22
29.54,15.32
28.0,18.41
25.84,17.1
29.89,17.63
31.74,18.56
31.8,16.95
31.54,15.85
31.89,14.52
31.19,14.44
31.39,16.37
29.96,12.24
23.26,7.45
24.82,6.95
22.36,5.54
23.3,7.14
26.18,11.16
28.2,13.51
26.95,16.38
24.38,15.73
27.07,17.09
28.02,14.28
20.22,15.15
22.94,16.09
22.87,17.05
19.33,13.89
18.06,10.95
23.15,10.46
28.13,12.77
23.94,6.98
17.07,2.79
20.01,3.41
21.06,4.34
23.36,6.73
25.02,6.79
24.57,10.32
25.17,14.18
17.27,7.76
12.0,5.43
11.04,0.26
17.13,0.36
15.6,1.86
4.25,1.1
3.45,-1.08
9.51,-0.21
7.98,-0.09
15.77,2.83
20.17,14.37
15.84,7.64
18.67,9.65
24.33,9.9
12.69,6.88
8.66,4.86
11.33,-0.24
13.25,-1.27
3.19,-3.39
6.49,-3.3
9.74,2.61
7.35,2.36
11.25,2.05
10.07,0.86
3.84,-0.87
15.35,0.99
18.1,2.84
3.89,-3.39
9.4,-3.26
13.35,-2.17
5.24,-3.69
8.38,-2.43
13.63,-1.33
15.19,-1.41
12.11,-2.16
17.25,-0.03
17.37,4.67
14.45,2.82
12.26,-2.19
12.16,-2.24
13.27,-1.34
15.11,-1.27
18.3,4.43
10.17,-2.17
7.28,-2.17
0.24,-7.48
0.1,-8.37
-0.15,-6.32
3.25,-6.3
9.17,-4.28
0.18,-7.46
7.93,-5.52
0.81,-6.16
1.22,-4.91
10.31,-0.36
7.18,2.87
8.06,4.44
10.7,2.59
10.0,-0.77
13.15,-0.75
12.34,3.73
4.02,-0.39
1.92,-5.49
-1.43,-6.73
-3.73,-15.44
-8.21,-15.61
-4.53,-11.7
-2.47,-5.94
-5.15,-13.81
-8.45,-18.84
-11.45,-21.78
-7.52,-21.8
-3.36,-17.22
-6.87,-18.15
-8.24,-19.64
-6.33,-20.1
3.54,-10.9
3.41,0.04
5.8,-0.29
15.29,3.76
15.49,-1.23
-0.37,-10.58
-4.88,-16.47
-5.23,-16.7
-1.54,-16.11
-11.69,-17.73
-6.11,-14.23
0.31,-12.42
5.06,-7.04
9.65,0.5
13.03,6.04
13.76,2.13
4.13,-1.29
0.7,-6.08
8.43,-5.68
14.29,-0.39
10.88,-2.32
11.59,-3.62
2.11,-5.25
1.16,-5.91
12.07,-0.43
7.08,-10.37
-3.97,-11.29
4.41,-6.24
3.97,-8.89
-1.81,-9.01
0.9,-2.81
-0.53,-7.71
0.31,-7.51
10.7,-1.15
6.15,-0.13
2.29,-5.53
4.95,-5.75
7.3,-3.76
15.31,5.91
20.3,9.45
8.44,-1.24
2.93,-1.18
12.98,-1.63
23.25,12.79
25.38,12.51
12.85,3.88
11.2,4.05
16.51,8.54
15.33,7.11
8.8,-0.28
13.23,-0.42
16.44,0.24
13.3,9.98
14.34,0.13
9.48,-2.38
10.44,-1.61
11.29,-0.51
10.07,0.07
14.2,-0.24
3.97,-1.6
0.59,-3.84
7.19,-3.48
10.56,-0.45
7.94,-1.41
5.93,-3.48
5.38,-5.09
5.28,-4.74
15.19,-2.34
9.07,-1.58
8.93,-0.75
15.01,-0.19
16.88,0.06
2.54,-1.45
4.0,-4.32
8.06,-3.52
10.94,-1.3
2.44,-1.54
8.52,-1.25
15.74,4.27
14.01,10.66
15.03,10.86
15.26,5.8
9.23,0.11
16.17,1.07
9.95,-0.25
10.18,0.44
23.49,1.12
3.38,-2.77
11.1,-1.43
15.25,-2.12
6.14,-3.81
6.35,-1.97
6.89,-0.67
7.27,-1.54
18.23,0.05
26.38,13.15
26.51,16.5
20.31,11.38
11.85,0.9
2.29,-0.21
11.72,0.87
23.51,1.85
12.32,-0.92
16.34,1.77
18.83,5.65
19.98,9.46
15.01,9.83
13.31,10.91
19.25,5.24
20.28,4.57
21.49,7.23
14.38,-0.07
17.09,1.31
22.64,5.35
27.29,12.8
28.49,18.2
26.01,17.82
26.27,15.01
18.14,11.83
26.54,10.53
23.16,8.3
25.45,9.81
28.28,15.76
28.41,14.69
30.18,17.83
29.36,17.47
31.07,17.89
32.22,20.63
31.84,18.91
26.03,16.67
27.62,17.73
24.47,18.1
25.48,16.93
30.91,17.92
29.97,18.77
29.67,15.36
27.32,14.3
28.18,12.97
30.77,18.49
29.99,18.17
31.57,19.5
32.32,20.53
30.97,21.17
27.28,20.74
28.34,19.75
28.41,17.96
30.71,20.29
27.07,12.73
24.85,11.77
28.09,14.44
26.17,14.78
30.71,17.99
31.74,18.4
32.64,17.83
27.09,18.06
25.78,18.82
27.8,19.89
28.89,14.69
28.9,15.51
31.07,18.52
33.7,20.81
34.45,21.81
33.54,22.15
32.8,21.55
31.24,21.8
26.69,19.53
24.39,18.15
25.61,18.48
28.04,20.51
23.48,19.92
26.41,19.76
28.24,18.77
30.77,20.37
31.93,19.89
32.88,22.62
32.26,22.19
32.04,21.84
30.39,21.91
34.58,22.78
34.41,21.8
28.16,13.29
27.8,16.03
31.62,18.44
32.69,19.77
32.82,20.86
29.92,15.83
29.76,15.8
31.89,17.68
33.0,20.59
28.43,21.1
29.35,20.7
30.27,14.97
29.85,15.71
30.54,19.09
28.49,18.0
25.0,19.0
26.83,16.91
25.89,16.82
28.05,16.96
30.02,17.58
29.78,16.84
26.86,14.06
27.01,14.95
27.75,17.94
25.59,18.97
25.68,17.58
26.78,16.56
29.39,16.63
30.65,19.62
31.88,18.83
32.79,19.71
32.03,19.68
29.99,20.64
29.78,17.74
29.73,17.83
30.53,19.73
30.55,16.64
29.94,16.62
29.77,15.71
30.77,17.8
25.93,19.03
27.02,20.82
27.89,19.82
29.46,17.77
29.98,19.45
28.22,20.43
27.07,16.9
25.02,10.81
26.1,12.47
24.93,14.4
28.13,20.66
32.03,21.72
32.08,21.68
32.26,20.82
31.04,19.63
28.89,17.43
30.91,19.53
29.78,19.16
32.01,20.86
33.05,20.95
33.21,20.16
32.19,20.98
30.39,20.15
29.15,19.62
20.01,14.98
16.27,13.92
19.04,13.74
21.48,14.65
24.53,15.01
30.52,16.85
31.72,17.84
31.76,19.75
28.55,20.69
29.59,18.15
32.78,18.17
33.37,19.08
33.56,20.92
31.52,15.79
17.05,14.64
23.15,14.66
21.26,17.69
25.27,20.57
21.93,11.83
15.57,7.28
22.73,9.62
22.93,10.53
27.01,11.59
29.61,14.37
30.33,19.52
30.69,19.61
27.69,18.23
31.49,18.59
31.55,17.74
31.66,17.95
31.43,19.63
31.2,19.46
25.07,12.57
16.63,1.65
12.91,2.78
12.52,4.37
13.34,7.56
13.06,1.46
12.0,1.53
16.83,-0.52
14.82,-0.38
15.39,0.61
17.03,-2.22
12.09,-2.06
18.93,1.02
17.95,0.1
14.85,0.91
13.45,3.35
10.01,6.38
11.93,3.73
18.2,2.76
16.32,2.41
20.33,5.41
18.69,8.33
11.63,4.98
8.44,-0.02
13.9,0.08
16.36,6.43
16.05,9.81
15.68,3.09
12.52,-1.3
6.15,-0.6
6.63,-6.52
2.97,-7.38
7.07,-6.36
7.0,-0.44
2.34,-5.9
0.54,-5.96
1.33,-1.62
4.13,-0.95
7.71,1.0
11.27,0.73
5.82,1.91
3.68,-2.81
8.49,-3.43
10.17,-3.09
11.36,-1.61
13.05,0.01
14.98,0.21
2.19,-5.04
-3.82,-7.22
0.37,-7.95
6.14,-0.97
10.88,5.26
14.64,7.45
17.53,4.01
4.86,0.37
1.61,-1.98
-0.06,-3.68
5.34,-6.26
3.58,-7.13
-2.12,-6.04
4.74,-7.95
2.06,-9.58
7.48,-7.87
10.77,0.85
10.18,3.73
10.75,5.74
8.81,3.3
9.33,-0.51
9.66,-3.54
7.8,-3.89
12.44,-1.96
8.62,5.15
6.56,-0.38
4.76,-1.75
3.26,-2.97
7.27,-3.23
8.12,-4.39
9.29,-3.98
13.82,4.29
14.29,-0.04
2.35,-2.7
6.91,-2.98
17.1,4.81
5.56,3.12
5.19,0.79
4.49,-0.55
10.01,0.53
12.12,-0.15
12.19,-0.06
14.5,7.15
16.32,-1.19
-0.12,-6.09
-1.06,-6.93
0.65,-6.57
1.29,-1.35
0.4,-2.5
0.2,-6.54
1.15,-4.1
2.24,0.21
5.05,1.05
2.4,0.89
4.18,-10.16
-6.98,-16.71
-6.26,-16.7
7.32,-7.8
10.36,-3.54
-0.08,-11.39
-2.94,-11.51
2.29,-3.25
0.06,-5.13
8.72,-9.29
-5.79,-16.79
-15.03,-20.34
-6.43,-18.17
1.15,-7.22
10.23,-2.46
17.82,2.74
13.58,4.5
12.94,4.57
15.09,10.44
17.39,-6.27
-2.04,-9.49
-0.06,-9.45
2.94,-3.44
10.46,1.93
12.04,-3.25
3.38,-3.32
13.34,1.75
2.45,-3.49
3.14,-4.27
0.57,-1.49
0.36,-5.32
2.23,-5.32
8.5,-1.02
7.48,-1.18
6.22,1.0
14.52,4.67
7.73,-4.45
4.53,-5.16
11.07,-2.51
15.79,-0.75
1.59,-0.41
3.48,-0.35
5.25,0.0
0.45,-10.24
-5.72,-13.07
-3.11,-12.19
-0.19,-10.12
1.72,-3.52
2.91,-0.22
15.36,1.25
9.91,0.19
10.64,-1.76
10.03,-1.67
20.64,6.19
21.72,6.3
7.17,-0.4
8.62,-2.48
11.51,-3.22
8.78,-3.19
10.5,-2.07
13.61,1.77
7.71,1.43
10.75,-2.5
13.69,-2.08
15.77,5.73
9.4,-1.51
9.41,-1.76
15.53,-1.03
21.67,4.05
17.15,11.12
16.33,-1.14
3.54,-3.86
8.11,-2.59
14.38,-0.21
16.48,2.46
21.89,9.52
15.11,9.75
20.11,10.67
20.16,12.86
22.22,9.41
21.14,5.63
21.83,7.82
26.5,10.78
19.21,4.96
19.35,6.29
23.37,1.97
11.46,2.01
24.3,7.07
23.73,13.07
22.8,6.16
8.24,1.94
6.25,1.97
20.1,4.12
24.3,10.1
25.26,9.9
22.07,10.06
20.74,9.72
17.98,5.44
16.48,5.93
12.3,5.82
25.22,7.18
26.99,13.0
26.48,13.35
23.48,15.85
22.16,14.95
17.15,10.99
21.15,7.86
24.16,10.5
25.45,12.67
28.03,14.69
23.39,12.14
15.16,7.04
18.61,7.25
11.94,8.33
13.31,5.07
20.03,6.91
20.93,8.79
25.13,12.33
29.75,15.87
29.95,19.77
23.63,14.12
22.25,8.36
21.39,9.99
25.0,18.07
28.51,18.1
30.9,18.12
30.03,19.99
29.69,16.31
28.41,18.52
29.95,21.29
25.89,17.13
23.9,16.96
25.59,13.99
26.88,16.81
26.15,8.21
23.32,11.76
26.76,15.89
29.75,17.23
27.84,18.95
24.67,18.4
23.48,19.1
25.9,19.23
23.83,9.13
23.2,10.96
23.85,13.82
19.83,7.24
23.35,12.74
25.75,17.29
26.31,18.18
27.04,18.42
26.08,18.33
28.54,19.16
23.09,15.13
25.3,16.24
24.26,16.69
28.85,18.16
24.82,17.0
28.06,17.81
30.98,19.04
30.75,18.2
31.74,19.8
31.95,21.65
32.6,18.27
31.09,20.04
32.67,20.04
29.36,19.99
30.92,20.87
32.01,21.19
30.06,20.97
31.1,20.08
29.78,18.15
31.21,19.92
32.2,21.35
30.99,17.99
29.16,14.73
31.21,17.81
31.83,20.79
30.96,22.02
30.79,22.03
30.21,21.07
32.25,23.1
32.35,22.11
33.05,22.21
32.15,21.77
25.98,14.97
25.96,13.26
26.05,13.18
27.19,14.87
28.45,16.01
30.22,17.86
30.89,18.94
30.36,19.34
29.63,18.08
28.3,16.49
30.02,17.79
29.8,16.44
30.0,14.67
30.74,15.77
31.67,16.82
30.14,17.95
29.6,16.73
30.81,18.46
30.16,15.31
28.39,14.41
30.09,18.32
28.37,20.68
30.42,18.82
31.46,15.74
28.82,15.41
30.15,17.49
30.35,19.71
33.06,19.6
33.29,20.55
32.1,17.36
30.86,19.64
27.0,18.01
23.12,11.93
25.19,13.51
27.7,15.48
21.27,19.85
26.07,14.1
25.95,11.49
27.91,13.83
29.89,19.47
25.72,17.82
30.57,17.97
28.19,15.18
30.06,17.89
29.23,13.3
25.35,12.03
28.88,13.99
23.42,11.37
25.76,13.55
30.16,16.65
34.72,18.78
32.93,18.27
32.97,19.8
33.15,15.98
27.16,13.0
31.04,15.81
32.21,17.12
29.67,14.29
30.68,15.76
30.89,16.71
30.07,17.85
31.03,15.9
31.14,17.28
28.1,8.99
25.63,10.03
29.95,12.93
26.03,9.92
32.22,13.03
32.98,18.81
33.68,17.99
33.56,16.64
33.85,16.94
33.83,16.65
32.34,10.63
22.11,7.8
27.02,8.87
23.31,11.77
18.84,4.67
22.12,5.72
22.5,7.93
26.9,12.7
22.32,0.74
13.38,0.41
20.04,1.58
20.2,2.62
23.27,5.62
10.12,0.85
15.13,0.64
17.3,1.08
22.08,4.7
23.85,9.85
22.17,9.98
16.31,1.89
18.3,2.08
20.67,6.31
15.1,8.92
18.19,10.77
18.13,2.91
20.58,4.78
16.09,9.6
13.51,10.09
10.54,-2.28
8.22,-2.42
11.06,-2.21
12.02,-1.92
15.95,2.35
10.47,-1.93
12.93,-0.99
6.45,-6.27
2.21,-6.29
8.32,-2.34
17.89,3.32
13.35,-8.25
-5.07,-12.43
-0.02,-10.72
5.61,-5.83
6.04,-5.8
8.04,-4.03
8.53,-3.82
5.45,-0.22
6.88,-1.07
9.26,3.71
12.44,4.27
7.1,-1.04
4.08,-0.03
9.89,0.12
14.39,2.03
14.95,5.08
13.42,1.18
3.33,1.12
6.7,2.2
14.14,3.04
9.99,0.31
2.26,-0.27
3.43,-0.28
10.18,-2.2
11.12,-3.02
9.21,-4.11
7.25,-4.67
13.31,-1.14
13.46,-1.13
-1.05,-7.45
3.21,-7.29
7.05,-4.99
8.12,2.04
6.15,-0.38
1.48,-1.11
1.2,-0.33
2.21,-5.21
-0.46,-8.71
4.05,-7.59
7.55,-5.09
11.24,-3.04
12.2,-2.85
15.87,-1.35
15.4,-1.25
18.38,-1.47
17.11,8.84
14.69,7.97
15.94,8.1
16.16,4.66
5.38,1.19
2.38,0.09
9.11,-0.79
10.38,5.42
11.06,3.74
3.57,-2.04
8.51,-2.22
8.39,-2.17
9.08,-1.85
5.36,-1.59
14.15,-1.36
17.26,10.01
18.46,2.22
5.37,1.82
8.18,2.12
11.07,0.84
13.63,1.17
5.15,-5.03
2.71,-4.93
11.07,-7.24
-6.88,-10.02
-3.07,-8.38
0.16,-8.53
4.09,-8.19
9.53,0.08
7.61,1.15
1.46,-0.24
7.09,-2.85
3.59,-2.14
1.98,0.03
2.3,-0.17
3.7,-0.18
3.63,-0.23
5.64,-0.11
17.58,1.06
19.85,5.14
14.0,-0.08
2.69,-0.08
1.0,-2.98
1.09,-3.07
2.28,-4.99
10.37,-3.58
7.95,0.32
5.3,-1.86
2.54,-0.92
3.02,-11.76
-4.19,-12.85
7.27,-9.66
10.4,-1.1
12.27,0.19
10.82,-3.84
6.74,-3.87
1.49,-10.12
3.31,-9.96
9.65,-6.74
13.49,1.57
7.06,4.44
8.3,2.85
3.52,-3.99
1.98,-3.87
3.05,-7.37
3.46,-6.39
16.73,-2.47
12.56,8.31
14.44,0.14
16.46,-0.3
15.24,-0.01
2.49,-4.91
10.13,-4.86
18.1,-0.56
17.52,8.31
13.59,5.97
11.38,3.3
16.65,4.18
11.38,2.09
6.16,1.03
6.99,1.03
8.35,3.21
11.64,3.12
16.23,4.98
20.26,12.13
22.16,0.23
3.28,-1.33
6.43,-1.17
12.34,2.93
12.11,3.15
17.02,3.92
21.36,7.0
25.61,12.48
26.79,16.25
18.55,7.42
16.38,5.07
8.23,4.03
11.89,-0.05
16.18,2.2
20.86,5.96
22.55,7.88
16.29,7.87
21.28,9.63
25.89,13.29
27.15,7.12
13.06,0.01
11.01,0.89
16.97,5.06
16.38,9.49
9.04,0.84
8.32,-2.61
11.25,-3.58
10.18,-0.25
11.47,0.94
12.24,1.14
13.71,2.51
18.81,5.13
14.92,-0.2
21.4,3.67
12.66,9.99
18.98,7.66
18.83,6.88
14.95,1.82
19.01,5.89
23.81,13.14
18.28,6.99
9.98,5.32
20.03,6.27
27.24,12.98
23.05,6.05
21.84,7.86
8.66,4.11
15.11,2.68
19.18,7.63
12.17,-2.26
13.15,0.9
18.15,2.89
10.76,1.67
15.86,6.06
13.46,8.8
27.65,14.01
23.4,16.68
26.73,17.73
25.8,16.15
19.11,14.09
18.34,11.23
14.48,11.08
18.38,12.22
25.02,14.0
27.57,16.97
29.83,17.12
30.17,17.17
29.15,18.96
25.2,18.22
27.52,17.09
23.75,13.0
22.49,10.82
22.01,7.72
24.98,12.59
30.68,18.56
31.31,20.74
28.35,17.37
29.98,18.2
32.68,15.55
28.88,15.88
30.45,18.97
28.91,23.1
31.12,14.33
26.89,12.29
29.0,12.26
26.83,13.15
23.14,11.08
24.89,13.54
26.64,13.89
27.84,14.08
28.01,16.59
31.03,17.55
31.91,17.97
29.1,19.58
29.78,19.89
25.98,15.96
26.92,13.98
28.71,16.89
30.68,21.62
26.05,19.89
27.03,21.07
30.18,20.06
28.59,20.03
31.78,19.83
31.93,18.62
32.15,19.69
33.29,19.87
33.29,20.13
32.27,20.0
32.94,20.85
32.89,20.76
32.52,21.04
28.82,18.18
30.99,17.11
28.0,16.51
27.73,15.83
30.36,16.86
31.39,20.78
27.98,17.31
30.35,20.45
32.35,22.13
32.67,21.54
32.0,21.59
32.17,20.18
28.98,20.94
28.63,18.86
30.25,17.25
31.09,19.5
32.95,21.19
31.42,20.81
30.11,17.85
31.17,20.56
23.24,19.89
25.33,19.8
27.92,17.0
26.25,16.9
27.13,16.75
24.92,11.8
24.15,13.78
25.98,14.58
26.34,12.76
28.16,15.57
30.75,17.71
28.36,18.88
28.4,19.55
27.7,20.5
29.9,20.86
26.37,18.74
29.8,17.89
27.47,15.55
29.55,16.85
25.02,13.69
25.15,12.59
26.27,15.06
27.64,16.75
26.41,17.09
28.75,17.96
30.15,19.06
31.72,19.65
30.87,20.85
28.26,21.97
28.04,20.7
28.94,13.64
25.95,16.45
26.14,17.86
27.41,20.74
27.53,20.88
28.4,16.64
25.95,10.44
26.47,12.45
27.21,15.13
29.14,16.84
30.06,16.03
30.26,16.87
30.58,18.17
22.49,16.98
28.38,17.2
27.09,14.17
25.98,11.06
22.22,8.92
25.99,9.75
26.42,11.06
20.04,6.02
20.13,4.87
22.35,6.48
23.16,6.72
23.28,8.03
22.2,9.96
24.11,10.93
26.01,12.01
24.81,13.17
26.16,13.82
19.79,6.04
17.35,6.83
24.15,4.79
20.01,1.93
16.49,3.12
18.37,6.11
17.73,-0.21
17.34,0.92
22.34,4.05
28.38,6.49
25.46,7.28
27.25,9.81
22.56,16.54
25.19,16.59
24.37,4.73
21.0,4.7
25.27,5.89
16.63,-0.18
14.23,-0.7
17.1,0.3
15.9,8.99
13.78,8.19
16.39,9.28
21.97,11.82
27.17,12.68
25.51,6.77
12.3,5.67
10.5,5.82
9.45,6.91
10.75,6.92
12.24,8.77
11.76,4.75
9.17,-0.58
14.85,0.79
11.18,-3.13
9.9,-2.29
17.52,0.31
21.36,5.17
18.67,3.33
21.1,3.23
23.17,3.5
26.78,9.7
26.14,11.02
25.3,12.03
12.64,0.04
12.98,0.06
14.02,-1.35
17.21,0.85
13.47,1.85
13.11,1.59
6.25,-2.23
9.92,-2.08
18.26,5.93
17.31,9.05
10.94,7.03
11.31,0.93
8.71,2.53
11.02,4.07
15.08,7.28
10.38,7.16
13.01,-0.64
9.32,-2.19
11.34,-2.24
2.98,-1.42
0.43,-6.21
6.25,-5.47
6.83,-3.34
6.4,-2.71
7.23,-3.46
4.04,-2.87
0.98,-1.43
2.11,-1.1
13.21,-1.17
16.15,-0.56
17.49,4.99
16.93,3.94
6.04,2.23
2.28,-6.25
2.68,-5.34
1.34,-1.16
0.12,-5.2
3.34,-5.32
5.31,-0.02
7.01,0.2
9.14,0.24
7.27,-0.26
13.36,-0.33
-1.0,-10.3
-7.32,-11.34
3.27,-9.41
11.48,-0.68
3.23,-2.32
6.0,-2.66
11.87,-1.43
0.28,-2.02
10.88,0.28
3.55,1.28
2.42,-2.65
7.54,-1.99
1.47,-0.01
2.45,-1.51
3.48,-0.82
0.26,-1.96
0.0,-6.62
0.19,-7.18
-1.0,-4.29
2.41,-4.14
7.64,-2.2
8.83,-0.15
6.29,-1.15
1.31,-1.05
1.23,-1.25
2.27,-1.44
7.19,-2.2
2.76,-2.37
10.22,-1.47
3.23,-9.23
1.99,-9.22
1.37,-1.1
4.23,-0.01
7.47,-0.14
1.03,-9.29
-0.47,-11.1
1.23,-10.99
3.47,-3.39
6.31,-2.05
-0.94,-5.52
0.58,-6.17
2.51,-4.53
3.73,-2.7
3.43,-4.52
2.62,-9.94
-4.53,-11.05
2.32,-8.32
0.01,-5.18
-3.75,-7.04
-2.44,-7.08
-1.11,-6.18
-2.03,-8.07
-2.96,-8.38
-6.1,-11.2
-6.52,-16.27
-3.52,-14.54
-0.86,-10.18
-1.34,-14.26
0.29,-10.92
8.1,-7.18
3.85,1.04
12.71,0.25
17.25,-1.92
8.45,-1.37
8.05,0.01
12.72,6.4
16.58,2.18
7.71,-4.37
7.29,-4.34
17.07,-2.83
11.49,-3.57
8.33,-3.78
8.75,-3.47
11.13,-2.7
18.26,-1.2
19.75,0.33
21.12,8.16
17.95,7.72
15.99,4.95
12.51,-0.1
10.23,1.04
5.51,1.11
15.3,3.06
17.11,5.82
17.55,-0.02
11.11,-1.42
16.18,-1.34
19.24,2.29
19.54,4.21
19.5,9.15
22.41,6.97
17.67,7.66
13.99,4.14
23.08,6.77
10.91,-1.42
15.11,-0.03
23.12,5.95
11.08,-1.36
4.22,-5.31
8.49,-3.39
17.2,0.62
22.97,5.57
24.12,6.62
25.04,9.03
26.88,12.92
20.47,10.97
26.23,11.87
17.58,9.08
10.85,7.4
20.04,7.85
18.5,9.51
15.84,2.98
13.2,-0.03
16.38,2.26
12.74,1.12
17.1,3.12
19.24,2.31
18.44,-0.51
7.33,-0.66
12.23,-0.26
16.02,3.1
11.39,6.92
17.22,3.07
23.47,7.54
27.13,16.76
26.58,17.03
20.19,9.78
22.01,1.77
22.14,5.45
24.68,13.66
23.08,15.78
22.52,9.04
16.47,2.95
17.95,4.8
17.31,2.12
15.81,5.69
18.19,2.14
16.82,4.8
16.75,4.89
17.1,3.02
19.04,3.9
21.01,4.84
22.19,10.53
20.91,12.73
22.16,13.94
25.91,15.52
27.01,15.76
28.29,14.88
28.28,13.03
29.74,14.84
29.94,15.93
30.81,15.89
30.83,18.04
25.86,17.16
27.18,17.93
22.25,8.02
13.19,4.23
19.01,6.98
23.6,10.75
23.2,14.79
18.28,16.15
22.43,13.29
29.53,14.76
29.74,16.8
27.69,19.65
27.63,19.97
25.33,20.82
25.1,20.81
27.61,20.68
30.55,18.97
33.29,19.81
31.61,15.0
31.62,13.72
27.46,12.98
26.97,12.92
29.66,16.5
32.45,18.66
28.15,17.37
30.85,21.75
28.03,12.79
21.92,10.52
24.98,13.97
28.58,17.98
27.88,21.75
30.38,20.96
31.75,20.77
32.78,20.88
34.5,21.6
29.59,20.92
24.73,15.87
24.81,13.09
25.93,15.05
29.86,18.88
31.54,19.96
31.77,19.04
30.65,20.85
27.6,17.12
24.98,16.64
27.02,17.91
26.7,20.1
27.39,21.05
27.1,18.29
28.91,19.92
30.82,20.95
28.36,20.16
27.1,19.72
26.99,16.99
28.02,17.09
28.84,17.05
27.23,16.73
27.74,15.83
28.88,16.83
30.52,18.71
30.91,21.1
31.84,17.06
30.93,17.18
30.81,19.76
30.94,20.05
27.88,17.04
22.57,14.74
27.06,11.7
26.08,13.79
27.18,13.27
27.41,15.03
29.15,16.02
28.44,17.34
30.02,18.13
31.01,20.45
25.92,21.75
32.12,22.27
32.25,23.21
33.2,20.97
31.05,20.78
28.03,18.96
24.17,18.22
27.14,19.83
29.45,18.51
30.34,20.2
29.61,18.33
30.75,18.4
30.94,18.42
32.0,18.62
32.94,20.12
33.09,21.14
31.22,19.34
33.14,20.7
32.87,19.97
32.41,21.03
32.17,21.1
25.6,20.06
24.92,18.37
26.33,12.64
25.99,13.07
26.03,14.75
26.79,17.8
25.95,11.75
28.13,13.38
28.31,16.36
26.99,11.51
25.49,11.22
25.97,12.14
27.18,15.07
28.6,17.42
29.87,18.13
30.13,18.73
25.21,15.23
28.04,16.66
30.7,17.72
31.57,18.06
29.19,18.57
22.41,18.23
23.57,13.47
15.32,8.65
19.65,6.8
22.98,8.11
21.22,7.05
23.96,8.29
28.23,13.66
28.75,14.75
29.13,15.27
26.89,12.56
25.64,12.34
25.25,14.51
22.45,16.42
22.67,14.77
25.0,15.44
24.0,16.47
24.36,15.81
25.27,14.47
27.13,14.49
27.92,17.6
26.73,17.91
22.23,11.68
24.26,12.13
27.29,18.58
22.86,9.81
16.43,4.42
19.43,4.25
20.9,4.92
21.28,5.63
22.22,6.91
21.72,9.04
12.73,6.65
16.02,6.97
23.66,12.49
16.9,8.4
14.3,1.64
15.07,1.74
12.18,8.05
15.54,10.09
12.94,9.2
17.08,2.31
12.42,2.18
9.45,-2.42
9.35,-2.3
10.41,-2.28
12.03,-2.21
14.27,-1.33
17.21,-0.39
20.5,2.0
17.49,2.57
21.01,7.35
17.24,3.14
10.35,1.18
4.23,0.24
5.35,-2.43
5.2,-2.11
16.44,0.01
19.28,4.2
8.27,-3.99
5.36,-4.67
12.26,-0.68
7.5,-1.17
4.31,-6.41
5.39,-6.46
12.56,-0.46
8.37,-3.93
1.41,-4.05
9.93,-0.12
7.68,-5.4
6.61,-6.14
13.09,-0.36
11.63,3.26
18.52,1.4
17.51,2.5
13.12,0.85
16.73,2.78
6.77,-5.26
-1.14,-4.63
5.42,-4.65
14.56,-1.2
18.52,10.06
16.64,-2.27
8.62,-2.65
11.66,-1.54
13.86,-0.53
17.75,11.38
16.3,-0.06
10.13,0.0
12.51,-1.31
1.49,-5.24
6.32,-5.27
6.8,-4.41
2.59,-4.85
11.39,-3.65
17.33,9.74
20.96,8.06
15.4,7.06
21.01,5.95
12.95,4.34
10.11,6.06
9.32,6.06
17.53,8.87
14.21,3.55
2.24,-5.5
1.1,-7.06
6.22,-6.5
6.88,-8.48
-6.83,-12.56
-7.17,-13.03
6.16,-11.33
6.72,-8.33
0.31,-10.74
1.39,-10.44
10.34,-1.26
8.34,-1.68
1.89,-2.46
0.47,-6.02
0.41,-6.27
-2.23,-4.28
5.96,-4.75
10.08,-6.45
-3.49,-8.32
-2.99,-13.86
0.42,-13.73
2.67,-8.63
5.25,-6.48
-1.67,-14.84
-4.16,-15.4
2.11,-9.81
-0.91,-17.46
-3.09,-17.33
5.43,-7.44
5.27,-3.64
15.6,-0.18
8.19,-0.5
-0.03,-6.25
-4.59,-10.53
-4.23,-11.56
3.51,-9.44
2.67,-8.51
8.02,-7.44
10.86,-1.1
7.34,-1.67
13.43,-1.39
-1.01,-7.29
-1.03,-8.64
0.56,-8.48
12.66,-5.89
16.73,7.96
12.91,-4.25
1.43,-5.14
0.58,-5.67
14.62,-3.67
17.66,4.19
16.25,-1.38
-0.89,-2.12
2.54,-1.3
0.07,-3.3
2.74,-5.25
9.4,-5.19
11.36,-3.41
18.76,1.96
20.52,2.15
9.09,-0.68
13.57,-0.62
23.38,7.89
20.55,12.74
15.42,0.27
4.66,0.23
9.58,-1.2
11.83,-0.58
8.42,-8.15
-2.18,-8.35
11.21,-3.49
17.62,2.49
20.01,2.47
21.81,2.66
22.25,5.09
17.48,8.2
8.56,2.07
17.29,1.94
21.28,2.96
19.98,9.28
19.67,6.23
11.65,4.1
7.3,2.76
5.5,-2.38
6.38,-6.0
6.52,-4.97
9.75,0.19
26.36,8.14
7.84,1.03
6.53,-2.52
11.64,-0.45
15.78,1.96
15.26,5.13
13.19,6.35
13.34,5.81
11.28,1.9
8.26,1.06
6.55,-1.51
17.54,0.21
16.81,10.45
22.02,11.74
21.05,4.13
16.18,4.07
20.71,8.02
17.46,1.25
10.33,1.9
6.54,0.96
11.36,1.39
19.27,6.29
17.76,6.55
26.14,11.56
28.46,16.55
27.48,18.03
20.24,2.64
14.99,1.9
18.39,4.7
19.02,7.24
22.23,11.91
26.0,13.28
23.24,6.17
22.32,10.17
25.99,10.22
15.29,10.29
17.36,12.18
22.24,10.15
16.14,7.48
21.19,10.5
25.95,12.85
28.31,17.05
30.01,11.96
29.33,15.33
28.49,15.52
29.38,13.83
29.87,13.11
25.04,10.16
27.89,13.53
23.26,14.89
27.32,16.0
30.27,20.86
29.63,17.84
20.08,11.01
17.44,9.47
23.14,12.12
28.87,18.16
22.17,14.24
20.04,11.27
22.87,12.07
27.27,15.14
30.79,18.04
30.88,17.94
31.49,19.02
24.04,12.28
26.75,11.6
28.03,12.74
28.13,15.73
27.63,18.07
27.13,16.24
29.31,13.95
25.48,14.51
21.99,14.26
25.96,15.05
29.76,19.23
33.79,23.9
34.52,22.88
34.34,23.64
33.62,23.91
29.37,15.63
25.93,11.32
26.03,11.82
30.74,13.48
33.62,18.35
34.61,16.04
29.88,14.73
30.81,15.67
30.97,17.87
29.45,14.18
26.14,11.84
25.24,9.79
29.04,14.44
32.75,20.04
32.77,21.0
30.24,19.65
29.97,17.07
32.14,21.59
35.6,23.71
35.14,22.12
27.13,21.16
25.17,20.16
25.06,16.04
29.19,16.94
30.21,19.89
30.19,16.78
29.86,17.97
28.68,15.83
28.56,19.83
31.22,21.14
24.28,21.06
28.29,19.55
30.3,21.52
32.58,20.04
31.05,18.87
32.41,20.64
30.84,22.67
31.95,22.02
27.25,20.06
25.96,18.59
28.38,20.97
30.18,21.05
26.53,14.9
26.49,17.11
25.98,18.27
29.26,19.93
27.62,18.92
32.24,21.56
29.09,21.65
28.01,21.85
30.18,20.1
31.23,20.95
31.37,21.89
30.12,21.22
27.24,16.3
28.38,15.28
25.23,13.17
27.11,16.33
26.34,18.17
26.27,15.25
27.22,15.24
27.2,15.08
28.37,15.08
29.39,16.91
28.72,18.22
26.39,17.23
25.85,15.22
27.43,13.56
28.48,14.31
29.29,16.33
29.38,17.93
29.96,19.42
32.33,20.93
31.84,20.11
28.43,13.34
27.35,13.32
29.25,15.14
30.05,18.11
26.48,18.48
26.92,19.3
27.93,20.01
25.63,16.07
26.38,13.15
26.04,13.3
29.09,16.04
28.14,18.17
26.05,14.01
22.18,12.22
21.36,12.96
26.36,13.07
27.55,12.95
28.25,13.29
28.33,14.42
28.52,15.36
28.29,15.93
31.14,16.34
34.21,16.49
21.57,6.27
20.06,7.47
25.13,12.23
24.04,10.21
20.93,5.62
19.89,3.35
15.74,4.35
19.99,5.33
21.33,6.28
23.05,6.48
21.88,6.95
21.52,3.13
21.93,3.14
24.08,4.4
24.03,7.94
16.4,0.09
14.88,0.36
17.87,0.96
22.32,5.48
23.37,6.97
24.83,6.32
18.04,1.66
19.85,2.06
17.48,2.84
21.82,4.9
10.08,1.04
6.28,0.08
12.09,-1.55
14.76,-1.03
21.98,5.11
24.9,10.67
24.98,9.44
25.07,9.89
23.29,7.34
11.37,0.68
14.89,1.81
19.74,4.43
20.46,5.44
16.17,10.52
17.43,12.2
19.83,7.71
17.31,6.28
22.43,6.12
24.19,11.07
22.05,7.69
22.02,5.85
19.87,6.65
17.29,5.37
23.34,4.99
22.11,6.86
16.98,0.0
0.11,-1.39
3.07,-1.42
6.83,-1.46
5.79,1.29
3.17,-1.45
0.02,-3.41
1.33,-7.54
2.13,-7.57
1.35,-7.48
8.56,-5.91
13.37,-4.29
15.13,-3.08
17.32,-1.12
12.37,-3.21
12.41,-3.32
12.36,5.17
7.51,4.89
15.51,1.17
3.37,-6.16
4.75,-6.34
13.47,1.83
12.33,-6.09
5.34,-6.24
7.47,-3.37
11.68,6.62
10.43,5.89
7.4,5.53
9.44,5.11
8.27,4.84
8.08,1.5
7.31,-0.27
8.26,-0.23
12.33,5.1
7.27,1.07
4.99,-0.3
0.54,-3.59
1.24,-6.8
0.64,-6.71
7.37,-5.35
6.9,-5.71
7.02,-22.06
-16.19,-22.22
-8.4,-16.36
-6.27,-13.48
-2.38,-8.47
-0.03,-4.36
9.06,-3.24
13.74,8.38
16.94,9.72
