20170101
7.66,-2.25
12.34,5.83
12.88,-3.81
-1.71,-7.24
-5.75,-14.51
-9.81,-16.29
-8.54,-16.85
-5.65,-15.52
4.46,-6.62
12.56,-1.62
18.07,-0.35
18.6,-1.45
1.38,-1.07
2.57,0.25
3.49,0.22
14.9,3.58
15.27,2.88
4.77,1.49
10.36,2.29
14.73,7.4
18.26,5.73
15.84,6.42
8.49,3.74
7.0,1.63
14.81,1.59
2.46,-1.26
1.74,-4.11
1.45,-3.86
-0.24,-6.83
6.76,-7.46
7.9,2.97
6.06,-2.35
2.06,-5.46
-0.5,-11.81
4.67,-11.82
10.9,-2.55
15.86,-1.65
15.9,2.66
5.3,-4.46
-2.63,-9.46
12.1,-4.71
18.54,9.01
15.51,-2.86
9.42,-2.97
11.59,1.5
7.1,-2.37
8.81,-0.29
19.69,3.39
17.67,5.32
15.94,1.75
19.68,3.39
18.24,8.63
19.99,11.61
20.76,13.11
24.75,2.64
2.04,-6.5
8.51,-5.75
10.34,4.26
17.99,8.19
15.51,0.92
7.19,-1.95
3.92,-2.98
9.86,-1.51
19.45,-0.44
17.08,9.37
13.68,4.99
16.14,2.23
21.37,0.56
6.45,-3.98
2.77,-6.34
3.64,-5.72
3.17,-4.61
0.35,-7.07
1.59,-8.1
6.25,-6.69
8.74,1.04
6.04,-0.23
10.4,1.04
16.6,4.28
16.82,-0.81
6.55,-1.88
15.36,-1.22
23.95,12.79
25.03,13.52
18.66,6.83
20.25,8.04
15.45,8.67
16.54,8.13
25.01,11.09
12.85,4.5
10.65,2.48
18.84,4.51
21.02,11.93
19.64,8.22
22.91,4.9
8.73,1.44
13.46,-0.49
18.63,2.48
25.54,9.89
26.08,14.9
19.4,5.38
20.75,6.5
26.23,8.5
28.25,12.27
28.3,16.65
27.08,12.41
21.47,9.05
25.54,11.8
27.78,16.65
27.64,9.66
15.92,7.32
13.25,5.21
19.84,6.24
24.28,8.87
24.69,12.25
28.84,15.28
18.11,7.29
20.49,9.42
26.58,15.05
25.32,13.04
17.01,7.6
18.65,4.39
12.94,6.97
13.5,7.25
10.88,4.42
16.77,3.31
17.32,0.9
18.55,4.85
19.36,10.84
28.82,13.39
20.19,11.58
19.36,7.14
23.67,10.59
27.67,13.37
28.36,14.11
29.58,17.13
28.71,20.6
28.78,18.36
28.07,15.16
27.02,14.78
25.27,8.72
22.22,9.59
23.67,13.44
18.09,13.22
17.93,10.46
26.35,14.21
28.38,16.76
23.96,14.86
27.84,13.6
26.51,12.43
26.81,10.28
26.52,10.33
28.84,12.08
30.73,14.55
30.84,18.8
30.05,14.63
25.21,11.89
20.28,10.23
24.4,10.96
28.31,14.28
29.53,16.6
31.08,18.64
32.69,21.24
29.74,19.15
30.01,19.08
27.74,18.3
30.7,18.64
30.83,20.74
27.85,16.47
27.1,14.92
28.97,17.3
31.68,20.09
27.87,21.03
24.62,16.37
25.51,11.53
25.25,11.21
23.64,10.38
23.57,10.81
27.17,15.88
30.74,20.58
28.86,19.4
28.7,16.73
29.75,16.83
30.57,18.66
29.98,19.08
29.16,20.44
25.96,18.6
30.79,16.8
27.54,13.79
28.71,17.25
29.37,21.73
26.49,19.82
31.94,21.84
30.06,21.83
29.08,15.0
27.9,15.81
29.75,17.34
30.45,19.23
31.36,18.1
30.92,19.67
32.19,21.99
33.04,22.76
32.97,21.24
29.27,19.36
29.02,16.19
27.32,15.75
29.74,17.89
28.5,22.07
28.02,15.35
25.81,13.02
28.31,15.23
29.67,17.42
28.73,17.76
29.0,17.05
29.77,18.92
23.78,10.93
25.09,13.16
22.17,16.86
25.0,13.98
26.53,11.25
27.39,13.27
28.9,15.46
27.44,16.47
26.91,13.36
27.85,15.6
27.79,17.17
30.48,18.31
31.64,20.41
30.66,20.2
29.15,18.33
31.05,18.36
31.86,19.1
31.85,20.74
28.16,14.78
26.21,11.35
25.81,11.79
25.25,11.03
25.7,11.84
27.48,13.89
26.47,16.29
25.81,14.72
27.52,15.56
27.23,15.06
15.98,12.53
21.02,12.43
27.45,13.44
30.48,15.94
22.73,8.78
19.8,7.99
20.89,8.13
24.91,9.72
23.18,8.54
22.96,8.58
22.56,9.48
20.93,14.35
18.33,15.87
22.6,12.75
27.45,13.13
28.96,15.25
30.03,16.93
27.81,19.36
26.82,17.81
30.38,18.35
32.43,19.13
32.43,17.66
32.26,16.77
32.52,15.2
31.77,15.46
32.04,17.16
29.19,12.1
23.09,8.04
25.15,7.63
23.23,5.96
23.7,6.89
26.57,10.77
28.84,14.03
26.4,17.21
22.86,17.11
26.85,17.58
28.41,13.56
20.01,14.47
22.15,15.18
22.08,15.98
19.08,13.99
17.84,12.45
23.16,11.72
28.36,14.52
23.05,7.34
17.12,3.31
19.97,3.49
21.11,4.79
24.05,7.19
25.24,7.63
24.03,9.91
25.6,13.45
17.4,7.89
11.1,5.21
11.18,-0.06
17.02,0.13
14.04,2.02
4.41,1.53
4.06,-1.02
7.59,-0.17
7.64,-0.03
15.23,2.26
19.95,12.5
15.96,6.44
18.92,8.65
23.38,9.21
12.19,6.55
9.3,4.35
11.55,-0.67
13.43,-1.98
2.75,-4.32
6.51,-3.72
8.66,1.91
7.14,1.03
11.51,0.41
9.89,0.72
4.16,-0.55
15.48,1.02
18.2,2.27
3.64,-3.87
9.8,-3.53
13.48,-3.03
4.89,-4.9
8.19,-2.87
14.06,-1.55
15.11,-2.39
12.28,-2.7
17.5,0.47
17.7,4.32
14.96,2.9
12.35,-2.68
12.07,-2.8
13.04,-2.05
14.85,-1.63
18.21,3.21
9.25,-2.46
7.14,-2.49
-0.27,-8.48
0.03,-9.12
-0.6,-6.81
2.96,-6.8
8.49,-4.79
-0.21,-8.23
7.42,-6.13
-0.51,-6.88
1.03,-5.04
10.6,-0.76
7.23,2.57
7.77,4.97
9.52,1.43
8.95,-2.36
12.76,-2.11
12.22,2.71
3.24,-1.26
1.21,-6.42
-2.34,-8.31
-5.93,-16.61
-9.27,-17.04
-5.58,-12.9
-3.91,-7.62
-6.3,-15.31
-9.39,-18.87
-12.35,-21.7
-7.86,-21.7
-3.92,-17.27
-7.36,-18.15
-8.51,-20.12
-6.76,-20.11
2.81,-10.36
3.09,-0.06
5.08,-0.51
14.64,4.02
14.56,-1.34
-0.5,-10.07
-4.93,-15.9
-5.61,-16.08
-2.26,-15.89
-11.82,-17.58
-5.55,-14.06
0.58,-12.35
4.32,-6.98
9.04,0.09
12.43,6.11
13.35,2.55
3.56,-0.88
-0.35,-5.97
8.13,-5.45
14.38,-0.31
9.86,-2.5
11.46,-3.34
1.44,-5.0
0.87,-5.81
11.52,-1.05
6.26,-11.02
-4.17,-11.74
4.4,-6.6
3.27,-10.45
-2.39,-10.68
-0.18,-4.05
-0.28,-8.65
0.26,-8.16
10.3,-1.34
4.97,-0.79
1.42,-6.47
4.18,-6.92
6.89,-5.02
14.96,5.34
19.82,8.43
7.37,-1.74
2.41,-1.37
12.3,-1.11
23.02,12.46
25.32,11.35
11.17,3.48
10.74,3.87
16.11,7.55
14.99,6.8
9.3,-1.05
13.09,-1.28
16.49,0.05
13.34,9.21
14.19,-0.1
9.3,-3.19
10.25,-2.52
10.8,-1.41
8.79,-0.24
13.85,-0.53
4.03,-2.41
-0.11,-4.82
6.74,-4.09
10.54,-1.22
6.8,-2.05
5.26,-4.26
4.83,-5.23
5.29,-4.79
14.32,-3.16
8.21,-2.77
6.48,-2.06
14.64,-0.62
16.95,-0.22
2.21,-2.07
4.26,-4.59
8.15,-4.02
10.52,-2.01
1.71,-2.42
8.06,-2.16
14.72,3.14
13.12,9.9
14.13,10.23
14.59,5.04
9.37,0.0
15.54,1.3
9.3,-0.72
9.41,-0.48
23.01,1.23
2.81,-3.59
10.62,-2.14
14.77,-2.19
6.0,-4.72
6.22,-2.15
5.7,-1.54
6.99,-1.85
18.25,0.23
26.59,13.35
27.0,15.65
20.46,11.43
12.4,0.76
2.17,-0.5
10.1,0.57
21.91,1.65
12.98,-0.62
16.29,1.41
17.68,5.43
19.33,8.6
14.59,9.78
13.52,10.7
19.2,4.25
20.14,4.32
21.48,6.05
14.12,0.07
16.95,0.79
23.12,4.72
27.55,13.73
28.82,18.44
25.59,17.31
26.44,13.03
19.75,11.63
27.19,9.66
22.88,7.59
25.73,9.63
28.33,15.25
28.36,14.56
30.12,17.61
29.26,16.59
31.15,18.04
32.24,20.11
31.23,18.5
25.32,16.11
28.11,17.14
23.36,17.97
25.4,17.02
30.28,17.79
29.55,18.39
29.32,14.52
27.22,13.62
28.17,13.51
30.46,17.68
29.92,18.3
32.46,18.51
33.11,20.0
30.97,21.69
26.98,20.39
29.14,19.54
29.2,17.88
30.09,19.44
26.9,12.44
24.71,11.87
28.61,13.27
25.97,14.55
30.77,18.03
31.78,17.71
32.42,17.59
25.3,18.1
25.68,18.53
27.15,19.75
28.86,13.62
28.55,14.64
30.86,17.96
33.45,20.78
33.82,21.68
33.16,22.53
32.76,20.83
30.44,21.42
26.1,18.69
24.99,18.21
24.47,17.51
27.81,19.49
23.74,19.58
24.78,19.29
28.47,18.21
30.18,19.39
31.94,19.9
32.55,22.32
32.55,22.42
31.83,21.75
31.03,21.83
33.81,22.51
33.42,21.32
27.95,13.24
27.32,14.01
30.86,17.24
32.38,19.54
32.67,20.38
29.47,15.5
29.2,15.61
31.6,17.23
32.83,20.42
29.39,21.25
30.07,19.55
30.47,14.64
29.72,15.27
29.75,17.62
27.72,18.3
24.52,19.03
26.45,16.48
25.54,16.43
28.08,17.03
29.87,16.82
29.28,16.23
26.48,14.06
26.9,14.93
26.99,17.6
24.15,18.58
24.01,17.44
26.47,15.97
28.62,16.62
29.85,19.33
31.54,19.83
32.16,20.21
31.86,20.27
29.73,20.53
29.41,17.96
29.18,18.91
30.09,19.71
29.41,16.69
29.54,16.75
29.14,16.69
30.17,19.11
25.31,19.82
26.67,20.49
27.21,19.96
28.44,18.46
29.61,19.08
28.38,19.76
26.99,17.46
24.8,11.59
26.11,12.41
24.34,14.03
27.7,20.26
32.08,21.83
31.97,21.65
32.42,21.74
30.78,19.11
28.24,17.2
30.55,18.25
29.11,19.75
31.76,20.92
32.96,21.08
33.44,20.79
32.82,20.99
31.09,20.55
26.83,18.19
18.79,14.6
16.02,13.28
19.18,12.73
22.65,13.4
23.21,15.3
29.58,16.42
30.88,17.45
31.06,19.29
29.86,20.18
29.67,18.63
32.4,18.8
32.35,19.58
32.9,20.58
30.74,14.76
16.75,12.75
24.46,13.11
21.39,16.74
25.27,19.06
21.61,11.18
16.29,7.49
22.9,8.23
22.12,9.57
27.1,11.95
29.31,14.84
29.84,19.28
30.59,19.7
26.35,17.45
30.65,18.39
31.19,18.08
31.48,18.61
31.18,19.79
30.44,19.34
24.57,11.83
16.07,2.33
12.07,2.77
12.21,3.78
12.97,7.27
12.23,1.48
12.07,1.55
16.11,-0.26
14.33,-0.24
13.69,1.27
17.01,-1.65
11.79,-1.34
19.14,1.81
17.06,1.03
14.07,1.45
14.21,3.55
9.08,6.19
11.7,3.98
18.26,3.41
16.45,2.52
20.76,5.26
18.31,8.35
10.41,5.02
8.04,0.66
13.35,0.55
16.22,7.14
15.75,9.08
15.41,3.42
12.41,-1.24
6.23,-0.43
6.64,-6.27
2.5,-6.95
6.57,-5.7
6.87,-0.34
2.11,-5.97
0.44,-5.99
1.21,-1.35
3.77,-0.9
7.28,0.93
10.44,0.87
5.25,1.93
3.49,-2.59
8.08,-3.4
9.86,-2.85
11.23,-1.25
12.99,0.65
14.63,0.51
2.27,-5.28
-3.76,-7.08
0.68,-7.56
5.66,-0.75
10.51,4.71
14.26,7.26
17.3,3.74
4.49,0.35
1.29,-2.09
-0.38,-3.63
4.81,-6.59
3.01,-7.25
-2.41,-6.32
4.18,-8.15
0.51,-9.4
7.28,-7.64
10.43,0.4
9.43,3.13
10.57,5.52
8.24,3.15
9.51,-0.72
9.16,-3.57
7.38,-3.88
11.96,-1.92
8.56,5.05
6.26,-0.47
4.28,-1.67
2.64,-3.09
6.7,-3.12
7.84,-4.27
9.02,-3.9
13.32,4.09
13.96,-0.14
2.01,-2.81
6.32,-3.0
16.75,4.39
5.52,3.0
4.77,0.22
4.41,-1.69
10.42,-0.62
11.98,-0.72
11.58,-0.6
14.27,6.87
16.18,-2.02
-1.25,-6.33
-1.84,-6.67
0.87,-6.6
0.83,-2.07
0.16,-3.59
-0.18,-9.26
0.78,-5.73
1.77,0.08
4.26,0.75
2.18,0.11
2.93,-10.64
-7.77,-18.15
-7.32,-17.97
6.89,-8.66
10.33,-4.37
-0.54,-12.14
-3.39,-12.37
1.96,-3.88
-0.82,-6.76
8.77,-9.68
-6.07,-17.39
-15.59,-21.24
-7.84,-20.03
0.37,-8.04
9.17,-3.12
18.14,2.4
13.59,2.95
11.24,3.38
14.35,9.05
16.84,-6.91
-2.78,-10.25
-0.67,-10.06
2.1,-4.22
8.91,1.46
11.23,-3.88
3.23,-3.81
13.16,1.06
1.91,-4.28
2.43,-5.13
0.19,-2.43
0.26,-5.79
2.01,-5.95
8.15,-1.23
7.62,-1.63
5.92,0.54
14.87,3.79
7.59,-5.48
4.45,-5.66
10.18,-3.16
14.21,-1.79
1.61,-1.11
4.21,-1.01
5.13,-0.22
0.13,-10.54
-6.43,-13.5
-4.19,-12.87
-0.93,-10.94
2.33,-4.59
3.14,-0.68
15.19,1.32
9.38,0.15
10.88,-2.99
10.77,-2.78
21.38,6.08
21.78,6.44
7.05,-1.03
8.7,-3.28
11.39,-3.53
9.2,-3.58
10.57,-2.56
13.16,1.17
7.89,1.93
10.49,-3.41
13.79,-2.62
14.88,5.14
8.91,-2.44
9.27,-2.78
15.41,-1.51
21.95,4.86
16.14,10.98
15.13,-1.9
3.1,-4.82
8.16,-3.54
14.92,-0.41
16.45,3.11
20.98,8.6
15.54,8.88
20.49,9.34
20.82,12.14
22.93,10.02
21.17,5.77
20.78,7.55
27.14,9.77
19.37,4.94
19.14,6.07
21.82,1.95
12.27,2.09
24.77,6.9
24.41,12.81
23.01,6.18
8.28,2.97
6.66,2.38
20.47,4.35
24.9,9.74
24.53,9.46
19.44,10.05
20.02,9.01
17.87,5.07
16.43,5.49
12.54,5.45
24.91,7.81
25.43,12.52
26.67,14.14
22.83,15.38
21.69,14.18
15.65,9.89
21.66,7.72
24.86,9.34
25.97,11.4
28.23,13.29
23.55,11.72
14.28,6.36
18.33,7.08
10.89,7.97
13.64,4.77
20.25,6.81
21.32,8.9
25.49,12.34
29.18,15.94
30.33,18.77
23.86,13.72
21.24,8.87
19.59,9.77
25.17,17.07
29.1,18.08
31.07,18.25
30.23,19.98
29.4,16.53
28.5,18.85
30.13,21.87
26.37,17.44
24.69,16.49
25.81,14.22
27.37,16.3
25.87,8.32
24.13,11.09
26.72,15.62
29.52,17.74
28.44,18.53
25.92,18.77
24.0,19.04
25.62,19.45
23.18,9.32
24.27,10.63
24.82,13.22
19.51,7.75
23.98,11.7
23.99,17.06
26.21,18.49
26.6,18.8
26.67,18.81
27.58,19.45
22.75,15.44
25.64,16.41
24.31,16.32
28.45,18.4
24.76,16.72
28.36,17.38
31.31,19.24
30.83,18.83
31.74,19.7
32.26,21.02
32.56,18.92
31.72,20.28
32.74,20.63
30.35,19.8
31.27,20.55
32.42,21.52
30.59,21.05
31.24,19.97
29.59,17.79
31.72,19.18
33.06,21.31
31.12,17.13
29.39,14.45
31.78,16.97
32.26,20.34
31.33,21.86
30.38,21.98
30.64,21.23
32.9,23.11
32.85,22.63
33.3,22.78
32.8,21.65
25.34,14.63
26.34,13.4
26.24,13.04
27.54,14.36
29.1,15.57
30.33,17.91
30.8,18.88
30.74,19.55
29.46,17.91
28.38,16.04
29.91,17.46
29.63,15.87
29.98,15.0
30.86,16.15
31.72,17.53
30.19,18.35
29.59,17.35
30.98,18.17
30.03,14.68
28.89,14.19
30.02,17.3
28.27,20.59
29.88,19.05
31.14,16.45
28.89,15.76
30.15,17.78
29.81,19.85
33.03,19.56
33.18,20.35
31.7,19.03
29.69,19.7
25.98,18.63
23.97,12.45
25.44,13.16
27.46,15.19
21.68,19.93
26.23,14.86
25.83,11.83
27.94,14.06
29.25,18.79
24.0,17.23
29.2,17.67
27.95,15.45
29.62,17.33
28.36,13.6
25.29,12.36
27.55,13.86
23.94,12.26
25.07,14.7
29.94,16.01
34.08,18.4
32.49,19.11
32.68,19.72
32.85,15.68
27.55,13.29
30.26,15.79
31.84,17.09
28.81,14.91
30.26,15.08
30.6,15.6
30.44,18.01
30.94,16.26
30.88,18.03
27.59,9.45
26.01,10.13
29.32,13.29
25.73,9.43
32.17,12.43
32.1,18.17
32.66,17.98
33.85,17.48
33.53,18.08
33.36,17.81
31.51,11.18
21.82,8.36
26.6,9.13
22.11,12.52
20.11,5.79
22.82,6.19
24.25,7.55
26.87,11.68
22.2,1.49
13.68,0.67
20.46,1.71
20.04,2.75
23.65,4.71
10.45,1.93
15.43,1.05
17.74,1.49
22.16,4.11
24.17,10.05
21.53,10.33
16.3,2.8
18.8,3.17
19.2,7.33
14.76,9.14
18.16,10.13
18.32,3.75
20.01,4.41
16.1,9.13
13.0,9.98
10.6,-2.43
8.45,-2.87
10.78,-2.39
12.02,-1.54
15.53,2.67
10.96,-1.45
12.51,-0.68
5.86,-6.72
2.36,-6.98
8.5,-2.84
17.53,3.88
12.18,-9.53
-5.09,-13.2
-0.43,-11.98
5.89,-5.57
6.54,-5.45
7.76,-4.36
8.79,-3.75
5.49,-0.81
7.92,-1.15
8.47,3.2
12.28,4.43
7.16,-1.7
3.7,-0.5
9.73,0.17
14.42,2.0
14.55,4.99
13.3,1.51
3.36,1.34
5.9,2.37
13.5,2.96
9.21,0.9
2.6,-0.8
3.85,-0.75
10.05,-2.74
10.83,-3.1
9.48,-5.0
7.22,-4.95
13.14,-1.39
13.51,-2.3
-1.79,-8.09
2.59,-7.5
6.41,-5.25
7.97,0.8
6.35,-1.24
1.62,-1.51
0.88,-1.38
2.08,-6.15
-1.09,-10.78
3.77,-9.4
7.46,-6.33
11.52,-4.12
12.53,-3.88
14.59,-2.59
15.74,-2.25
18.44,-0.95
17.57,7.59
14.57,5.8
15.63,6.26
16.28,5.15
5.39,1.23
2.67,-0.02
8.98,-0.32
10.47,5.61
10.53,3.63
3.74,-2.13
8.8,-2.47
8.47,-2.74
8.86,-2.43
3.94,-3.3
13.93,-2.64
17.11,9.39
18.22,2.17
5.38,1.06
7.61,1.2
9.44,-0.67
12.63,0.35
4.4,-5.31
2.28,-4.92
10.44,-8.43
-7.76,-10.3
-2.87,-8.95
-0.05,-9.33
3.65,-8.72
8.34,-0.13
7.69,1.28
1.69,-0.52
6.74,-3.36
2.87,-2.77
1.55,-0.04
1.93,-0.09
3.68,-0.07
3.31,-0.13
5.53,-0.09
17.72,1.12
19.75,3.75
14.0,-0.08
2.73,-0.5
0.48,-2.99
1.24,-3.16
1.96,-4.82
9.66,-3.51
6.58,0.04
5.17,-1.87
2.42,-1.32
2.7,-12.58
-4.54,-13.15
7.0,-9.66
9.9,-2.27
11.65,-0.47
10.06,-3.86
6.24,-4.24
0.81,-9.89
3.24,-9.55
9.61,-6.67
13.17,0.62
6.77,4.26
7.19,1.55
2.77,-3.91
1.85,-4.41
2.27,-7.3
3.65,-7.05
16.85,-3.24
12.04,8.53
14.39,0.29
15.92,-1.36
15.42,-0.75
2.57,-4.45
10.27,-4.56
18.21,-0.32
17.86,8.82
13.35,5.39
10.62,3.72
16.51,4.24
11.01,1.66
5.7,0.94
7.18,0.99
9.12,3.32
12.07,2.99
15.27,4.55
19.73,11.41
21.48,0.22
3.18,-1.81
5.72,-1.53
10.9,2.22
11.61,2.88
17.08,3.46
20.18,6.47
22.97,12.47
25.51,15.9
18.27,7.89
16.32,4.76
7.88,4.14
11.54,0.34
16.37,2.23
20.56,6.41
21.15,7.37
14.11,6.88
21.04,8.28
26.24,13.9
27.27,7.22
12.6,0.36
10.73,0.8
16.86,5.33
16.99,9.09
9.48,0.61
8.63,-3.08
10.52,-4.03
10.02,-0.59
10.68,1.05
12.7,1.6
14.61,3.05
18.65,4.76
13.92,-0.05
21.85,3.34
13.12,9.73
19.45,7.55
19.56,6.65
15.87,1.87
19.32,5.29
24.46,13.94
18.14,7.01
9.52,6.13
19.93,6.87
27.83,12.96
22.04,6.38
20.62,7.46
9.35,4.39
15.4,2.87
19.52,6.95
12.34,-2.15
12.96,0.53
17.85,3.18
10.01,1.62
15.88,4.28
14.38,8.0
27.19,13.63
23.45,15.73
26.43,17.11
25.6,15.89
19.86,14.2
18.32,11.7
14.25,11.38
17.73,12.8
24.85,14.28
27.88,16.93
30.08,17.49
30.75,17.84
30.12,19.05
25.98,18.84
27.2,17.57
24.49,12.81
22.93,10.64
21.99,7.45
24.86,12.31
30.9,18.33
31.36,20.05
29.1,18.16
30.59,18.35
32.45,15.95
29.03,15.75
30.66,18.65
28.91,22.38
31.33,15.03
27.03,12.79
29.21,12.65
25.65,12.78
23.97,10.83
25.12,12.8
27.44,13.75
28.38,14.31
28.68,16.1
31.37,17.17
32.42,18.06
29.2,18.96
29.59,19.54
25.99,15.87
26.83,14.2
28.74,16.85
30.8,21.07
25.43,19.86
27.21,20.83
30.27,20.19
29.54,19.98
31.63,19.58
31.58,18.41
32.29,19.59
33.5,19.9
33.63,20.49
32.51,20.25
32.67,20.74
32.74,20.52
33.25,21.21
29.8,18.7
31.15,17.43
28.03,15.83
28.38,15.54
30.43,16.59
31.56,19.92
26.87,17.74
30.91,19.35
32.61,22.38
33.29,20.83
31.49,20.7
31.98,20.33
28.73,20.84
29.59,18.32
30.09,17.43
30.69,18.43
32.89,21.45
31.8,20.1
29.92,17.49
30.99,19.8
22.77,19.4
26.06,19.43
27.07,17.37
26.62,17.51
27.09,16.81
24.72,12.16
23.93,13.22
25.57,14.17
26.65,13.27
28.42,15.72
30.82,18.36
29.35,19.23
28.69,19.39
28.65,19.77
29.88,19.93
27.32,18.76
30.13,18.7
28.25,16.09
29.37,17.1
23.78,13.56
25.38,12.63
26.61,13.89
27.61,16.5
27.81,18.09
28.75,18.66
30.84,19.83
32.05,20.01
31.09,21.3
27.95,22.35
28.46,20.63
29.07,13.58
26.17,15.46
26.71,17.54
27.66,19.75
27.44,19.93
28.9,15.2
25.94,9.37
27.13,11.27
26.81,15.79
29.62,17.08
30.69,16.38
30.94,16.68
29.59,18.15
23.23,17.2
28.74,17.59
27.53,13.94
25.91,11.09
23.16,8.66
25.95,9.12
27.41,10.53
19.85,5.88
20.61,4.56
23.06,5.45
23.87,6.36
24.41,8.22
22.97,10.04
24.86,10.59
26.2,11.6
24.89,13.62
26.4,14.05
18.58,6.39
18.07,6.56
24.02,5.24
19.75,2.67
17.01,3.92
18.55,7.03
16.5,0.48
17.58,1.61
22.98,5.09
29.01,6.75
25.88,7.35
27.88,8.98
23.81,15.74
25.78,16.06
24.73,4.67
20.82,4.67
25.51,6.37
16.79,0.0
14.45,-1.34
16.95,0.68
16.11,9.17
11.89,7.75
16.73,8.49
20.0,12.2
27.24,13.1
25.3,6.52
12.4,5.78
11.06,6.34
9.41,7.0
10.72,7.13
11.84,8.48
10.45,4.17
10.02,-1.03
14.62,0.25
10.65,-2.9
9.78,-2.4
18.57,0.46
22.19,5.02
19.78,3.89
21.56,3.51
23.39,3.88
26.71,8.8
26.14,10.49
25.44,11.43
12.76,0.03
12.88,-0.17
13.1,-2.15
16.89,-0.37
13.69,1.83
13.24,1.01
6.27,-2.16
9.93,-1.7
18.48,5.34
17.66,8.54
9.77,6.38
8.98,1.56
9.32,1.56
10.38,4.26
14.54,7.84
10.52,7.37
12.55,-0.15
9.75,-2.54
12.04,-2.18
2.65,-2.01
0.94,-5.98
6.72,-5.86
6.82,-3.84
7.36,-2.63
6.78,-4.34
3.28,-3.93
0.96,-1.8
2.62,-0.95
13.44,-1.87
16.09,-1.79
17.81,3.84
16.22,3.6
5.62,1.91
2.18,-6.34
1.56,-6.06
1.02,-1.7
0.25,-5.52
3.67,-5.52
5.33,0.05
6.66,0.14
9.03,0.37
7.52,-0.91
13.27,-1.7
-1.77,-11.12
-7.69,-11.73
3.51,-9.85
11.69,-2.19
2.25,-3.59
5.17,-4.3
10.9,-2.47
0.14,-2.66
9.55,0.31
3.48,1.17
2.45,-1.85
7.64,-1.79
1.78,-0.3
2.83,-0.39
3.66,-0.63
0.4,-1.95
0.56,-7.3
0.31,-6.96
-1.62,-4.59
3.17,-4.0
8.28,-2.09
9.01,-0.36
6.05,-1.52
1.54,-1.33
1.38,-1.59
2.02,-2.2
6.66,-2.82
3.0,-2.71
10.53,-2.14
2.62,-10.0
1.82,-9.89
1.01,-1.62
2.98,-0.63
6.97,-0.77
0.39,-8.3
-0.56,-10.63
1.45,-10.35
3.14,-3.74
4.76,-2.69
-1.06,-6.36
0.97,-6.72
2.55,-5.88
3.71,-4.29
2.76,-6.65
1.49,-11.78
-5.5,-12.64
0.85,-8.81
-1.39,-6.27
-4.68,-7.59
-3.48,-7.62
-1.49,-6.59
-2.3,-9.51
-3.75,-10.16
-6.91,-11.76
-6.51,-17.29
-4.27,-16.27
-1.56,-11.44
-2.38,-14.79
0.63,-11.35
7.91,-8.81
4.8,0.9
12.62,-0.06
16.64,-2.62
8.34,-2.53
7.96,-0.67
13.47,6.24
16.52,2.03
8.09,-4.75
7.3,-4.73
17.23,-2.26
11.68,-4.25
8.74,-4.74
9.05,-4.17
11.02,-3.72
18.66,-1.33
19.29,1.23
20.95,8.85
18.34,6.8
15.91,4.53
12.57,-0.45
11.01,0.85
4.98,0.98
14.1,3.01
17.02,5.66
15.08,-0.17
10.57,-2.11
16.13,-1.94
19.3,1.19
19.87,4.34
20.13,8.96
22.72,6.71
17.67,7.87
13.77,4.25
23.3,6.03
10.95,-1.73
15.09,-0.25
23.01,5.27
11.26,-1.74
4.56,-5.36
9.42,-4.03
18.18,0.57
23.96,5.39
25.19,7.51
25.89,9.16
27.49,12.45
21.23,10.64
26.93,11.29
18.45,8.92
11.72,8.25
20.45,7.7
19.51,8.78
17.56,3.15
13.41,0.47
16.83,2.45
14.31,1.45
18.04,3.0
20.22,2.74
16.87,-1.39
8.16,-1.35
12.75,-0.09
16.2,3.49
12.12,6.33
17.42,3.12
24.28,6.76
28.12,16.36
26.32,17.31
20.7,9.61
21.51,1.59
22.85,4.83
25.24,13.41
22.39,15.24
20.63,8.97
16.75,3.24
17.34,4.1
17.44,1.89
15.22,4.54
16.19,1.83
16.27,4.61
15.87,3.49
17.17,2.9
19.59,3.95
21.47,5.13
22.47,10.66
21.34,12.7
20.71,13.64
25.46,14.16
27.07,15.06
29.02,14.75
28.82,13.51
29.47,14.72
29.91,15.93
31.07,16.06
31.05,18.33
25.35,16.97
27.42,17.71
21.72,7.81
14.86,4.55
19.37,6.88
23.27,10.08
23.84,14.3
18.65,15.97
22.35,14.2
29.4,14.54
29.13,16.63
27.94,19.26
27.49,20.22
25.27,20.57
25.31,20.75
27.13,20.24
30.51,19.49
32.94,19.94
31.28,14.88
30.94,13.72
27.23,13.2
26.94,13.14
29.47,15.44
32.22,18.42
28.09,18.2
30.49,22.13
27.46,12.43
22.1,10.62
25.06,12.52
27.73,18.79
27.27,22.0
29.67,21.8
31.28,20.82
32.31,21.08
33.73,21.34
28.59,20.25
26.38,14.95
24.27,13.31
25.88,14.73
30.13,18.6
31.31,19.63
31.78,19.51
30.95,20.86
27.3,16.02
23.64,16.03
25.37,17.42
25.83,20.03
28.12,20.76
27.3,18.96
28.95,20.13
30.89,20.41
28.16,20.49
27.07,19.15
27.57,17.12
28.18,17.29
28.86,17.31
27.19,16.34
27.55,16.24
28.97,17.06
30.27,19.25
30.64,20.78
31.62,17.07
31.09,18.09
30.83,19.97
30.89,20.31
27.83,17.51
22.86,13.74
27.01,12.5
25.69,13.29
27.05,13.49
27.64,14.93
29.1,16.37
28.36,18.53
30.0,18.67
30.75,19.44
25.88,21.47
32.03,22.81
32.36,23.72
33.61,21.11
30.24,20.43
28.23,18.57
24.86,18.2
27.58,19.1
28.94,19.35
30.75,20.41
29.97,19.01
30.86,19.05
31.24,18.91
32.51,19.7
32.87,20.1
33.31,21.03
30.37,20.09
33.27,20.13
33.26,20.21
32.82,21.29
32.14,20.97
25.56,20.04
26.05,18.48
26.54,13.21
26.25,13.11
25.98,14.33
25.78,17.51
26.5,12.72
28.71,13.91
28.94,16.85
27.43,12.16
25.16,11.36
26.06,12.27
27.67,15.11
29.69,18.0
30.03,18.48
30.62,19.41
24.92,14.8
27.73,15.62
30.95,16.94
31.89,17.84
30.02,18.97
22.75,18.47
24.1,13.95
15.09,10.02
19.09,6.61
23.15,8.05
21.33,7.12
24.18,8.91
29.02,14.63
28.98,14.53
29.24,13.86
27.17,12.22
26.68,12.24
24.31,14.74
23.67,16.47
22.97,14.54
26.12,15.47
24.83,16.9
24.88,15.8
26.02,14.56
28.34,14.82
28.74,17.82
27.66,17.87
20.63,11.53
25.31,12.28
27.85,18.57
24.58,9.83
16.83,4.69
20.13,4.26
21.82,4.81
21.91,6.14
22.92,7.0
21.38,9.8
12.34,7.4
15.47,7.76
22.69,12.3
16.5,8.26
14.37,1.27
15.1,1.5
12.76,8.56
15.98,10.61
13.14,9.11
17.26,2.42
12.44,2.11
9.69,-2.76
9.97,-2.63
10.86,-2.79
11.94,-2.62
14.56,-1.75
17.86,-0.83
21.26,2.02
17.49,3.23
20.52,5.84
17.05,2.94
10.92,1.52
4.32,0.65
4.91,-2.5
4.93,-2.11
16.26,-0.35
18.94,4.18
8.37,-3.59
5.84,-4.13
11.66,-1.45
7.96,-1.65
4.81,-6.57
5.98,-6.66
12.9,-1.02
9.04,-3.73
1.61,-4.19
9.05,-0.28
8.02,-5.88
7.22,-6.16
12.74,-0.75
11.1,2.66
18.05,1.58
16.81,1.48
12.88,0.09
16.72,1.42
6.31,-5.99
-1.83,-5.71
5.34,-5.49
14.28,-1.58
18.88,9.01
17.14,-2.56
9.33,-2.99
12.13,-2.0
14.41,-1.6
18.05,11.67
16.44,-1.36
7.82,-1.32
11.24,-1.75
2.06,-5.44
6.71,-5.51
7.31,-5.13
2.69,-5.69
11.37,-3.94
17.53,8.71
20.22,6.73
15.26,5.58
20.35,5.27
11.03,4.3
9.21,5.51
9.01,5.37
17.31,8.34
14.02,1.98
1.64,-5.82
1.13,-6.89
6.03,-6.3
6.11,-9.13
-6.89,-12.8
-6.85,-13.17
6.15,-10.89
6.36,-8.55
-0.02,-10.92
1.72,-10.64
9.85,-1.55
8.07,-1.97
1.77,-3.5
0.1,-6.84
1.33,-7.02
-2.04,-4.21
6.12,-4.43
9.51,-6.99
-3.54,-8.57
-2.89,-13.34
0.43,-13.22
2.55,-8.51
4.58,-7.69
-1.65,-15.16
-4.43,-15.67
1.62,-9.98
-1.21,-17.33
-3.03,-17.13
5.07,-7.81
5.32,-7.12
16.01,-0.41
7.49,-1.43
-1.46,-7.31
-4.48,-11.97
-5.02,-12.8
3.32,-10.42
1.69,-10.41
8.22,-8.65
10.91,-1.19
6.17,-2.82
11.78,-2.03
-1.39,-8.21
-2.51,-9.98
0.23,-9.8
11.82,-7.54
16.62,7.77
12.6,-5.36
1.76,-6.11
0.29,-6.8
14.82,-4.43
17.55,3.82
16.54,-2.31
-1.32,-2.97
2.33,-1.89
-0.35,-4.08
3.08,-5.82
9.64,-5.62
11.58,-3.85
19.2,1.74
20.71,1.97
7.91,-1.23
12.86,-1.14
23.92,6.9
21.41,10.9
14.42,0.43
4.75,0.3
9.58,-1.5
11.41,-1.23
7.41,-8.35
-2.19,-8.62
11.36,-3.76
18.07,2.67
19.84,2.54
21.94,2.89
22.64,4.86
17.6,8.19
9.19,2.26
17.55,1.8
21.64,3.59
18.39,9.34
19.91,6.58
11.73,4.66
7.3,2.28
4.67,-2.42
6.12,-6.14
6.52,-5.08
8.77,0.34
26.42,7.89
8.88,1.1
6.74,-3.0
12.66,-1.41
15.5,1.73
16.32,5.14
13.61,6.0
14.04,5.58
11.68,2.07
8.92,1.12
7.25,-1.95
18.02,0.07
18.0,10.44
21.72,11.01
20.57,4.05
16.49,3.87
21.88,7.68
17.32,1.29
11.05,1.62
6.98,0.77
11.61,1.61
19.2,6.59
18.84,7.58
26.11,10.58
29.16,15.7
28.29,17.82
19.77,3.28
14.68,1.86
18.45,3.92
18.65,7.37
22.78,11.64
25.71,13.33
22.82,6.24
22.26,9.61
25.88,10.02
15.41,10.19
16.43,11.9
22.03,9.56
17.5,7.72
21.59,9.59
25.97,12.43
29.21,16.84
30.61,12.22
30.01,14.25
29.38,14.83
29.64,13.62
30.3,12.89
25.36,10.84
27.78,13.07
22.42,14.74
27.7,15.85
30.51,20.12
28.83,16.57
20.07,10.48
18.88,9.87
24.04,11.53
28.65,18.13
22.31,14.01
20.02,11.04
22.8,12.27
27.55,14.81
30.71,17.5
30.99,18.31
30.65,18.96
24.26,12.42
26.89,11.46
28.15,12.62
28.29,15.41
27.22,18.31
27.11,16.0
27.83,14.04
25.16,13.72
22.25,14.38
25.51,15.16
28.98,19.66
33.2,23.37
34.24,23.13
33.69,23.21
33.08,24.06
30.49,15.59
26.1,10.96
26.4,11.95
30.26,13.27
33.38,17.65
34.2,15.87
30.05,14.48
30.74,15.15
30.54,17.42
28.71,14.55
26.5,10.15
26.19,9.98
29.39,13.67
32.76,20.36
32.83,20.78
30.34,19.19
30.76,17.4
32.55,21.3
35.48,23.67
34.14,22.45
27.8,21.79
25.2,20.29
26.69,15.88
29.57,16.67
30.46,19.66
30.42,16.83
30.16,17.71
29.28,15.94
28.84,19.94
31.46,21.26
24.49,20.71
28.52,19.08
30.7,20.85
33.2,20.11
31.35,19.63
32.63,20.59
30.99,22.58
31.78,22.14
26.9,19.92
25.2,19.24
28.49,20.89
30.26,20.53
27.07,14.81
27.49,17.32
26.62,18.73
29.29,19.57
27.9,18.78
32.32,21.09
27.93,20.94
28.41,21.51
30.77,20.75
31.58,21.42
31.79,21.66
28.99,21.33
27.47,15.86
28.65,15.08
25.18,13.01
26.92,15.5
25.77,18.22
26.5,15.45
27.41,15.42
27.51,14.77
28.71,14.76
29.67,16.67
28.95,18.26
26.83,17.54
26.57,15.46
27.59,13.93
28.89,14.57
29.2,16.34
29.39,17.22
29.64,18.32
32.42,20.7
31.57,20.0
28.57,13.76
27.36,13.8
29.49,15.35
29.87,17.98
24.2,18.84
27.02,19.65
27.52,19.98
26.01,15.95
26.44,13.18
26.17,13.54
28.82,15.75
28.65,18.42
25.79,13.71
21.66,12.48
20.99,12.62
26.67,12.98
27.94,12.88
28.17,13.73
28.66,14.0
29.06,16.25
28.09,15.43
30.78,16.25
34.2,16.6
21.41,6.44
19.77,7.66
24.77,12.26
23.22,10.39
20.4,5.27
19.09,4.27
16.44,4.96
19.87,5.56
21.78,6.32
23.22,7.36
21.78,6.47
21.26,3.13
22.31,3.39
24.69,5.19
23.87,7.89
16.15,0.45
14.73,-0.08
18.02,2.18
23.08,4.85
23.84,7.34
23.88,6.32
17.74,1.11
19.6,2.1
17.18,3.07
22.16,4.41
9.51,1.12
6.72,0.14
12.15,-1.92
14.72,-0.31
22.47,5.38
24.94,10.07
25.31,9.22
25.1,10.1
22.92,8.07
12.05,-0.11
14.52,0.91
19.3,2.81
20.84,4.0
16.38,8.9
17.61,12.52
20.05,7.1
17.84,6.21
22.69,6.22
24.27,10.92
21.67,7.86
21.6,5.27
19.14,5.76
16.97,4.19
23.25,4.45
22.47,7.37
16.93,-0.57
0.12,-1.85
3.83,-2.0
6.41,-1.84
5.22,1.4
2.73,-1.91
0.01,-3.11
1.15,-7.82
2.06,-8.51
1.55,-8.34
9.32,-5.38
13.81,-4.48
15.49,-3.57
17.13,-1.88
12.2,-3.56
12.76,-3.29
12.37,5.39
7.7,4.82
15.85,0.87
3.28,-6.5
4.03,-6.98
13.68,1.46
11.2,-6.62
5.61,-6.95
7.96,-4.25
10.76,6.19
10.04,4.9
7.24,4.34
9.09,4.47
7.79,4.26
7.63,2.52
7.29,-0.87
7.63,-0.9
12.55,4.82
6.93,1.09
4.48,-0.94
0.99,-4.54
1.08,-8.06
0.74,-7.93
7.42,-6.15
6.26,-5.79
6.65,-22.26
-16.68,-22.5
-9.07,-16.95
-6.94,-14.43
-3.41,-9.05
-0.33,-4.97
9.7,-3.71
14.31,8.31
15.77,8.41
