20170101
7.66,-2.17
12.3,5.77
12.84,-3.84
-1.74,-7.29
-5.98,-14.64
-9.8,-16.29
-8.58,-16.9
-5.67,-15.46
4.3,-6.6
12.54,-1.72
18.0,-0.29
18.53,-1.41
1.38,-1.16
2.51,0.14
3.47,0.14
14.87,3.44
15.36,2.83
4.76,1.52
10.3,2.25
14.81,7.36
18.14,5.61
15.89,6.31
8.52,3.72
6.93,1.66
14.76,1.57
2.44,-1.3
1.68,-4.08
1.43,-3.87
-0.34,-6.91
6.7,-7.52
7.8,2.91
6.0,-2.44
1.95,-5.51
-0.62,-11.81
4.56,-11.76
10.8,-2.71
15.83,-1.59
15.88,2.57
5.29,-4.57
-2.76,-9.55
12.05,-4.85
18.51,8.96
15.39,-2.87
9.4,-2.97
11.54,1.43
7.0,-2.41
8.7,-0.34
19.64,3.43
17.66,5.37
15.99,1.71
19.57,3.35
18.23,8.67
19.91,11.62
20.7,13.06
24.69,2.57
1.93,-6.53
8.45,-5.75
10.31,4.32
17.92,8.13
15.48,0.8
7.11,-1.93
3.8,-2.95
9.49,-1.65
19.36,-0.35
17.02,9.29
13.6,4.92
15.98,1.98
21.11,0.54
6.23,-4.16
2.63,-6.38
3.52,-5.66
3.01,-4.77
0.24,-7.1
1.47,-8.05
6.18,-6.75
8.65,0.78
5.96,-0.56
10.3,0.75
16.29,4.17
16.69,-1.0
6.41,-2.04
15.26,-1.33
23.95,12.74
24.97,13.47
18.68,6.75
20.15,7.86
15.28,8.41
16.44,7.9
24.91,11.09
12.84,4.52
10.46,2.41
18.72,4.45
20.8,12.02
19.48,8.19
23.02,5.06
8.51,1.45
13.27,-0.56
18.43,2.49
25.42,9.8
26.0,14.94
19.32,5.34
20.57,6.68
26.02,8.43
28.05,12.25
28.08,16.61
26.89,12.52
21.35,9.08
25.36,11.99
27.62,16.65
27.5,9.77
15.92,7.34
13.12,5.21
19.5,6.28
24.11,9.15
24.57,12.23
28.67,15.34
18.09,7.25
20.61,9.44
26.49,15.15
25.37,13.06
17.13,7.64
18.56,4.37
12.94,7.12
13.6,7.24
10.65,4.4
16.58,3.31
17.2,0.72
18.46,5.01
19.16,10.77
28.69,13.34
20.19,11.61
19.21,7.01
23.54,10.55
27.62,13.26
28.28,14.0
29.47,17.31
28.61,20.72
28.66,18.26
28.0,15.2
27.03,14.87
25.14,8.7
22.08,9.54
23.59,13.37
18.16,13.2
17.8,10.43
26.26,14.44
28.26,16.8
23.81,14.88
27.68,13.56
26.37,12.36
26.73,10.28
26.47,10.29
28.74,12.08
30.67,14.45
30.75,18.82
29.83,14.76
25.11,11.8
20.13,10.21
24.31,10.86
28.21,14.28
29.44,16.6
30.99,18.58
32.57,21.25
29.58,19.14
29.83,19.08
27.65,18.27
30.64,18.6
30.78,20.76
27.82,16.5
27.01,14.91
28.86,17.33
31.59,20.17
27.82,21.0
24.63,16.39
25.43,11.48
25.2,11.16
23.53,10.34
23.49,10.77
27.1,16.01
30.68,20.63
28.86,19.42
28.7,16.72
29.72,16.78
30.65,18.72
29.94,19.06
29.2,20.46
25.95,18.56
30.78,16.81
27.48,13.76
28.67,17.37
29.35,21.71
26.48,19.82
31.95,21.9
30.12,21.82
29.1,14.99
27.88,15.82
29.74,17.38
30.46,19.29
31.41,18.08
30.92,19.71
32.18,22.03
32.96,22.76
32.85,21.24
29.29,19.35
29.0,16.17
27.31,15.75
29.73,17.95
28.5,22.08
28.01,15.33
25.84,12.99
28.35,15.23
29.66,17.42
28.68,17.74
29.0,16.98
29.73,19.01
23.88,10.97
25.08,13.43
22.17,16.79
24.88,14.06
26.51,11.24
27.41,13.38
28.9,15.49
27.49,16.76
26.92,13.37
27.88,15.74
27.69,17.25
30.43,18.4
31.64,20.6
30.68,20.43
29.09,18.35
31.0,18.42
31.78,19.23
31.77,20.91
28.2,14.84
26.2,11.28
25.78,11.76
25.19,10.95
25.68,11.87
27.49,13.99
26.35,16.28
25.82,14.61
27.5,15.54
27.16,15.04
15.94,12.55
20.77,12.45
27.34,13.38
30.37,15.95
22.65,8.78
19.69,8.03
20.76,8.15
24.78,9.63
23.06,8.6
22.91,8.61
22.49,9.36
20.89,14.38
18.24,15.85
22.51,12.66
27.33,13.06
28.82,15.23
29.89,16.86
27.75,19.28
26.73,17.73
30.24,18.29
32.32,19.05
32.34,17.65
32.17,16.72
32.48,15.24
31.65,15.41
31.93,17.06
29.12,12.13
23.05,8.08
25.09,7.67
23.05,6.0
23.58,6.93
26.45,10.81
28.71,13.9
26.29,17.19
22.79,17.13
26.72,17.59
28.31,13.67
20.05,14.55
22.19,15.26
22.12,16.03
19.1,14.03
17.86,12.3
23.1,11.74
28.24,14.49
23.0,7.36
17.02,3.27
19.88,3.54
21.0,4.89
23.93,7.15
25.15,7.69
24.01,9.9
25.51,13.33
17.33,7.85
11.0,5.25
11.05,-0.12
16.95,0.16
14.06,2.0
4.37,1.52
4.01,-1.02
7.55,-0.18
7.57,-0.02
15.22,2.27
19.9,12.54
15.96,6.43
18.94,8.61
23.32,9.16
12.14,6.51
9.3,4.3
11.52,-0.69
13.36,-1.99
2.67,-4.32
6.49,-3.7
8.62,1.9
7.1,1.0
11.45,0.42
9.86,0.69
4.08,-0.44
15.42,1.05
18.18,2.29
3.54,-3.86
9.75,-3.52
13.42,-3.0
4.84,-4.86
8.15,-2.87
14.04,-1.57
15.02,-2.45
12.22,-2.73
17.44,0.4
17.68,4.23
14.91,2.87
12.29,-2.69
12.03,-2.8
13.0,-2.06
14.81,-1.64
18.14,3.32
9.08,-2.48
7.05,-2.51
-0.36,-8.48
0.02,-9.12
-0.65,-6.86
2.89,-6.85
8.36,-4.81
-0.32,-8.27
7.32,-6.14
-0.64,-6.94
1.01,-5.1
10.59,-0.78
7.14,2.56
7.75,4.94
9.43,1.37
8.91,-2.35
12.67,-2.09
12.19,2.68
3.2,-1.26
1.12,-6.47
-2.48,-8.39
-6.09,-16.67
-9.41,-17.11
-5.72,-12.95
-4.11,-7.7
-6.47,-15.39
-9.51,-19.0
-12.56,-21.95
-8.13,-21.95
-4.08,-17.36
-7.47,-18.36
-8.7,-20.32
-6.92,-20.21
2.74,-10.44
2.99,-0.13
5.01,-0.59
14.62,3.95
14.42,-1.32
-0.13,-10.17
-5.1,-15.86
-5.68,-16.04
-2.31,-15.99
-11.87,-17.58
-5.61,-14.08
0.54,-12.38
4.21,-7.08
8.93,0.06
12.37,6.08
13.27,2.49
3.57,-0.91
-0.37,-6.06
7.86,-5.53
14.19,-0.29
9.77,-2.49
11.39,-3.29
1.34,-5.0
0.75,-5.79
11.43,-1.03
6.17,-11.11
-4.25,-11.8
4.36,-6.6
3.27,-10.53
-2.44,-10.74
-0.29,-4.13
-0.42,-8.73
0.18,-8.24
10.29,-1.38
4.89,-0.85
1.33,-6.54
4.09,-6.98
6.84,-5.06
14.89,5.34
19.74,8.29
7.23,-1.83
2.37,-1.43
12.23,-1.18
22.91,12.44
25.27,11.28
11.05,3.43
10.74,3.8
16.05,7.52
14.96,6.76
9.24,-1.09
13.04,-1.27
16.43,0.15
13.37,9.3
14.14,-0.13
9.21,-3.22
10.15,-2.57
10.68,-1.42
8.69,-0.32
13.72,-0.58
3.93,-2.51
-0.21,-4.89
6.59,-4.13
10.36,-1.33
6.66,-2.17
5.14,-4.33
4.66,-5.26
5.22,-4.79
14.12,-3.32
8.16,-2.85
6.43,-2.21
14.53,-0.82
16.83,-0.28
2.31,-2.18
4.31,-4.69
8.06,-4.12
10.36,-2.01
1.68,-2.56
8.0,-2.17
14.52,3.07
13.05,9.89
14.03,10.23
14.45,5.04
9.4,-0.03
15.41,1.35
9.22,-0.67
9.4,-0.44
22.91,1.22
2.75,-3.65
10.5,-2.04
14.62,-2.26
5.9,-4.76
6.16,-2.11
5.6,-1.53
6.94,-1.95
18.1,0.35
26.46,13.48
26.83,15.75
20.34,11.66
12.28,0.75
2.09,-0.53
10.02,0.62
21.78,1.69
12.86,-0.64
16.19,1.49
17.58,5.49
19.19,8.68
14.52,9.75
13.45,10.68
19.08,4.2
19.99,4.26
21.28,6.07
13.94,-0.01
16.82,0.74
23.0,4.68
27.4,13.74
28.67,18.46
25.58,17.37
26.33,13.19
19.5,11.55
26.99,9.81
22.76,7.44
25.61,9.54
28.21,15.32
28.24,14.4
29.99,17.54
29.17,16.6
31.0,17.91
32.12,20.16
31.13,18.62
25.22,16.1
27.92,17.18
23.3,18.05
25.33,16.96
30.14,17.78
29.45,18.39
29.2,14.47
27.12,13.44
28.07,13.31
30.33,17.83
29.73,18.38
32.27,18.61
32.87,19.9
30.83,21.61
26.93,20.37
29.03,19.5
29.08,17.87
30.03,19.37
26.84,12.35
24.64,11.72
28.5,13.36
25.9,14.51
30.66,18.0
31.66,17.61
32.31,17.54
25.31,18.09
25.63,18.52
27.1,19.73
28.77,13.75
28.49,14.68
30.81,17.93
33.38,20.69
33.76,21.59
33.08,22.48
32.68,20.83
30.38,21.43
26.07,18.7
24.94,18.25
24.51,17.53
27.84,19.57
23.69,19.6
24.8,19.31
28.4,18.26
30.17,19.34
31.9,19.86
32.54,22.22
32.45,22.41
31.84,21.66
30.86,21.78
33.83,22.47
33.4,21.31
27.97,13.31
27.3,14.12
30.86,17.19
32.3,19.44
32.56,20.41
29.42,15.39
29.17,15.52
31.56,17.19
32.78,20.27
29.2,21.24
29.93,19.73
30.42,14.64
29.69,15.2
29.76,17.61
27.47,18.17
24.47,19.04
26.44,16.59
25.54,16.53
27.99,16.91
29.83,16.82
29.22,16.3
26.43,14.03
26.87,14.88
27.06,17.67
24.3,18.68
24.04,17.47
26.4,16.01
28.55,16.62
29.82,19.33
31.51,19.81
32.12,20.19
31.81,20.26
29.7,20.54
29.36,17.95
29.13,18.89
30.06,19.71
29.36,16.69
29.49,16.74
29.1,16.72
30.1,19.06
25.33,19.82
26.64,20.52
27.14,19.98
28.42,18.45
29.56,19.08
28.34,19.76
26.94,17.45
24.74,11.57
26.05,12.41
24.38,14.03
27.6,20.29
32.02,21.83
31.91,21.67
32.35,21.76
30.73,19.18
28.19,17.21
30.46,18.25
29.01,19.72
31.66,20.9
32.85,21.07
33.33,20.77
32.68,20.99
31.0,20.54
26.75,18.2
18.77,14.59
16.04,13.28
19.1,12.77
22.58,13.47
23.18,15.28
29.47,16.44
30.81,17.47
30.97,19.3
29.75,20.17
29.5,18.6
32.29,18.78
32.23,19.56
32.77,20.57
30.65,14.77
16.75,12.78
24.34,13.14
21.33,16.74
25.21,19.1
21.53,11.18
16.23,7.49
22.82,8.25
22.05,9.58
27.02,12.01
29.19,15.01
29.65,19.31
30.5,19.76
26.38,17.56
30.52,18.38
31.11,18.0
31.39,18.59
31.09,19.79
30.38,19.29
24.61,11.88
16.12,2.32
12.07,2.79
12.16,3.84
13.04,7.26
12.29,1.49
12.07,1.59
16.12,-0.28
14.33,-0.23
13.83,1.25
16.9,-1.59
11.68,-1.29
19.05,1.83
17.01,1.03
13.94,1.49
14.06,3.63
9.13,6.22
11.44,3.97
18.16,3.4
16.34,2.5
20.65,5.2
18.24,8.58
10.53,5.09
7.91,0.56
13.31,0.49
16.16,7.03
15.7,9.37
15.33,3.43
12.32,-1.24
6.21,-0.44
6.59,-6.12
2.45,-6.95
6.62,-5.82
6.88,-0.29
2.12,-5.83
0.42,-5.94
1.2,-1.39
3.71,-0.84
7.19,0.99
10.39,0.94
5.23,2.07
3.39,-2.55
7.89,-3.29
9.57,-2.82
11.13,-1.31
12.89,0.6
14.51,0.52
2.25,-5.05
-3.81,-7.04
0.49,-7.55
5.48,-0.81
10.24,4.63
14.25,7.23
17.23,3.74
4.41,0.33
1.22,-2.13
-0.43,-3.69
4.72,-6.65
2.91,-7.31
-2.47,-6.33
4.07,-8.19
0.45,-9.44
7.21,-7.69
10.34,0.39
9.4,3.06
10.56,5.5
8.17,3.15
9.44,-0.67
8.94,-3.61
7.34,-3.92
11.83,-1.93
8.53,5.02
6.26,-0.5
4.22,-1.66
2.58,-3.09
6.57,-3.15
7.8,-4.31
8.99,-3.92
13.31,4.05
13.99,-0.15
1.97,-2.81
6.23,-2.99
16.71,4.38
5.51,2.94
4.73,0.15
4.34,-1.76
10.4,-0.61
11.91,-0.77
11.48,-0.65
14.22,6.79
16.11,-2.11
-1.38,-6.39
-1.93,-6.74
0.83,-6.36
0.78,-2.15
0.13,-3.65
-0.27,-9.49
0.74,-5.76
1.74,-0.01
4.18,0.69
2.02,0.11
2.84,-10.82
-7.86,-18.29
-7.39,-18.17
6.86,-8.73
10.31,-4.4
-0.61,-12.27
-3.39,-12.5
1.91,-4.06
-0.92,-6.97
8.71,-9.76
-6.15,-17.52
-15.67,-21.47
-7.93,-20.2
0.23,-8.14
9.05,-3.17
18.08,2.43
13.55,2.97
11.24,3.35
14.27,9.12
16.81,-6.95
-2.88,-10.31
-0.72,-10.1
2.04,-4.25
8.81,1.43
11.16,-3.86
3.2,-3.86
13.05,1.05
1.83,-4.37
2.31,-5.15
0.13,-2.46
0.19,-5.96
1.97,-6.07
8.11,-1.23
7.56,-1.56
5.86,0.5
14.86,3.78
7.65,-5.53
4.34,-5.72
10.05,-3.16
14.01,-1.8
1.58,-1.18
4.22,-1.09
5.06,-0.28
0.05,-10.69
-6.62,-13.56
-4.39,-12.93
-1.06,-10.96
2.28,-4.64
3.16,-0.72
15.12,1.22
9.19,0.02
10.74,-3.12
10.76,-2.91
21.34,6.05
21.67,6.45
6.99,-1.01
8.56,-3.38
11.18,-3.65
9.09,-3.72
10.48,-2.64
13.04,0.99
7.89,1.88
10.36,-3.53
13.7,-2.68
14.82,5.14
8.86,-2.51
9.22,-2.88
15.3,-1.53
21.89,4.94
15.97,10.97
15.07,-1.94
2.98,-4.93
7.99,-3.56
14.73,-0.38
16.22,3.24
20.82,8.54
15.38,8.84
20.35,9.37
20.79,12.24
22.76,10.0
20.98,5.54
20.56,7.46
27.0,9.78
19.3,4.88
19.05,6.19
22.14,1.92
12.11,2.07
24.61,6.83
24.19,12.81
23.12,6.24
8.3,2.85
6.52,2.49
20.17,4.5
24.66,9.77
24.42,9.36
19.46,10.0
20.03,9.09
17.69,5.02
16.37,5.64
12.4,5.52
24.84,7.81
25.33,12.55
26.59,14.07
22.84,15.41
21.67,14.27
15.71,10.05
21.47,7.64
24.69,9.31
25.85,11.47
28.05,13.42
23.55,11.86
14.3,6.47
18.38,7.16
10.92,8.06
13.39,4.74
20.12,6.86
21.18,8.71
25.28,12.48
29.06,15.83
30.13,18.94
23.77,13.86
21.25,8.84
19.75,9.78
25.07,17.26
28.97,18.09
30.96,18.12
30.15,19.97
29.31,16.44
28.37,19.0
30.01,21.95
26.19,17.45
24.47,16.51
25.67,14.16
27.24,16.32
25.75,8.28
23.96,11.07
26.6,15.67
29.44,17.68
28.34,18.56
25.75,18.83
23.82,19.09
25.57,19.49
23.07,9.24
24.11,10.66
24.62,13.26
19.33,7.73
23.9,11.88
23.99,17.21
26.09,18.5
26.57,18.77
26.56,18.74
27.53,19.44
22.61,15.56
25.55,16.53
24.25,16.27
28.36,18.41
24.63,16.78
28.26,17.43
31.22,19.27
30.73,18.84
31.62,19.71
32.17,21.05
32.43,18.93
31.71,20.36
32.66,20.61
30.21,19.91
31.19,20.63
32.33,21.5
30.5,20.97
31.15,19.97
29.51,17.82
31.6,19.25
32.94,21.36
31.1,17.19
29.3,14.29
31.7,16.93
32.18,20.32
31.39,21.89
30.47,22.02
30.49,21.14
32.76,23.09
32.77,22.58
33.23,22.73
32.71,21.61
25.37,14.66
26.14,13.38
26.08,13.01
27.41,14.37
29.0,15.62
30.28,17.91
30.72,18.86
30.75,19.51
29.41,17.9
28.32,16.09
29.91,17.56
29.53,15.85
29.88,14.94
30.72,16.13
31.61,17.5
30.19,18.33
29.52,17.28
30.91,18.2
29.92,14.61
28.72,14.09
29.94,17.33
28.19,20.57
29.84,19.0
31.0,16.36
28.85,15.69
30.11,17.77
29.89,19.89
33.03,19.61
33.11,20.44
31.64,19.03
29.62,19.68
25.97,18.6
23.83,12.45
25.4,13.2
27.4,15.3
21.66,19.93
26.12,14.85
25.74,11.73
27.83,14.16
29.22,18.84
23.97,17.22
29.17,17.67
27.83,15.41
29.53,17.44
28.27,13.58
25.18,12.23
27.49,13.91
23.85,12.16
25.03,14.63
29.81,16.0
33.97,18.46
32.4,18.99
32.61,19.67
32.83,15.71
27.4,13.19
30.27,15.85
31.8,17.11
28.74,14.86
30.2,15.04
30.5,15.63
30.27,17.96
30.85,16.12
30.82,18.14
27.53,9.31
25.97,10.19
29.29,13.22
25.66,9.43
32.09,12.68
32.17,18.34
32.68,18.02
33.81,17.53
33.45,18.03
33.33,17.76
31.57,11.31
21.79,8.4
26.5,9.31
22.27,12.52
19.92,5.69
22.68,6.18
24.13,7.83
26.75,11.79
22.32,1.5
13.66,0.58
20.37,1.62
19.93,2.75
23.57,4.8
10.37,1.84
15.34,0.98
17.7,1.61
22.13,4.15
24.12,10.15
21.58,10.51
16.24,2.8
18.73,3.27
19.31,7.4
14.8,9.23
18.12,10.23
18.27,3.73
20.14,4.48
16.12,9.12
13.1,10.22
10.59,-2.41
8.42,-2.85
10.74,-2.4
11.92,-1.53
15.47,2.7
10.86,-1.62
12.5,-0.71
5.77,-6.74
2.33,-7.01
8.42,-2.87
17.45,3.95
12.19,-9.32
-5.18,-13.33
-0.44,-11.91
5.74,-5.57
6.47,-5.4
7.68,-4.45
8.83,-3.77
5.44,-0.88
8.0,-1.2
8.46,3.12
12.26,4.41
7.11,-1.7
3.73,-0.4
9.62,0.19
14.33,1.89
14.48,4.72
13.21,1.47
3.31,1.34
5.79,2.28
13.45,2.95
9.19,0.9
2.63,-0.8
3.74,-0.76
9.98,-2.85
10.66,-3.23
9.41,-5.07
7.2,-4.93
13.03,-1.46
13.47,-2.22
-1.88,-8.17
2.38,-7.5
6.28,-5.33
7.98,0.84
6.32,-1.22
1.63,-1.47
0.81,-1.3
1.93,-6.14
-1.21,-10.87
3.71,-9.4
7.41,-6.45
11.5,-4.17
12.38,-3.86
14.43,-2.64
15.62,-2.31
18.37,-1.04
17.53,7.53
14.6,5.86
15.53,6.26
16.23,5.18
5.32,1.23
2.63,0.07
8.95,-0.27
10.42,5.59
10.53,3.63
3.68,-2.17
8.78,-2.48
8.48,-2.76
8.79,-2.37
3.89,-3.17
13.9,-2.56
17.09,9.39
18.22,2.15
5.37,1.07
7.61,1.2
9.32,-0.63
12.58,0.4
4.31,-5.36
2.16,-4.99
10.39,-8.53
-7.84,-10.37
-2.89,-8.94
-0.07,-9.35
3.64,-8.68
8.28,-0.15
7.65,1.23
1.64,-0.6
6.74,-3.38
2.81,-2.86
1.5,-0.12
1.9,-0.17
3.64,-0.15
3.29,-0.2
5.47,-0.09
17.67,1.16
19.66,3.96
13.94,-0.14
2.68,-0.49
0.44,-3.03
1.2,-3.15
1.89,-4.83
9.58,-3.48
6.68,0.01
5.12,-1.89
2.4,-1.31
2.64,-12.5
-4.67,-13.16
6.93,-9.43
9.86,-2.24
11.57,-0.48
9.99,-3.94
6.15,-4.2
0.7,-9.83
3.21,-9.61
9.58,-6.73
13.14,0.6
6.72,4.19
7.11,1.45
2.71,-3.96
1.77,-4.4
2.18,-7.41
3.51,-7.16
16.63,-3.36
11.98,8.52
14.31,0.07
15.81,-1.41
15.26,-0.73
2.44,-4.5
10.16,-4.45
18.08,-0.27
17.83,8.77
13.3,5.39
10.51,3.8
16.5,4.4
10.89,1.47
5.68,0.86
7.05,0.94
9.01,3.26
11.87,2.88
15.2,4.5
19.7,11.37
21.46,0.22
3.09,-1.88
5.68,-1.52
10.65,2.11
11.54,2.84
17.0,3.4
20.13,6.55
22.64,12.4
25.45,15.87
18.2,7.84
16.22,4.66
7.83,4.15
11.42,0.25
16.15,2.33
20.34,6.32
21.23,7.45
14.0,6.94
20.85,8.29
26.09,13.9
27.04,7.29
12.53,0.36
10.6,0.89
16.73,5.33
16.99,9.4
9.41,0.61
8.53,-3.19
10.46,-4.09
9.97,-0.41
10.69,1.12
12.57,1.72
14.47,3.04
18.46,4.87
13.73,-0.19
21.67,3.4
13.03,9.76
19.25,7.39
19.54,6.63
15.63,1.79
19.1,5.53
24.28,14.0
18.09,7.02
9.47,6.17
19.76,6.94
27.71,12.92
21.95,6.36
20.53,7.38
9.3,4.38
15.19,2.64
19.39,7.06
12.11,-2.24
12.82,0.67
17.68,3.13
9.87,1.48
15.78,4.4
14.38,7.95
27.11,13.74
23.28,15.73
26.25,17.1
25.65,15.93
19.84,14.22
18.13,11.59
14.23,11.27
17.72,12.79
24.7,14.3
27.71,16.86
29.92,17.38
30.65,17.71
29.99,19.01
25.89,18.82
27.05,17.53
24.32,12.84
22.79,10.5
21.91,7.34
24.74,12.31
30.8,18.35
31.25,20.1
29.02,18.17
30.52,18.32
32.34,16.01
28.84,15.73
30.5,18.7
28.91,22.4
31.29,15.05
26.88,12.75
29.06,12.57
25.42,12.84
23.78,10.89
25.0,12.83
27.27,13.72
28.23,14.29
28.49,16.1
31.29,17.16
32.3,17.97
29.35,19.03
29.42,19.59
25.88,15.79
26.72,14.12
28.59,16.85
30.61,21.13
25.45,19.85
27.08,20.88
30.15,20.22
29.43,19.98
31.62,19.53
31.6,18.34
32.28,19.54
33.49,19.83
33.62,20.42
32.46,20.18
32.64,20.69
32.77,20.48
33.21,21.2
29.73,18.63
31.05,17.42
27.97,15.81
28.38,15.5
30.45,16.57
31.58,20.03
27.01,17.71
30.88,19.37
32.57,22.34
33.28,20.82
31.54,20.71
32.02,20.33
28.68,20.83
29.52,18.33
30.09,17.42
30.72,18.44
32.84,21.43
31.74,20.2
29.85,17.44
30.99,19.8
22.78,19.43
26.08,19.52
27.29,17.44
26.54,17.54
27.06,16.8
24.62,12.15
23.83,13.32
25.48,14.23
26.57,13.27
28.32,15.72
30.84,18.31
29.16,19.2
28.57,19.36
28.62,19.81
29.99,19.97
27.14,18.79
30.0,18.66
28.14,15.98
29.25,17.11
23.61,13.6
25.28,12.57
26.55,14.06
27.52,16.61
27.56,18.06
28.63,18.6
30.7,19.79
31.92,19.93
31.04,21.29
27.9,22.39
28.28,20.61
28.94,13.54
26.06,15.57
26.64,17.5
27.71,19.8
27.46,20.06
28.9,15.32
25.87,9.48
27.03,11.47
26.83,15.79
29.52,17.06
30.58,16.39
30.91,16.71
29.63,18.17
23.19,17.07
28.74,17.52
27.44,13.97
25.89,10.99
23.03,8.63
25.89,9.12
27.32,10.54
19.77,5.92
20.55,4.57
22.95,5.48
23.7,6.29
24.37,8.15
22.97,10.08
24.78,10.52
26.17,11.66
24.88,13.61
26.35,14.02
18.67,6.37
17.97,6.57
23.83,5.28
19.66,2.64
16.9,3.95
18.56,6.97
16.82,0.46
17.54,1.64
22.86,5.04
28.94,6.73
25.74,7.37
27.77,9.07
23.68,15.88
25.5,16.2
24.59,4.71
20.77,4.72
25.38,6.4
16.79,0.04
14.33,-1.17
16.91,0.64
15.96,9.26
11.93,7.9
16.75,8.59
20.07,12.17
27.21,13.05
25.26,6.59
12.37,5.76
11.12,6.3
9.43,7.09
10.8,7.18
11.89,8.58
10.47,4.44
9.94,-1.02
14.44,0.28
10.63,-2.91
9.77,-2.34
18.42,0.55
22.08,4.9
19.57,3.73
21.47,3.36
23.32,3.81
26.61,8.48
26.08,10.28
25.48,11.56
12.67,0.09
12.72,-0.1
13.06,-2.29
16.85,-0.43
13.63,1.81
13.07,0.99
6.09,-2.21
9.79,-1.6
18.41,5.27
17.63,8.59
9.69,6.45
9.13,1.6
9.24,1.87
10.22,4.15
14.5,7.7
10.56,7.36
12.45,-0.1
9.67,-2.56
11.99,-2.31
2.63,-1.99
0.75,-6.16
6.51,-5.89
6.69,-3.84
7.29,-2.68
6.73,-4.29
3.25,-3.99
0.77,-1.89
2.47,-1.07
13.29,-2.01
15.95,-1.92
17.71,3.82
16.27,3.63
5.58,1.99
2.18,-6.44
1.51,-6.03
0.99,-1.74
0.19,-5.47
3.69,-5.55
5.25,-0.06
6.63,0.09
8.81,0.34
7.43,-0.88
13.26,-1.59
-1.67,-11.12
-7.64,-11.78
3.39,-9.83
11.57,-2.21
2.14,-3.65
5.16,-4.34
10.91,-2.44
0.15,-2.63
9.62,0.32
3.45,1.2
2.44,-1.67
7.52,-1.59
1.76,-0.26
2.76,-0.33
3.61,-0.65
0.32,-1.93
0.57,-7.52
0.35,-7.24
-1.62,-4.63
2.94,-4.04
8.19,-2.11
8.94,-0.4
6.11,-1.52
1.51,-1.34
1.39,-1.53
1.84,-2.25
6.53,-2.82
2.93,-2.58
10.41,-2.15
2.5,-10.14
1.67,-9.98
0.95,-1.68
2.91,-0.65
6.94,-0.8
0.37,-8.33
-0.75,-10.71
1.3,-10.41
3.03,-3.86
4.74,-2.75
-1.15,-6.44
0.9,-6.82
2.36,-5.99
3.7,-4.26
2.69,-6.72
1.48,-11.78
-5.51,-12.53
1.04,-8.87
-1.42,-6.36
-4.79,-7.64
-3.56,-7.65
-1.34,-6.58
-2.3,-9.23
-3.73,-9.93
-6.84,-11.73
-6.56,-17.3
-4.38,-16.21
-1.54,-11.21
-2.43,-14.78
0.57,-11.3
7.88,-8.95
4.69,0.86
12.43,-0.16
16.66,-2.57
8.26,-2.45
8.06,-0.74
13.64,6.31
16.41,2.06
8.04,-4.77
7.28,-4.71
17.11,-2.29
11.54,-4.38
8.76,-4.7
8.98,-4.16
10.95,-3.64
18.65,-1.28
19.26,1.11
20.94,8.74
18.25,6.92
15.9,4.41
12.43,-0.49
11.19,0.82
4.89,0.94
13.83,3.03
16.99,5.7
14.84,-0.19
10.49,-1.97
16.15,-1.77
19.31,1.63
19.89,4.43
20.28,9.06
22.76,6.76
17.67,7.95
13.68,4.33
23.27,6.28
10.94,-1.66
15.09,-0.09
22.97,5.29
11.13,-1.69
4.23,-5.41
9.24,-4.01
17.97,0.62
23.69,5.35
25.0,7.44
25.69,9.02
27.44,12.47
21.05,10.6
26.9,11.24
18.36,8.9
11.65,8.31
20.3,7.67
19.44,8.74
17.34,3.1
13.11,0.33
16.73,2.42
14.08,1.19
18.02,2.94
20.06,2.75
16.93,-1.35
7.9,-1.43
12.57,-0.24
16.12,3.46
12.05,6.22
17.25,3.15
24.13,6.89
27.99,16.39
26.37,17.32
20.5,9.54
21.42,1.47
22.67,4.82
25.3,13.37
22.37,15.23
20.69,9.01
16.61,3.19
17.29,4.08
17.36,1.83
15.18,4.56
16.29,1.79
16.21,4.63
15.76,3.46
17.11,2.83
19.51,3.86
21.44,5.13
22.39,10.7
21.28,12.71
20.35,13.57
25.48,13.99
27.04,14.92
28.98,14.71
28.78,13.47
29.42,14.62
29.77,15.9
31.05,16.01
30.96,18.3
25.41,16.91
27.4,17.72
21.64,7.84
14.81,4.59
19.05,6.89
23.16,10.09
23.73,14.37
18.61,16.02
22.4,14.09
29.36,14.37
29.05,16.64
27.91,19.27
27.41,20.15
25.34,20.56
25.24,20.71
27.05,20.2
30.43,19.39
32.82,19.82
31.18,14.76
30.84,13.55
27.09,13.1
26.8,12.97
29.35,15.42
32.13,18.43
27.99,18.17
30.43,22.29
27.47,12.41
21.95,10.34
24.93,12.34
27.71,18.77
27.26,21.96
29.6,21.74
31.25,20.68
32.3,20.98
33.71,21.29
28.64,20.26
26.23,15.17
24.07,13.32
25.74,14.81
30.09,18.63
31.23,19.65
31.71,19.48
30.85,20.86
27.14,16.14
23.59,15.96
25.41,17.42
25.95,20.06
28.02,20.78
27.23,18.96
28.85,20.11
30.79,20.47
28.15,20.49
26.98,19.17
27.44,17.05
28.11,17.28
28.71,17.23
27.07,16.14
27.5,16.06
28.85,16.87
30.16,19.2
30.55,20.83
31.53,17.05
30.92,18.05
30.75,19.93
30.82,20.31
27.82,17.53
23.02,13.75
26.97,12.47
25.68,13.27
27.02,13.38
27.59,14.93
29.1,16.34
28.37,18.51
29.9,18.56
30.73,19.47
25.83,21.46
31.83,22.75
32.34,23.7
33.54,21.13
30.26,20.45
28.2,18.54
24.97,18.16
27.48,19.05
28.95,19.3
30.71,20.38
29.92,18.94
30.81,18.98
31.17,18.86
32.41,19.61
32.76,20.09
33.24,21.03
30.2,20.02
33.16,20.1
33.19,20.23
32.79,21.32
32.01,20.98
25.37,20.11
25.86,18.49
26.46,13.19
26.18,13.09
25.92,14.45
25.81,17.48
26.42,12.7
28.58,14.02
28.86,16.88
27.34,12.05
25.0,11.26
25.98,12.22
27.58,15.02
29.62,18.04
29.93,18.54
30.57,19.38
24.89,14.82
27.64,15.72
30.86,16.94
31.83,17.78
30.04,19.03
22.67,18.45
23.91,13.92
15.1,10.0
18.99,6.51
23.06,8.15
21.21,7.05
24.09,9.01
28.92,14.72
28.84,14.45
29.04,13.62
26.97,12.1
26.54,12.09
24.19,14.63
23.48,16.46
22.84,14.51
26.06,15.43
24.73,16.88
24.78,15.76
25.86,14.57
28.13,14.84
28.62,17.76
27.55,17.87
20.64,11.52
25.27,12.31
27.72,18.52
24.46,9.86
16.62,4.65
19.95,4.2
21.69,4.76
21.8,6.11
22.81,6.95
21.25,9.77
12.24,7.44
15.33,7.79
22.49,12.29
16.4,8.27
14.33,1.23
15.03,1.45
12.72,8.56
15.86,10.63
13.04,9.11
17.13,2.35
12.44,2.12
9.58,-2.97
9.9,-2.8
10.72,-2.88
11.86,-2.78
14.44,-1.83
17.75,-0.94
21.13,1.85
17.47,3.01
20.41,5.63
17.17,2.91
10.88,1.4
4.32,0.64
4.81,-2.58
4.93,-2.15
16.17,-0.48
18.97,4.15
8.31,-3.67
5.76,-4.17
11.52,-1.48
7.83,-1.7
4.71,-6.73
5.87,-6.83
12.84,-1.09
8.99,-3.61
1.61,-4.05
8.87,-0.28
7.94,-6.02
7.1,-6.35
12.59,-1.07
11.04,2.64
17.96,1.29
16.61,1.38
12.65,-0.11
16.63,1.3
6.25,-6.19
-1.89,-5.89
5.18,-5.52
14.13,-1.7
18.79,8.89
17.14,-2.53
9.21,-3.14
11.97,-2.08
14.43,-1.87
17.96,11.69
16.35,-1.5
7.87,-1.48
11.31,-1.73
2.06,-5.61
6.6,-5.7
7.25,-5.32
2.57,-5.88
11.31,-4.11
17.5,8.65
20.15,6.58
15.12,5.45
20.31,5.19
10.96,4.28
9.11,5.47
8.99,5.37
17.32,8.39
14.07,1.99
1.56,-5.88
1.0,-6.98
6.0,-6.36
6.16,-9.21
-6.94,-12.73
-7.01,-13.09
6.09,-10.98
6.37,-8.6
-0.21,-11.01
1.64,-10.72
9.72,-1.58
8.05,-1.99
1.65,-3.63
0.0,-6.88
1.1,-7.04
-2.13,-4.16
5.93,-4.32
9.53,-6.94
-3.56,-8.54
-2.99,-13.44
0.38,-13.35
2.46,-8.87
4.41,-7.59
-1.76,-15.28
-4.47,-15.77
1.55,-9.99
-1.32,-17.51
-3.24,-17.39
5.0,-7.92
5.23,-7.22
15.93,-0.5
7.5,-1.42
-1.37,-7.36
-4.6,-12.03
-5.09,-12.81
3.23,-10.38
1.73,-10.63
8.02,-8.79
10.82,-1.12
6.16,-2.91
11.87,-2.01
-1.42,-8.23
-2.56,-10.15
0.08,-9.77
11.68,-7.49
16.61,7.69
12.61,-5.34
1.65,-6.05
0.17,-6.91
14.71,-4.39
17.52,3.79
16.52,-2.33
-1.34,-2.99
2.31,-1.9
-0.36,-4.04
2.91,-5.88
9.52,-5.65
11.44,-3.98
19.09,1.54
20.46,1.82
7.55,-1.39
12.69,-1.25
23.92,6.77
21.23,11.11
14.17,0.38
4.79,0.29
9.42,-1.69
11.26,-1.4
7.3,-8.33
-2.29,-8.59
11.27,-3.79
17.96,2.58
19.77,2.35
21.89,2.77
22.59,4.63
17.63,8.19
9.17,2.21
17.4,1.81
21.57,3.41
18.2,9.24
19.88,6.51
11.8,4.68
7.19,2.05
4.35,-2.4
5.74,-6.36
6.33,-5.18
8.6,0.18
26.38,7.79
9.12,1.05
6.68,-3.03
12.42,-1.31
15.3,1.95
16.18,4.98
13.48,6.04
13.96,5.55
11.59,1.9
8.8,1.11
6.98,-2.02
17.87,0.11
17.85,10.52
21.58,11.03
20.44,4.16
16.36,3.97
21.74,7.68
17.23,1.23
10.97,1.56
6.8,0.78
11.47,1.72
19.07,6.57
18.63,7.4
25.98,10.46
29.01,15.58
28.19,17.93
19.97,3.33
14.6,1.88
18.19,3.96
18.43,7.26
22.68,11.54
25.51,13.3
22.83,6.17
22.2,9.73
25.8,10.04
15.37,10.19
16.46,11.82
22.03,9.51
17.32,7.71
21.49,9.56
25.87,12.34
29.02,16.72
30.45,11.83
29.87,14.11
29.27,14.68
29.5,13.54
30.22,12.83
25.23,10.71
27.62,12.99
22.55,14.76
27.6,15.89
30.45,20.19
28.76,16.68
19.98,10.45
18.73,9.78
23.93,11.45
28.49,18.13
22.25,13.99
19.81,11.09
22.79,12.27
27.47,14.88
30.67,17.37
30.83,18.04
30.63,18.98
24.12,12.38
26.73,11.25
28.01,12.41
28.15,15.37
26.96,18.25
27.0,16.05
27.79,13.97
24.93,13.67
22.23,14.39
25.35,15.18
28.83,19.7
33.11,23.48
34.14,23.0
33.54,23.05
33.0,23.98
30.31,15.42
25.92,10.71
26.26,11.69
30.07,13.2
33.23,17.46
34.05,15.63
29.86,14.22
30.62,14.89
30.45,17.42
28.62,14.38
26.34,10.02
25.96,9.72
29.24,13.45
32.62,20.39
32.6,20.7
30.21,19.15
30.65,17.18
32.42,21.32
35.23,23.49
34.04,22.38
27.75,21.7
25.05,20.26
26.53,15.85
29.46,16.61
30.35,19.72
30.36,16.66
30.0,17.68
29.13,15.76
28.87,19.97
31.35,21.27
24.26,20.77
28.46,18.93
30.6,20.79
33.09,20.01
31.21,19.39
32.49,20.38
30.91,22.51
31.78,22.18
26.89,19.98
25.3,19.29
28.33,20.86
30.18,20.62
26.97,14.68
27.44,17.29
26.49,18.59
29.22,19.62
27.93,18.67
32.26,21.14
27.99,21.01
28.4,21.55
30.6,20.59
31.49,21.34
31.67,21.67
28.97,21.39
27.37,15.84
28.54,15.09
25.13,12.98
26.9,15.52
25.7,18.15
26.46,15.42
27.31,15.38
27.41,14.74
28.57,14.7
29.52,16.65
28.83,18.17
26.73,17.49
26.3,15.46
27.41,13.85
28.74,14.5
29.07,16.41
29.25,17.15
29.54,18.27
32.31,20.66
31.42,20.01
28.38,13.7
27.25,13.75
29.39,15.28
29.74,17.98
24.25,18.85
26.98,19.64
27.52,20.0
25.98,15.95
26.38,13.16
26.09,13.5
28.78,15.86
28.36,18.41
25.89,13.77
21.68,12.48
21.03,12.63
26.57,12.98
27.84,12.86
28.09,13.7
28.53,13.88
28.9,16.22
28.0,15.43
30.59,16.29
34.06,16.67
21.32,6.43
19.81,7.74
24.58,12.32
23.1,10.38
20.27,5.21
18.94,4.13
16.26,4.92
19.79,5.58
21.69,6.32
23.09,7.31
21.61,6.43
21.08,3.04
22.16,3.33
24.58,5.23
23.63,7.81
16.02,0.37
14.65,-0.24
17.83,2.14
22.88,4.79
23.7,7.11
23.93,6.36
17.59,1.0
19.42,2.08
17.06,2.89
22.04,4.46
9.41,1.12
6.51,0.09
12.03,-2.01
14.53,-0.29
22.26,5.46
24.72,10.05
25.15,8.92
24.96,9.93
22.96,8.04
11.92,-0.24
14.48,0.94
19.24,2.77
20.71,3.99
16.39,8.88
17.67,12.54
19.94,6.96
17.71,6.1
22.58,6.08
24.2,10.87
21.82,7.79
21.58,5.11
19.07,5.71
16.82,4.09
23.16,4.35
22.33,7.23
16.76,-0.57
0.11,-1.88
3.7,-1.91
6.36,-1.77
5.26,1.39
2.57,-1.93
-0.09,-3.18
1.1,-7.88
1.95,-8.54
1.4,-8.32
9.17,-5.46
13.69,-4.73
15.38,-3.73
17.22,-2.06
12.1,-3.68
12.67,-3.39
12.32,5.34
7.66,4.81
15.77,0.95
3.25,-6.54
4.0,-7.0
13.64,1.38
11.3,-6.68
5.64,-7.0
8.08,-4.32
10.83,6.16
10.1,4.92
7.2,4.3
9.12,4.39
7.78,4.16
7.6,2.61
7.18,-0.95
7.55,-1.0
12.6,4.75
7.08,1.07
4.52,-0.96
0.87,-4.63
0.92,-8.12
0.66,-8.01
7.41,-6.26
6.19,-5.85
6.69,-22.32
-16.75,-22.6
-9.19,-17.04
-7.09,-14.46
-3.43,-9.12
-0.32,-4.95
9.64,-3.7
14.34,8.25
15.86,8.43
