20180101
20180101
20180101
20180101
20180101
ID,NAME,LAT,LONG,ELEVATION
1,1,39.29954495,-85.61292251,226.5
2,2,39.29892683,-85.56198475,226.5
3,3,39.29828643,-85.51104869,226.5
4,4,39.29762377,-85.46011417,226.5
5,5,39.29693883,-85.40918148,226.5
6,6,39.29623161,-85.35825043,226.5
7,7,39.29550214,-85.30732132,226.5
8,8,39.24732894,-85.61395185,226.5
9,9,39.24671197,-85.56305186,226.5
10,10,39.24607275,-85.51215357,226.5
11,11,39.24541131,-85.46125681,226.5
12,12,39.24472763,-85.41036187,226.5
13,13,39.24402173,-85.35946857,226.5
14,14,39.2432936,-85.30857721,226.5
15,15,39.19511245,-85.61497852,226.5
16,16,39.19449661,-85.5641162,226.5
17,17,39.19385858,-85.51325557,226.5
18,18,39.19319835,-85.46239647,226.5
19,19,39.19251594,-85.41153919,226.5
20,20,39.19181134,-85.36068355,226.5
21,21,39.19108455,-85.30982983,226.5
22,22,39.14289546,-85.61600252,226.5
23,23,39.14228076,-85.56517777,226.5
24,24,39.14164391,-85.51435472,226.5
25,25,39.1409849,-85.46353319,226.5
26,26,39.14030375,-85.41271346,226.5
27,27,39.13960045,-85.36189537,226.5
28,28,39.13887501,-85.31107921,226.5
29,29,39.09067798,-85.61702387,226.5
30,30,39.09006442,-85.5662366,226.5
31,31,39.08942874,-85.51545101,226.5
32,32,39.08877095,-85.46466695,226.5
33,33,39.08809106,-85.41388469,226.5
34,34,39.08738906,-85.36310406,226.5
35,35,39.08666496,-85.31232534,226.5
36,36,39.03846001,-85.61804257,226.5
37,37,39.03784758,-85.56729267,226.5
38,38,39.03721308,-85.51654447,226.5
39,39,39.03655651,-85.46579777,226.5
40,40,39.03587787,-85.41505288,226.5
41,41,39.03517717,-85.3643096,226.5
42,42,39.03445441,-85.31356824,226.5
43,43,38.98624155,-85.61905863,226.5
44,44,38.98563025,-85.56834601,226.5
45,45,38.98499693,-85.51763508,226.5
46,46,38.98434157,-85.46692566,226.5
47,47,38.98366419,-85.41621803,226.5
48,48,38.98296478,-85.36551203,226.5
0.000000
0.00000049,49,38.98224335,-85.31480793,226.5
0.000000,0.000000
0.000000
/n0.000000,,0.0000000.000000,,0.000000
0.000000, 0.000000
0.000000
0.000000
0.000000
0.000000
0.000000
0.000000, 0.000000
