20180101
20180101
20180101
20180101
20180101
20180101
20180101
20180101
20170101
20170101
ID	NAME	LAT	LONG	ElEVATION,
1	1	39.371	-85.898	226.5
2	2	39.371	-85.850	226.5
3	3	39.371	-85.802	226.5
4	4	39.371	-85.753	226.5
5	5	39.371	-85.705	226.5
6	6	39.371	-85.657	226.5
7	7	39.371	-85.608	226.5
8	8	39.371	-85.560	226.5
9	9	39.371	-85.512	226.5
10	10	39.371	-85.463	226.5
11	11	39.371	-85.415	226.5
12	12	39.371	-85.367	226.5
13	13	39.371	-85.319	226.5
14	14	39.371	-85.270	226.5
15	15	39.322	-85.898	226.5
16	16	39.322	-85.850	226.5
17	17	39.322	-85.802	226.5
18	18	39.322	-85.753	226.5
19	19	39.322	-85.705	226.5
20	20	39.322	-85.657	226.5
21	21	39.322	-85.608	226.5
22	22	39.322	-85.560	226.5
23	23	39.322	-85.512	226.5
24	24	39.322	-85.463	226.5
25	25	39.322	-85.415	226.5
26	26	39.322	-85.367	226.5
27	27	39.322	-85.319	226.5
28	28	39.322	-85.270	226.5
29	29	39.274	-85.898	226.5
30	30	39.274	-85.850	226.5
31	31	39.274	-85.802	226.5
32	32	39.274	-85.753	226.5
33	33	39.274	-85.705	226.5
34	34	39.274	-85.657	226.5
35	35	39.274	-85.608	226.5
36	36	39.274	-85.560	226.5
37	37	39.274	-85.512	226.5
38	38	39.274	-85.463	226.5
39	39	39.274	-85.415	226.5
40	40	39.274	-85.367	226.5
41	41	39.274	-85.319	226.5
42	42	39.274	-85.270	226.5
43	43	39.226	-85.898	226.5
44	44	39.226	-85.850	226.5
45	45	39.226	-85.802	226.5
46	46	39.226	-85.753	226.5
47	47	39.226	-85.705	226.5
48	48	39.226	-85.657	226.5
49	49	39.226	-85.608	226.5
50	50	39.226	-85.560	226.5
51	51	39.226	-85.512	226.5
52	52	39.226	-85.463	226.5
53	53	39.226	-85.415	226.5
54	54	39.226	-85.367	226.5
55	55	39.226	-85.319	226.5
56	56	39.226	-85.270	226.5
57	57	39.177	-85.898	226.5
58	58	39.177	-85.850	226.5
59	59	39.177	-85.802	226.5
60	60	39.177	-85.753	226.5
61	61	39.177	-85.705	226.5
62	62	39.177	-85.657	226.5
63	63	39.177	-85.608	226.5
64	64	39.177	-85.560	226.5
65	65	39.177	-85.512	226.5
66	66	39.177	-85.463	226.5
67	67	39.177	-85.415	226.5
68	68	39.177	-85.367	226.5
69	69	39.177	-85.319	226.5
70	70	39.177	-85.270	226.5
71	71	39.129	-85.898	226.5
72	72	39.129	-85.850	226.5
73	73	39.129	-85.802	226.5
74	74	39.129	-85.753	226.5
75	75	39.129	-85.705	226.5
76	76	39.129	-85.657	226.5
77	77	39.129	-85.608	226.5
78	78	39.129	-85.560	226.5
79	79	39.129	-85.512	226.5
80	80	39.129	-85.463	226.5
81	81	39.129	-85.415	226.5
82	82	39.129	-85.367	226.5
83	83	39.129	-85.319	226.5
84	84	39.129	-85.270	226.5
85	85	39.081	-85.898	226.5
86	86	39.081	-85.850	226.5
87	87	39.081	-85.802	226.5
88	88	39.081	-85.753	226.5
89	89	39.081	-85.705	226.5
90	90	39.081	-85.657	226.5
91	91	39.081	-85.608	226.5
92	92	39.081	-85.560	226.5
93	93	39.081	-85.512	226.5
94	94	39.081	-85.463	226.5
95	95	39.081	-85.415	226.5
96	96	39.081	-85.367	226.5
97	97	39.081	-85.319	226.5
98	98	39.081	-85.270	226.5
99	99	39.033	-85.898	226.5
100	100	39.033	-85.850	226.5
101	101	39.033	-85.802	226.5
102	102	39.033	-85.753	226.5
103	103	39.033	-85.705	226.5
104	104	39.033	-85.657	226.5
105	105	39.033	-85.608	226.5
106	106	39.033	-85.560	226.5
107	107	39.033	-85.512	226.5
108	108	39.033	-85.463	226.5
109	109	39.033	-85.415	226.5
110	110	39.033	-85.367	226.5
111	111	39.033	-85.319	226.5
112	112	39.033	-85.270	226.5
113	113	38.984	-85.898	226.5
114	114	38.984	-85.850	226.5
115	115	38.984	-85.802	226.5
116	116	38.984	-85.753	226.5
117	117	38.984	-85.705	226.5
118	118	38.984	-85.657	226.5
119	119	38.984	-85.608	226.5
120	120	38.984	-85.560	226.5
121	121	38.984	-85.512	226.5
122	122	38.984	-85.463	226.5
123	123	38.984	-85.415	226.5
124	124	38.984	-85.367	226.5
125	125	38.984	-85.319	226.5
126	126	38.984	-85.270	226.5
127	127	38.936	-85.898	226.5
128	128	38.936	-85.850	226.5
129	129	38.936	-85.802	226.5
130	130	38.936	-85.753	226.5
131	131	38.936	-85.705	226.5
132	132	38.936	-85.657	226.5
133	133	38.936	-85.608	226.5
134	134	38.936	-85.560	226.5
135	135	38.936	-85.512	226.5
136	136	38.936	-85.463	226.5
137	137	38.936	-85.415	226.5
138	138	38.936	-85.367	226.5
139	139	38.936	-85.319	226.5
140	140	38.936	-85.270	226.5
141	141	38.888	-85.898	226.5
142	142	38.888	-85.850	226.5
143	143	38.888	-85.802	226.5
144	144	38.888	-85.753	226.5
145	145	38.888	-85.705	226.5
146	146	38.888	-85.657	226.5
147	147	38.888	-85.608	226.5
148	148	38.888	-85.560	226.5
149	149	38.888	-85.512	226.5
150	150	38.888	-85.463	226.5
151	151	38.888	-85.415	226.5
152	152	38.888	-85.367	226.5
153	153	38.888	-85.319	226.5
154	154	38.888	-85.270	226.5
155	155	38.839	-85.898	226.5
156	156	38.839	-85.850	226.5
157	157	38.839	-85.802	226.5
158	158	38.839	-85.753	226.5
159	159	38.839	-85.705	226.5
160	160	38.839	-85.657	226.5
161	161	38.839	-85.608	226.5
162	162	38.839	-85.560	226.5
163	163	38.839	-85.512	226.5
164	164	38.839	-85.463	226.5
165	165	38.839	-85.415	226.5
166	166	38.839	-85.367	226.5
167	167	38.839	-85.319	226.5
168	168	38.839	-85.270	226.5
0.000000
0.000000169	169	38.791	-85.898	226.5,0.000000,0.000000
0.000000
/n0.000000,,0.0000000.000000,,0.000000
0.000000,,0.000000
0.000000
0.000000
0.000000
0.000000
0.000000
0.000000,,0.000000
