20180101
20180101
20180101
20180101
20180101
20180101
20180101
20180101
ID,NAME,LAT,LONG,ELEVATION
1,1,39.35468311,-85.88346429,226.5
2,2,39.3541824,-85.83244489,226.5
3,3,39.35365934,-85.78142678,226.5
4,4,39.35311391,-85.73041003,226.5
5,5,39.35254613,-85.67939469,226.5
6,6,39.351956,-85.62838071,226.5
7,7,39.35134352,-85.57736837,226.5
8,8,39.35070868,-85.52635761,226.5
9,9,39.3500515,-85.4753485,226.5
10,10,39.34937197,-85.42434108,226.5
11,11,39.3486701,-85.37333542,226.5
12,12,39.34794589,-85.32233145,226.5
13,13,39.34719934,-85.27132946,226.5
14,14,39.3024622,-85.88429452,226.5
15,15,39.30196242,-85.83331303,226.5
16,16,39.30144032,-85.78233283,226.5
17,17,39.3008959,-85.73135399,226.5
18,18,39.30032917,-85.68037655,226.5
19,19,39.29974013,-85.62940047,226.5
20,20,39.29912878,-85.57842603,226.5
21,21,39.29849511,-85.52745317,226.5
22,22,39.29783914,-85.47648194,226.5
23,23,39.29716087,-85.4255124,226.5
24,24,39.2964603,-85.37454462,226.5
25,25,39.29573742,-85.32357852,226.5
26,26,39.29499225,-85.2726144,226.5
27,27,39.25024081,-85.88512259,226.5
28,28,39.24974195,-85.83417891,226.5
29,29,39.24922082,-85.78323653,226.5
30,30,39.24867741,-85.7322955,226.5
31,31,39.24811172,-85.68135587,226.5
32,32,39.24752377,-85.63041759,226.5
33,33,39.24691354,-85.57948095,226.5
34,34,39.24628105,-85.52854588,226.5
35,35,39.24562629,-85.47761244,226.5
36,36,39.24494927,-85.42668068,226.5
37,37,39.24424999,-85.37575068,226.5
38,38,39.24352844,-85.32482235,226.5
39,39,39.24278465,-85.27389601,226.5
40,40,39.19801894,-85.88594851,226.5
41,41,39.197521,-85.83504255,226.5
42,42,39.19700083,-85.78413789,226.5
43,43,39.19645842,-85.73323457,226.5
44,44,39.19589378,-85.68233265,226.5
45,45,39.19530691,-85.63143207,226.5
46,46,39.19469781,-85.58053313,226.5
47,47,39.19406649,-85.52963575,226.5
48,48,39.19341294,-85.47874,226.5
49,49,39.19273717,-85.42784594,226.5
50,50,39.19203918,-85.37695361,226.5
51,51,39.19131897,-85.32606296,226.5
52,52,39.19057654,-85.27517428,226.5
53,53,39.14579658,-85.88677229,226.5
54,54,39.14529956,-85.83590395,226.5
55,55,39.14478035,-85.78503691,226.5
56,56,39.14423895,-85.7341712,226.5
57,57,39.14367535,-85.68330689,226.5
58,58,39.14308956,-85.63244392,226.5
59,59,39.14248159,-85.58158258,226.5
60,60,39.14185143,-85.5307228,226.5
61,61,39.14119909,-85.47986464,226.5
62,62,39.14052457,-85.42900816,226.5
63,63,39.13982787,-85.37815342,226.5
64,64,39.13910899,-85.32730035,226.5
65,65,39.13836793,-85.27644924,226.5
66,66,39.09357374,-85.88759393,226.5
67,67,39.09307764,-85.83676312,226.5
68,68,39.09255939,-85.78593359,226.5
69,69,39.09201899,-85.7351054,226.5
70,70,39.09145643,-85.68427861,226.5
71,71,39.09087173,-85.63345314,226.5
72,72,39.09026488,-85.5826293,226.5
73,73,39.08963588,-85.53180703,226.5
74,74,39.08898475,-85.48098636,226.5
75,75,39.08831147,-85.43016738,226.5
76,76,39.08761606,-85.37935012,226.5
77,77,39.0868985,-85.32853453,226.5
78,78,39.08615882,-85.2777209,226.5
79,79,39.04135042,-85.88841344,226.5
80,80,39.04085523,-85.83762005,226.5
81,81,39.04033794,-85.78682795,226.5
82,82,39.03979854,-85.73603718,226.5
83,83,39.03923702,-85.6852478,226.5
84,84,39.0386534,-85.63445975,226.5
85,85,39.03804767,-85.58367332,226.5
86,86,39.03741984,-85.53288844,226.5
87,87,39.03676991,-85.48210518,226.5
88,88,39.03609788,-85.43132358,226.5
89,89,39.03540375,-85.38054372,226.5
90,90,39.03468752,-85.32976551,226.5
91,91,39.03394921,-85.27898926,226.5
92,92,38.98912661,-85.88923082,226.5
93,93,38.98863234,-85.83847477,226.5
94,94,38.98811601,-85.78771999,226.5
95,95,38.9875776,-85.73696654,226.5
96,96,38.98701712,-85.68621448,226.5
97,97,38.98643458,-85.63546375,226.5
98,98,38.98582997,-85.58471462,226.5
99,99,38.9852033,-85.53396705,226.5
100,100,38.98455457,-85.48322109,226.5
101,101,38.98388378,-85.43247679,226.5
102,102,38.98319094,-85.38173422,226.5
103,103,38.98247604,-85.3309933,226.5
104,104,38.98173909,-85.28025433,226.5
105,105,38.93690232,-85.89004609,226.5
106,106,38.93640897,-85.83932727,226.5
107,107,38.93589358,-85.78860972,226.5
108,108,38.93535617,-85.7378935,226.5
109,109,38.93479673,-85.68717866,226.5
110,110,38.93421527,-85.63646514,226.5
111,111,38.93361178,-85.58575323,226.5
112,112,38.93298627,-85.53504287,226.5
113,113,38.93233874,-85.48433411,226.5
114,114,38.93166919,-85.43362702,226.5
115,115,38.93097763,-85.38292163,226.5
116,116,38.93026405,-85.33221791,226.5
117,117,38.92952847,-85.28151612,226.5
118,118,38.88467754,-85.89085924,226.5
119,119,38.88418511,-85.84017756,226.5
120,120,38.88367068,-85.78949714,226.5
121,121,38.88313426,-85.73881805,226.5
122,122,38.88257586,-85.68814034,226.5
123,123,38.88199547,-85.63746394,226.5
124,124,38.8813931,-85.58678915,226.5
125,125,38.88076875,-85.5361159,226.5
126,126,38.88012241,-85.48544425,226.5
127,127,38.87945411,-85.43477426,226.5
128,128,38.87876382,-85.38410597,226.5
129,129,38.87805157,-85.33343934,226.5
130,130,38.87731734,-85.28277464,226.5
131,131,38.83245229,-85.89167029,226.5
132,132,38.83196076,-85.84102564,226.5
133,133,38.83144729,-85.79038226,226.5
134,134,38.83091186,-85.73974021,226.5
135,135,38.83035449,-85.68909952,226.5
136,136,38.82977518,-85.63846015,226.5
137,137,38.82917392,-85.58782238,226.5
138,138,38.82855073,-85.53718615,226.5
139,139,38.82790559,-85.48655151,226.5
140,140,38.82723852,-85.43591853,226.5
141,141,38.82654952,-85.38528724,226.5
142,142,38.82583858,-85.33465761,226.5
143,143,38.82510571,-85.2840299,226.5
144,144,38.78022646,-85.89247923,226.5
145,145,38.77973584,-85.84187153,226.5
146,146,38.77922332,-85.7912651,226.5
147,147,38.77868889,-85.74065998,226.5
148,148,38.77813255,-85.69005622,226.5
149,149,38.77755431,-85.63945378,226.5
150,150,38.77695417,-85.58885294,226.5
151,151,38.77633213,-85.53825363,226.5
152,152,38.77568819,-85.48765591,226.5
153,153,38.77502235,-85.43705983,226.5
154,154,38.77433462,-85.38646546,226.5
155,155,38.773625,-85.33587273,226.5
156,156,38.7728935,-85.28528192,226.5
157,157,38.72800024,-85.89328608,226.5
158,158,38.72751053,-85.84271523,226.5
159,159,38.72699896,-85.79214564,226.5
160,160,38.72646552,-85.74157736,226.5
161,161,38.72591021,-85.69101045,226.5
162,162,38.72533304,-85.64044484,226.5
163,163,38.72473401,-85.58988083,226.5
164,164,38.72411312,-85.53931834,226.5
165,165,38.72347038,-85.48875744,226.5
166,166,38.72280578,-85.43819818,226.5
167,167,38.72211932,-85.38764062,226.5
168,168,38.72141102,-85.33708469,226.5
0.000000
0.000000169,169,38.72068087,-85.28653069,226.5,0.000000,0.000000
0.000000
/n0.000000,,0.0000000.000000,,0.000000
0.000000,,0.000000
0.000000
0.000000
0.000000
0.000000
0.000000
0.000000,,0.000000
